output_new_topo_ddd_2/finaltopo_soil__depth.asc
ncols 300
nrows 100
xllcorner 0.0
yllcorner 0.0
cellsize 10.0
[rows 51 to 67 of 100, columns 222 to 258 of 300]
1.088627145732348062e-01 1.093611409347212265e-01 1.096689275125414809e-01 1.090051532083533836e-01 1.090731077393418263e-01 1.086846901944460986e-01 1.088526540193173742e-01 1.084702627325849766e-01 1.100224193071419609e-01 1.090243076752177159e-01 1.093399697617725708e-01 1.090878587900378505e-01 1.096175431787588250e-01 1.099603713208431172e-01 1.093218385661837849e-01 1.094464849507461868e-01 1.092035545141046282e-01 1.098878370364579082e-01 1.099414495965227445e-01 1.096715482847056555e-01 1.090151707559160327e-01 1.085964891388032233e-01 1.093643228570807813e-01 1.097350008661757692e-01 1.088736707359084233e-01 1.090807981420010980e-01 1.085868690548032617e-01 1.090748852271336278e-01 1.095261946789704011e-01 1.096939342441499293e-01 1.086555390597737647e-01 1.092329223577778036e-01 1.090898195673293825e-01 1.085352327945981882e-01 1.090383899092575715e-01 1.097814333533814746e-01 1.093308645148240443e-01
1.095116193662212245e-01 1.091790847251142005e-01 1.097647478896697087e-01 1.098848554977696762e-01 1.101822705575872946e-01 1.094652991232634709e-01 1.086830942168993674e-01 1.088573915522219188e-01 1.094631927779257663e-01 1.096227131457998549e-01 1.085565328775009858e-01 1.085246627250283091e-01 1.092030450085795384e-01 1.097877858778988913e-01 1.093201866699603092e-01 1.087299626632142191e-01 1.098756833350943013e-01 1.088355229959817039e-01 1.090949831354933591e-01 1.096030378237017322e-01 1.098700601917227404e-01 1.096651727955112454e-01 1.085723835814776800e-01 1.084497410123010097e-01 1.083626452588731665e-01 1.083331194384748869e-01 1.088515627668041053e-01 1.089042521101767635e-01 1.096464648437432826e-01 1.096934617817359459e-01 1.093239585911002926e-01 1.086790252974200732e-01 1.094625546033435592e-01 1.090171636953398554e-01 1.092564760704092253e-01 1.091967086257079472e-01 1.093259882214831502e-01
1.094744222455055899e-01 1.094411545696716281e-01 1.093404513826128910e-01 1.093702530573364556e-01 1.085167862796682647e-01 1.099271458249667932e-01 1.088369458196999928e-01 1.086779483164698745e-01 1.088699375885421178e-01 1.087037079641442472e-01 1.096998804469814792e-01 1.093187145002684907e-01 1.092645410343759949e-01 1.092570164256682352e-01 1.090655467296617193e-01 1.085981300679692008e-01 1.100668537466545499e-01 1.093843293091949359e-01 1.087396026582694991e-01 1.091242015105141072e-01 1.092511068946900726e-01 1.097898105149678616e-01 1.099742150528626450e-01 1.097133376805380645e-01 1.092238514011267814e-01 1.083228797745978134e-01 1.098949232790955438e-01 1.093301308087604035e-01 1.096598276904849900e-01 1.093965981504062407e-01 1.086857374514130642e-01 1.093894595518173363e-01 1.085840578808425216e-01 1.087185486257903344e-01 1.089247722809782160e-01 1.091634964924653312e-01 1.096191327595703036e-01
1.099864009378596630e-01 1.083182477482619172e-01 1.102266514566753453e-01 1.088841404875105917e-01 1.085580212200885769e-01 1.093043102280858020e-01 1.084969879464672965e-01 1.086005776144095408e-01 1.085508342684439881e-01 1.094332824134748583e-01 1.092320251368143896e-01 1.096811353413063989e-01 1.094901662080468574e-01 1.097668374885991532e-01 1.085358878901037105e-01 1.088321861112455935e-01 1.097296788521630317e-01 1.099098262144245636e-01 1.085489476119402552e-01 1.092221925469520072e-01 1.087114330042239091e-01 1.097443409930630720e-01 1.090239483342027998e-01 1.089107701110154924e-01 1.099246598261117980e-01 1.083249279885729471e-01 1.095458723370135029e-01 1.094056313756929522e-01 1.097934185440474775e-01 1.089874186441577159e-01 1.092577036366449567e-01 1.091709563241012176e-01 1.088896918836940453e-01 1.095913606035588406e-01 1.097703125452664380e-01 1.098875939385842715e-01 1.099436451996849140e-01
1.091671764954562640e-01 1.089166977966715549e-01 1.090992755496039135e-01 1.093785758630734795e-01 1.083259869637794304e-01 1.083355927123377249e-01 1.092946830594369034e-01 1.098797341402700245e-01 1.085540295712125458e-01 1.088555957738792934e-01 1.088527991891478780e-01 1.094589493636916044e-01 1.095538491624232641e-01 1.086342234838600929e-01 1.094529971348719571e-01 1.095105624205774952e-01 1.094731648906079324e-01 1.090131933735068864e-01 1.099612119939916560e-01 1.084695305949521793e-01 1.083095811055840713e-01 1.084226326451587091e-01 1.092594754821475389e-01 1.089728650344896910e-01 1.089666772273602258e-01 1.083614125098542325e-01 1.085975501586032427e-01 1.087921220873453304e-01 1.095390233791129764e-01 1.101469560983890927e-01 1.091910521564013331e-01 1.095098913558484321e-01 1.098834454307231340e-01 1.095276991755710222e-01 1.093811902753093757e-01 1.094855123132671137e-01 1.094806275429258263e-01
1.092019357219310288e-01 1.091898006434219304e-01 1.084408696827924290e-01 1.083285640214996515e-01 1.093066331783719980e-01 1.094285471531280945e-01 1.089731440845716631e-01 1.096119588479790574e-01 1.089172313615691112e-01 1.085544298300603061e-01 1.090446518716233354e-01 1.091373322771611865e-01 1.086375829900536882e-01 1.094055424400558474e-01 1.091080894274226304e-01 1.098749588150911838e-01 1.094114091598402255e-01 1.100899492948836378e-01 1.093699058783396405e-01 1.093911398115929717e-01 1.095229508280415320e-01 1.096756640774127628e-01 1.084278768995721037e-01 1.082454028093660786e-01 1.083398698416139783e-01 1.088057442760451132e-01 1.085972497336083892e-01 1.090878547786909847e-01 1.093991759390068319e-01 1.095625802456030445e-01 1.092117363536622837e-01 1.096262311914833476e-01 1.099754484141498151e-01 1.093043605535182206e-01 1.087336430531924969e-01 1.090995395215994812e-01 1.100714333484635737e-01
1.097865403588006439e-01 1.091341111538334935e-01 1.096147682929749234e-01 1.088001494265665309e-01 1.089073103792731062e-01 1.097097295639302833e-01 1.099232996717801475e-01 1.090788408083590844e-01 1.086621051026694790e-01 1.082264105617649907e-01 1.083726644049524818e-01 1.085231885709459915e-01 1.097138049352496536e-01 1.100325603031500066e-01 1.094498648831393750e-01 1.091484503470008249e-01 1.097392418082027837e-01 1.091276957067746634e-01 1.093169788679517612e-01 1.101499422460114341e-01 1.091960737532490233e-01 1.097415107253561228e-01 1.095290899495771353e-01 1.092783627579735212e-01 1.083227459630939776e-01 1.096920416519800157e-01 1.091847369317515692e-01 1.091183515970434031e-01 1.089482044206755013e-01 1.090591241042994652e-01 1.092450696805095101e-01 1.095849609680295683e-01 1.085727884229621965e-01 1.085366440641739455e-01 1.091227747435355860e-01 1.093717903305878453e-01 1.094620987157396280e-01
1.093020228167996682e-01 1.099404183950638131e-01 1.088300830590691465e-01 1.092063837495669265e-01 1.100056526509188004e-01 1.090672593174623617e-01 1.097280205952156085e-01 1.092299316240751134e-01 1.096592859979776818e-01 1.084263977151037617e-01 1.092329999554862568e-01 1.095376522671017705e-01 1.099695082518952205e-01 1.091218355532477813e-01 1.093901255771106557e-01 1.099612918047049165e-01 1.089127254006341528e-01 1.085397591601881956e-01 1.091790220878688933e-01 1.088173575112141994e-01 1.093723061304041483e-01 1.095711235795798627e-01 1.097237494831241195e-01 1.092455243814085403e-01 1.084136318072129734e-01 1.092881626200333384e-01 1.094095580121234867e-01 1.094649042545150774e-01 1.093966538641089614e-01 1.091961151357649928e-01 1.093086706131820157e-01 1.086742356912437785e-01 1.096869786045158446e-01 1.096354139022624880e-01 1.093153487453530776e-01 1.094175398880890965e-01 1.088582897854999260e-01
1.088742908508553153e-01 1.097977457185902728e-01 1.094134391182944449e-01 1.096027699494005747e-01 1.090589734271673328e-01 1.097416559453947560e-01 1.092430606091656931e-01 1.089693395134693904e-01 1.095305781875489520e-01 1.085591045930221904e-01 1.092474652161347648e-01 1.098236199173416028e-01 1.091052430547170965e-01 1.087767146230741444e-01 1.099001151685079086e-01 1.093915787105663728e-01 1.085349559351379417e-01 1.091577067302372389e-01 1.084875653889051245e-01 1.083909275880072243e-01 1.092542596730469440e-01 1.092506606554035087e-01 1.090731914121852858e-01 1.085898544639504887e-01 1.087537177660525683e-01 1.091884609890730051e-01 1.096010043496287445e-01 1.088870334882507951e-01 1.095875734069275548e-01 1.092377183545020780e-01 1.086000721470787855e-01 1.090677315679621229e-01 1.097334431775726649e-01 1.087761507268682204e-01 1.096075144008453323e-01 1.086618848291565353e-01 1.089593733751465926e-01
1.084579556757192392e-01 1.095917397788995634e-01 1.095426369743254247e-01 1.088227041783775412e-01 1.087413795847826103e-01 1.097151593703432071e-01 1.093654089086601167e-01 1.092485844575047937e-01 1.086070721175082243e-01 1.087484229936762498e-01 1.085644381751120352e-01 1.096388338350015590e-01 1.084750145802428345e-01 1.091995893013524566e-01 1.099838613301382245e-01 1.086120953216783980e-01 1.099474945291849109e-01 1.089383725809983106e-01 1.091102954810236753e-01 1.091381355871090114e-01 1.082943213814627631e-01 1.083006244038380306e-01 1.084592564734992437e-01 1.087625315142220217e-01 1.085717985297634525e-01 1.087990367545436099e-01 1.084290598316214327e-01 1.083859795096322048e-01 1.088860189952932656e-01 1.085792410134863717e-01 1.089573144553889067e-01 1.085733755066464190e-01 1.095604601928434479e-01 1.093370116080909782e-01 1.086513782819516633e-01 1.098957772333590266e-01 1.095585985135962420e-01
1.089738117093789066e-01 1.086375069867877852e-01 1.093003299315513516e-01 1.091276164318363551e-01 1.085422490756271091e-01 1.097993984901459164e-01 1.092553454122717344e-01 1.091431939611693658e-01 1.090733634936104646e-01 1.097672890974314558e-01 1.084297890024345234e-01 1.088174582858128236e-01 1.085301090035766525e-01 1.097050964914379895e-01 1.094023945153702049e-01 1.098242774680828759e-01 1.095383504871882963e-01 1.092822076923920527e-01 1.098663236697225848e-01 1.093543126207013327e-01 1.083029611747274856e-01 1.090031560116264953e-01 1.098493064947851511e-01 1.095847185258124884e-01 1.094751301378541486e-01 1.085385989692641967e-01 1.093671764910967986e-01 1.092158195262364490e-01 1.085705471104829595e-01 1.089284850072431560e-01 1.092877449073854923e-01 1.094424915961909606e-01 1.084890482702497994e-01 1.084141433917526626e-01 1.096333475013250985e-01 1.097223237658338929e-01 1.093064027301274416e-01
1.085994199315770126e-01 1.090510962635783954e-01 1.084199229550780325e-01 1.083908167252330829e-01 1.084140868399727786e-01 1.092729963302810914e-01 1.091658640712053763e-01 1.097918557340364365e-01 1.100807261772904361e-01 1.090293413575345038e-01 1.084501685657071751e-01 1.084474125771621583e-01 1.092775773003160228e-01 1.086097377626017713e-01 1.089466843322547396e-01 1.100995803728729849e-01 1.095186835082818527e-01 1.097035494330187017e-01 1.093352040949821941e-01 1.098840447607826454e-01 1.084553196014778065e-01 1.091959031268958935e-01 1.094111193946863125e-01 1.092358151131504196e-01 1.095139351422125817e-01 1.095789943925858378e-01 1.098221006667690347e-01 1.089625086689497424e-01 1.089221072013104447e-01 1.085677985767339315e-01 1.102450101106453445e-01 1.089972275840773303e-01 1.097398390104116772e-01 1.085147322614493509e-01 1.094616439356057569e-01 1.090565715097146227e-01 1.088304111640185368e-01
1.091616923495051239e-01 1.092866242657984932e-01 1.086129524983947131e-01 1.092965328725251650e-01 1.090039563811525114e-01 1.086368329294474799e-01 1.090603702003212772e-01 1.092841859099508428e-01 1.085642644609663005e-01 1.085673725840990561e-01 1.091114823969932673e-01 1.089130814765405103e-01 1.098715080031237995e-01 1.097402687352566492e-01 1.095847623509819818e-01 1.092591106927105760e-01 1.102252930075932752e-01 1.088446343823873258e-01 1.086930899202903644e-01 1.089840205990740690e-01 1.086378225342454207e-01 1.085006560953134802e-01 1.086027377394239990e-01 1.092285215912855573e-01 1.097141393576634427e-01 1.098471321909237769e-01 1.088907216512810944e-01 1.084208053492560081e-01 1.084357753871312835e-01 1.087316467172609880e-01 1.093896455248038191e-01 1.096619682736012513e-01 1.094247215629597508e-01 1.097801004774665440e-01 1.084772918753839355e-01 1.084926755096065065e-01 1.088243985101063765e-01
1.085855684010088168e-01 1.087074171208614326e-01 1.096386988553322006e-01 1.094384026209897914e-01 1.088715148907017788e-01 1.091798299672897682e-01 1.085175721312170438e-01 1.085710449814809020e-01 1.085511580271532051e-01 1.093206310992804603e-01 1.095301383661030359e-01 1.095927368933053564e-01 1.096208714226349357e-01 1.091807566586243117e-01 1.097474355172162741e-01 1.096199881125197728e-01 1.091331533975600510e-01 1.095103353592184192e-01 1.092361973598516695e-01 1.083735876596060160e-01 1.084932912775848773e-01 1.089436081863593142e-01 1.094680182751071734e-01 1.099212054317773718e-01 1.100863085943472736e-01 1.092638390903780538e-01 1.084399468436195307e-01 1.094567523396151876e-01 1.095566798071190839e-01 1.085600852961304680e-01 1.092374996333405068e-01 1.098256952161451583e-01 1.091154627969920243e-01 1.091190832059936722e-01 1.091516710420058350e-01 1.097397004514095720e-01 1.098853760917198052e-01
1.095418466763712351e-01 1.098087716647299650e-01 1.088232480649317380e-01 1.096634449359807501e-01 1.094951126071262160e-01 1.098048073815878489e-01 1.096628797982907577e-01 1.090492387956710219e-01 1.084865191047623689e-01 1.085980925793916391e-01 1.089209460867431728e-01 1.097964266991071219e-01 1.093609076867038121e-01 1.091016554077001849e-01 1.087330118483836872e-01 1.092193856492316845e-01 1.097481454181835209e-01 1.100986526723870540e-01 1.090405050420447525e-01 1.083013029608905775e-01 1.087359246544523511e-01 1.087809154300659609e-01 1.090353014179832603e-01 1.095588976144439564e-01 1.087880258958491136e-01 1.096736938347035450e-01 1.083621650531701591e-01 1.091542972802057587e-01 1.100074566483078969e-01 1.093255230328490646e-01 1.085802367363126186e-01 1.093372027411856906e-01 1.090239259242649639e-01 1.096922219657603947e-01 1.098443960072290615e-01 1.097650351711228628e-01 1.093107582858735549e-01
1.096041661767636621e-01 1.093431284345137144e-01 1.091701919324999104e-01 1.089995056002080465e-01 1.095355647205052407e-01 1.097903716005324548e-01 1.096654021882381702e-01 1.090897503107843003e-01 1.084352456547908877e-01 1.096782252572984923e-01 1.093117388571519383e-01 1.090537667425174329e-01 1.102298240014136232e-01 1.085957979938666773e-01 1.095049936417474001e-01 1.094826682177796329e-01 1.094818699726843314e-01 1.087156296924995103e-01 1.098639958381750215e-01 1.084569547609530588e-01 1.092209194313302767e-01 1.091156425140732966e-01 1.087353885146599142e-01 1.086938897550738664e-01 1.100596381044699063e-01 1.092850195267868196e-01 1.086575299843522552e-01 1.094703323214862023e-01 1.095623158307822698e-01 1.090330445460413467e-01 1.087311942108524221e-01 1.085843744339439615e-01 1.095050550995660399e-01 1.097923984349587212e-01 1.091322334732554994e-01 1.090369121059030083e-01 1.103193006246418473e-01
1.085537544671272281e-01 1.083691568701525415e-01 1.084674419133059980e-01 1.093346889741067668e-01 1.086572161892588595e-01 1.091396757476633533e-01 1.085727894860027548e-01 1.084314113245486572e-01 1.083096080208588580e-01 1.098587125467490044e-01 1.095158993172325596e-01 1.098948510228204833e-01 1.089957101356156949e-01 1.096733204000394646e-01 1.086178290499725252e-01 1.093356877378723752e-01 1.087163089373572727e-01 1.099000118444411617e-01 1.092380195981193652e-01 1.086858035363208463e-01 1.084773751401279657e-01 1.102311743062456967e-01 1.087207516459611778e-01 1.093273832633650661e-01 1.099058494280681225e-01 1.085412530587146346e-01 1.096774656743423337e-01 1.091847193972724367e-01 1.096818105983181912e-01 1.094952395797818973e-01 1.084059946859081969e-01 1.090602621115434046e-01 1.087211404408725546e-01 1.095146439021486978e-01 1.086341380623099540e-01 1.098083107458762975e-01 1.096233055280304430e-01
