output_new_topo_ddd_2/finaltopo_bedrock__elevation.asc
ncols 300
nrows 100
xllcorner 0.0
yllcorner 0.0
cellsize 10.0
[rows 34 to 50 of 100, columns 222 to 258 of 300]
3.908721751975592440e+01 3.793989726664662498e+01 2.401210964163184869e+01 3.718154457287147352e+01 3.460508693884398213e+01 4.848516280445796411e+01 3.976046050448515956e+01 3.976644924968490358e+01 2.778380145355939845e+01 4.161259214466794276e+01 4.973876173407678181e+01 5.795762514569277357e+01 5.951980071453160548e+01 6.250144617845190709e+01 5.079336924741537729e+01 6.125889944513696150e+01 5.703438247602603894e+01 7.108796408977249826e+01 7.326874448953955721e+01 6.630844325816113383e+01 5.297038589396389341e+01 5.139728372297230408e+01 4.820514373071794978e+01 4.548129243892222462e+01 4.743535415135507805e+01 5.301661866172435822e+01 5.316725451912371625e+01 4.349543110659793399e+01 2.956626795295422383e+01 4.355181239040209817e+01 4.930498091192905008e+01 4.491251567772356879e+01 4.513275446670865421e+01 3.462304564213251723e+01 4.756014725109452712e+01 5.044126918745546106e+01 3.795546725126106224e+01
4.476404815082127442e+01 4.395415116910299247e+01 3.717990893647922945e+01 2.334342402683048334e+01 3.655396131263330517e+01 4.257050458253375780e+01 3.782549050695358517e+01 2.580712777230927202e+01 3.963095983159433189e+01 3.334562152903674104e+01 3.848890350348911227e+01 4.537505187205703550e+01 5.520556630135577336e+01 6.911935410001629521e+01 6.510151865216238320e+01 7.054592199197860225e+01 7.117003959767366439e+01 7.678283577432631546e+01 6.769653767040963999e+01 5.336044159101057005e+01 4.647961107916651002e+01 4.168291036789175052e+01 3.848617549576312058e+01 3.572654427952815581e+01 3.316783553120781391e+01 4.366507152369445066e+01 4.166662158327115861e+01 3.925020801027934425e+01 2.708715658920731073e+01 4.099921943898294785e+01 3.540072838761014395e+01 3.558665962508698044e+01 3.115265047354287375e+01 2.776734054397899243e+01 3.661806606127094454e+01 4.239954949608773660e+01 3.709277676923208134e+01
5.053993556611347060e+01 4.620734219987491542e+01 3.204592221481680525e+01 3.651036514466230187e+01 2.267913673038561484e+01 3.574222075736672366e+01 2.388930216934876327e+01 3.363685868550190605e+01 4.566878010177374136e+01 4.317337624002130525e+01 4.721235377986526771e+01 5.839695083330398262e+01 6.519846369183517254e+01 7.311849410352036216e+01 7.269176064015039174e+01 6.724957153097901141e+01 7.284135767158905139e+01 7.963951485061275548e+01 7.334886209672677637e+01 6.028074136953735973e+01 5.296875803706644348e+01 5.566014351289035744e+01 4.642392782404333218e+01 4.970191166383909831e+01 4.364343262258053358e+01 2.971372817033109826e+01 2.747967915293628138e+01 2.533829578761059409e+01 2.469658241695411505e+01 3.860901685162912855e+01 3.498964359041709571e+01 2.150244201309096681e+01 3.501384552617919610e+01 2.222674559494757673e+01 2.248181556388946589e+01 3.615488155057871467e+01 2.320872063594637780e+01
5.756027095912842384e+01 5.218045423169927233e+01 4.181776268613570835e+01 4.238019462827735850e+01 3.579933488589255575e+01 2.201788509901169277e+01 3.583225603074217247e+01 4.379463964423977274e+01 5.341197882146217779e+01 5.731208219031633888e+01 6.120654284047635230e+01 6.500460784744629450e+01 5.968000331375264977e+01 5.929763528909255399e+01 6.573116878548695752e+01 5.297935448190209229e+01 5.997496279158259824e+01 7.400097804155799963e+01 7.988646218418618616e+01 7.310812278167570355e+01 6.725623874307738959e+01 6.632504542082182297e+01 6.051243456221830996e+01 5.752776445044227671e+01 4.362428312597037205e+01 4.370657046860780071e+01 4.138935127173920137e+01 3.610878741164852102e+01 2.238363409434885298e+01 3.443378912358973309e+01 2.114064177977012449e+01 3.481134467725162551e+01 2.186481478049289962e+01 3.561905902122854428e+01 3.635587910167121350e+01 2.284438497942991120e+01 3.661754850124573579e+01
6.497032002317733657e+01 6.153200477319748529e+01 4.990411376777587549e+01 3.569366924896392135e+01 2.769681184387402695e+01 2.158130285919308733e+01 2.715333361511045140e+01 4.129601160408939364e+01 5.053868181036808949e+01 6.428829536380068532e+01 5.955045378567415071e+01 5.372780855182261206e+01 4.548149726639231716e+01 5.171577545247394880e+01 5.437562057106222824e+01 4.611700770433387220e+01 5.402367816870695094e+01 6.812512303692528803e+01 7.738815270458988493e+01 8.579511231921590309e+01 8.003554130693535740e+01 7.437048199938075754e+01 6.452694040022136335e+01 5.636783571527192294e+01 5.026691436365119614e+01 4.544872412251634586e+01 3.873472772476916504e+01 2.476574733572053688e+01 3.442906521162436206e+01 2.078012664064899084e+01 3.465424863894359930e+01 4.085819273937548246e+01 3.611141423358793645e+01 3.312213290088468653e+01 4.270797654511910224e+01 3.702871989836531696e+01 2.966004872125250813e+01
5.388630242921267666e+01 5.963377769977815746e+01 5.569663861521103598e+01 4.741408019757311365e+01 3.514427507673913453e+01 2.114791677552958404e+01 3.505059875284714366e+01 3.680426258057859457e+01 5.078909065363803421e+01 5.960446783305704344e+01 5.164399694451368106e+01 3.955691478830613761e+01 3.939051679726843247e+01 3.762143903857533900e+01 4.033825286317012626e+01 4.444867641922503054e+01 5.055114566501132600e+01 5.743216430706819153e+01 7.170977707873245777e+01 8.024209946476736377e+01 6.654378453734858567e+01 6.060932553905652753e+01 5.863463040339526344e+01 4.436338859825539060e+01 3.632043732036254369e+01 3.149492875358772537e+01 2.719160130654976015e+01 3.858982379811180863e+01 3.469525419856981330e+01 2.053216843870717057e+01 3.407252708040518030e+01 4.014647581243838914e+01 4.885284077609843223e+01 4.718325145647479957e+01 5.272913161679756655e+01 4.943030438790528791e+01 3.651883996442777658e+01
3.968278476596250215e+01 5.165232581200961448e+01 5.599800070046354250e+01 4.312677328652089415e+01 2.872091496423755785e+01 2.071371965973521156e+01 3.401596536719695507e+01 3.991253145257046242e+01 3.999321179854637620e+01 4.865397141269872350e+01 4.281544526721020816e+01 3.159631507546058060e+01 3.392409312618181616e+01 4.781813809297286610e+01 5.431391778782353441e+01 5.849007881869636094e+01 5.428807123664446976e+01 6.864520091370563648e+01 7.720231083917299486e+01 7.482954772929429055e+01 6.072562189584822079e+01 5.280126295182643759e+01 6.051747692141745461e+01 5.623726842233200784e+01 5.033455120610103961e+01 4.304043705003743270e+01 2.907923789948585735e+01 4.300258668039899135e+01 4.055163848341953781e+01 2.988605285594381655e+01 2.018099198403979599e+01 2.948359827879255235e+01 3.986407971090676483e+01 4.336097347769742072e+01 4.934602528555110723e+01 5.602190121361051922e+01 5.074081757441435059e+01
3.173141958193447820e+01 4.267830806040655744e+01 4.244025505406729337e+01 4.854834407901903859e+01 4.069026390030899876e+01 3.394034320840795971e+01 2.010016699963237130e+01 3.413916122325250058e+01 3.023968360355171470e+01 4.187881747941413835e+01 2.873458566545750159e+01 4.256420892012609158e+01 4.783858383173924977e+01 4.362478711567758438e+01 5.336557504500793669e+01 6.720409588882883156e+01 6.868148379593873187e+01 7.488806801997581886e+01 8.152558226152703469e+01 7.599194971679469290e+01 7.226296981428039601e+01 6.073767781557093315e+01 4.675835669572859388e+01 5.575688831773241816e+01 5.011680637115417625e+01 4.490523187899290036e+01 3.103141084285838502e+01 4.516604512326184562e+01 4.957621723336356467e+01 4.014421823350280505e+01 3.366387707579954736e+01 1.982961366584340368e+01 3.330260410304419594e+01 2.924997926792540781e+01 4.339500433335081198e+01 4.798409752626338332e+01 5.296892222696122587e+01
3.967076440500778745e+01 2.871115318256972060e+01 3.845925651113331867e+01 5.220487898956339734e+01 4.351881777404773288e+01 2.947808340934269467e+01 1.966831198967651062e+01 3.330557242458326073e+01 2.228530380770493124e+01 3.605161980425840085e+01 2.679376716190628827e+01 3.661907489994754883e+01 5.067133791325922232e+01 5.739953418007963393e+01 5.660086620060350526e+01 6.248723790163877823e+01 6.859872051811474591e+01 7.644540058671502436e+01 7.608141022174763179e+01 6.205241414878877038e+01 6.624103935873124271e+01 5.706471732255354112e+01 4.301077116554495205e+01 4.991195219269191341e+01 3.610881573892228147e+01 3.394435269028240754e+01 4.508541831768472719e+01 5.095660191368057212e+01 5.376493369969865199e+01 4.001472355359413768e+01 3.031561991877675055e+01 3.266319801187785998e+01 1.947807926184986371e+01 3.338958505651859809e+01 4.120520301946164921e+01 3.383959632017010222e+01 3.898776127195236541e+01
2.588193792061351317e+01 3.969939079930068715e+01 4.351240659305303637e+01 4.589572346212119669e+01 3.879452275311247433e+01 3.251546641577210295e+01 1.923803940180675554e+01 2.047655235528422679e+01 3.407204763354546628e+01 2.414136432502241192e+01 2.599894195294808341e+01 3.992325892259587050e+01 4.861141222143844942e+01 4.970462402355637010e+01 4.251128584771671370e+01 4.861841163580662339e+01 5.657027115665358963e+01 7.078899292422741496e+01 7.610754995729548966e+01 6.214325301465619589e+01 5.239381155723347661e+01 4.831705436677966503e+01 5.314418146559666667e+01 3.939898290994711516e+01 4.997535500176223877e+01 4.379281872012552412e+01 5.360032029941550746e+01 5.116608664817274388e+01 4.552772541968894160e+01 4.278140158215638422e+01 2.888030950638485805e+01 1.912919381029503185e+01 3.277103634491634665e+01 2.401785449430132857e+01 2.741636197593811275e+01 3.536415957553625589e+01 4.945173668449454141e+01
2.398705893702533487e+01 3.528377991951395387e+01 2.959510738171265132e+01 3.192627314222023216e+01 3.199453424527582257e+01 1.866137923503241680e+01 3.243062021087195035e+01 3.452097590952813277e+01 3.021131194928264563e+01 3.825307459770992580e+01 3.995205025480922956e+01 2.872101824798652814e+01 4.254893556148299893e+01 3.568922208115530026e+01 4.123247625091572388e+01 4.733013723956639751e+01 5.528831802360301850e+01 6.960328304810026623e+01 7.967381753219522977e+01 6.607694096030580511e+01 6.621083218558797512e+01 6.228105050598191639e+01 5.325428337022236747e+01 5.355581406411329937e+01 5.898829039958086184e+01 5.777375003134824993e+01 5.527332048307441426e+01 4.120104892260352614e+01 3.133121826683981226e+01 3.658981929104397324e+01 3.233023507672702124e+01 1.888291445436924576e+01 3.295568594676867491e+01 3.812194568791342419e+01 4.157172547729984302e+01 4.747482638324820670e+01 5.546379648622633596e+01
3.537361067074967025e+01 2.147844817956473662e+01 1.981220591690620125e+01 3.113559262493889435e+01 1.808414954928452900e+01 3.192760472191518417e+01 2.841541499692956307e+01 4.236915061041811725e+01 4.005091666557742514e+01 5.003248172265300298e+01 4.878406067454903905e+01 4.268757531450472698e+01 3.158337451403407314e+01 4.536742137633293481e+01 4.357763815083216485e+01 5.752730504950119439e+01 6.719485686404004809e+01 7.497658254201394357e+01 7.269222326331117756e+01 6.671481379902890296e+01 6.100620095928304210e+01 6.649837276371746952e+01 6.694076888975918393e+01 5.831745319843275155e+01 5.263338277406784016e+01 5.813997838320003098e+01 5.762595844921917632e+01 4.651394218038114303e+01 3.245582818965694116e+01 2.263903734605242946e+01 1.853447581608278583e+01 3.176269896606561360e+01 3.200147855319305989e+01 4.579498234415340363e+01 4.815420385073232978e+01 5.405314348127387802e+01 6.038341817926876587e+01
3.118150558410891549e+01 3.539225576545354812e+01 3.139494454142383972e+01 1.750950920095960228e+01 3.141442189894917547e+01 3.808819368203645439e+01 4.251977791888254643e+01 4.857689014154557583e+01 5.407037696139231286e+01 5.882395278142874417e+01 5.810130363756441341e+01 4.427194328874605134e+01 3.452294891946050370e+01 4.244928592867624673e+01 5.631526272206398431e+01 5.330725667177487992e+01 6.744700989014151560e+01 6.865192062638406867e+01 5.857877186687632332e+01 5.967510149252305496e+01 4.670916709678117940e+01 5.966695677457590108e+01 5.839846160763647021e+01 5.130332981411440585e+01 3.829379102699734005e+01 4.898057564131275399e+01 4.392105290637780968e+01 4.410031779085229431e+01 4.228674859003244535e+01 3.657871661946888509e+01 3.149220284514531798e+01 1.818586788375908725e+01 3.233931932357186412e+01 3.843545550384018128e+01 3.419922665179531407e+01 4.823622599919551135e+01 4.903567150663273111e+01
4.506055261058741479e+01 3.754492080343140259e+01 3.102504933363016093e+01 1.711776191007736969e+01 3.125950561733960242e+01 3.992047331536504373e+01 4.599009740085776343e+01 5.537777380375998604e+01 5.482194531472327270e+01 4.504652380815060297e+01 5.500108526981598089e+01 5.201792752835124389e+01 3.800977940896178353e+01 5.211015055258433648e+01 6.249551059901345695e+01 6.749452309955655949e+01 7.279462870510214145e+01 6.198305879600880530e+01 4.872111407376201697e+01 5.376943252552049302e+01 3.981306575680977744e+01 5.383412606612355944e+01 5.251997067339080871e+01 3.827639853250770585e+01 3.139865321115885166e+01 3.507160063467483724e+01 4.379831341671963685e+01 3.011293226175691728e+01 3.543569534563494727e+01 3.196910582911537446e+01 1.783821441858352230e+01 3.167435635344181222e+01 3.540954257268980143e+01 2.447898159809329854e+01 3.832231220243146907e+01 4.350570152286001502e+01 3.498793792388695323e+01
3.885113250944213803e+01 3.158192334853673700e+01 1.755665556102654179e+01 1.672712054719528041e+01 2.997762578931194000e+01 2.597767212717716845e+01 4.014836113581863231e+01 4.164354545470353486e+01 4.202590939033712658e+01 3.521336834931251758e+01 4.951439933142565764e+01 5.586517214068192061e+01 4.191824333038833572e+01 5.597878067013002124e+01 6.879527231717867153e+01 7.646655291399559928e+01 6.497497313189097667e+01 5.593293604929047547e+01 4.184323812190510239e+01 4.917237269162352220e+01 3.527921627970645346e+01 4.943997476329506213e+01 5.784481779847235572e+01 4.911891056586481596e+01 3.507092086809163334e+01 2.531461256758748846e+01 3.465643609147289794e+01 3.528431629274593462e+01 2.146911230059728126e+01 3.142256000800736615e+01 1.759391147413507284e+01 3.124403661024361156e+01 2.169834572701363840e+01 3.548735961363298230e+01 2.747604539428732906e+01 2.964950524689556843e+01 4.352042213883586896e+01
3.273727929194801334e+01 1.874397616160315749e+01 3.145592431254321042e+01 3.004367240051004018e+01 1.622674424638642776e+01 3.034762324190541349e+01 4.209961995611842411e+01 3.661693479840776888e+01 2.791855724962631768e+01 4.212135189919234790e+01 5.491465005268634059e+01 6.138196488709776588e+01 5.590854375658267372e+01 4.917509169843638261e+01 5.709298487960081303e+01 7.094814659867859064e+01 5.905820548358278899e+01 4.469625464556413164e+01 3.667843606923720046e+01 4.459451824106328388e+01 3.136039982427544004e+01 4.539639592230521714e+01 5.398023393432419681e+01 5.290914444687646778e+01 3.905893471145838447e+01 3.459219616053498925e+01 2.064072717078612840e+01 3.003705164719850629e+01 1.666375998851853524e+01 3.025470175574750087e+01 1.734968333192956891e+01 1.903025820226588039e+01 3.286408317015481373e+01 4.144495322700421980e+01 4.167676111644377812e+01 4.362306025273976928e+01 3.376698223549435340e+01
1.994196050796668374e+01 3.276150814733609451e+01 3.843178403988468972e+01 2.995942161708439500e+01 1.587314686578339540e+01 2.928090317545729704e+01 3.510150525302017854e+01 2.257331330267337322e+01 3.657531334412193047e+01 4.757870664145037409e+01 4.774139966249351374e+01 4.930849057372683575e+01 5.509766938979304740e+01 6.306237208396906624e+01 6.874327200539781302e+01 6.687325033179944000e+01 6.160692491345154309e+01 4.752654163829888745e+01 3.771133937345425124e+01 3.085741868758380591e+01 2.773357056436092449e+01 3.419508577712646513e+01 4.438985738070166320e+01 4.530895105562414926e+01 3.946451643989033897e+01 3.587769668237642406e+01 2.971661882478519345e+01 1.632164444072911280e+01 2.999340044624744195e+01 1.700598294469122962e+01 3.066444306048428459e+01 3.289866121479368388e+01 2.512159463249955849e+01 3.925657693498734346e+01 5.175421725778141280e+01 5.351642286207283661e+01 4.785352778737617996e+01
