output_new_topo_ddd_2/finaltopo_topographic__elevation.asc
ncols 300
nrows 100
xllcorner 0.0
yllcorner 0.0
cellsize 10.0
[rows 34 to 50 of 100, columns 222 to 258 of 300]
3.919631398817542589e+01 3.804910146823775818e+01 2.412076361977603511e+01 3.729054146340762088e+01 3.471398067462437353e+01 4.859426519880415185e+01 3.986975304807769049e+01 3.987575151484421809e+01 2.789229482394936710e+01 4.172158419148960462e+01 4.984810242150908266e+01 5.806647305945524806e+01 5.962914371113384249e+01 6.261070447479059453e+01 5.090246427738261303e+01 6.136814303705978801e+01 5.714315520992347786e+01 7.119749156344218477e+01 7.337848203798534996e+01 6.641805072969886226e+01 5.307951194962588914e+01 5.150619984771333293e+01 4.831407143801826010e+01 4.559031272139269930e+01 4.754551383912391316e+01 5.312623707770543291e+01 5.327628401924145862e+01 4.360478819509913961e+01 2.967480382313607024e+01 4.366130308052350273e+01 4.941426784686865403e+01 4.502146335817912615e+01 4.524222144537502999e+01 3.473188535115547637e+01 4.766965361200483642e+01 5.055020672859213704e+01 3.806517322437405682e+01
4.487345549125616628e+01 4.406376995299056887e+01 3.728890201170089114e+01 2.345208368263899956e+01 3.666305269168367431e+01 4.268005238159477699e+01 3.793473686424077584e+01 2.591563787390328955e+01 3.973993883757771783e+01 3.345412005020317991e+01 3.859737615306794822e+01 4.548392799870807579e+01 5.531474212115858791e+01 6.922854642649835455e+01 6.521164612773166880e+01 7.065524077608907305e+01 7.127975801449446180e+01 7.689215040664666390e+01 6.780688475506340751e+01 5.346942250833520660e+01 4.658811242975007616e+01 4.179140875698112012e+01 3.859455751892928532e+01 3.583496288218172054e+01 3.327640644916661472e+01 4.377447623574733626e+01 4.177658601566542984e+01 3.935951619479106256e+01 2.719555409240735599e+01 4.110853274430058946e+01 3.551000048267475506e+01 3.569636740667407793e+01 3.126132122722043505e+01 2.787583085711759878e+01 3.672790018560103675e+01 4.250926172639945833e+01 3.720200888023931896e+01
5.064929325380672509e+01 4.631710892911099364e+01 3.215473214207461439e+01 3.661935208347865256e+01 2.278779911168036421e+01 3.585096122797948226e+01 2.399781107241767941e+01 3.374574432957061276e+01 4.577828627384815974e+01 4.328254422798299572e+01 4.732144588360558402e+01 5.850653753932162715e+01 6.530790443473642881e+01 7.322745158000400068e+01 7.280096356572320815e+01 6.735956668466332076e+01 7.295081071623158664e+01 7.974863395556729984e+01 7.345873514362699552e+01 6.038981911803681868e+01 5.307788447858510494e+01 5.576963931157281706e+01 4.653289710078936281e+01 4.981138637685811688e+01 4.375278579411273938e+01 2.982228610431367244e+01 2.758811397912437258e+01 2.544670622156886708e+01 2.480484964466377917e+01 3.871832866544672669e+01 3.509879103965224090e+01 2.161102920411739703e+01 3.512218328786926236e+01 2.233510635575888159e+01 2.259027317691507619e+01 3.626361073720301675e+01 2.331730449587591281e+01
5.766987446419791041e+01 5.229039912131662504e+01 4.192671535503409075e+01 4.248941501375514918e+01 3.590821103023565541e+01 2.212640886222781944e+01 3.594121227293147314e+01 4.390421876915094401e+01 5.352134424160412607e+01 5.742181465020226483e+01 6.131592990982432667e+01 6.511353511649234349e+01 5.978986909050495768e+01 5.940659567348767212e+01 6.584021313518645968e+01 5.308806656335497109e+01 6.008398539362303126e+01 7.411063442828705661e+01 7.999570720913034449e+01 7.321828105793338182e+01 6.736649891724161421e+01 6.643496902561588513e+01 6.062233078282973509e+01 5.763705516279230068e+01 4.373359326428068528e+01 4.381607245081126933e+01 4.149865574867309448e+01 3.621764319220798001e+01 2.249209476471342128e+01 3.454247115008001145e+01 2.124922762172861823e+01 3.492006514381183280e+01 2.197339961581901591e+01 3.572798010857938777e+01 3.646508926328819911e+01 2.295297807450733529e+01 3.672651524470827411e+01
6.507983151269777977e+01 6.164121390544176649e+01 5.001383173947764504e+01 3.580267011909226227e+01 2.780542480092060842e+01 2.168953505108741808e+01 2.726190624302903487e+01 4.140575779370433196e+01 5.064746232105910195e+01 6.439710345523349133e+01 5.966017528907313050e+01 5.383761227781915437e+01 4.559000940130331259e+01 5.182537588846959409e+01 5.448507140001567706e+01 4.622531099516507425e+01 5.413231509061842672e+01 6.823474305673350671e+01 7.749828291490067045e+01 8.590415368011622377e+01 8.014477215089782192e+01 7.447965167254294272e+01 6.463618336323814617e+01 5.647729313681615793e+01 5.037612031158239745e+01 4.555806856686989903e+01 3.884416616904917419e+01 2.487427274429698443e+01 3.453773581863191566e+01 2.088857636218776648e+01 3.476345815683832541e+01 4.096756640942193428e+01 3.622150718429681859e+01 3.323114119833773117e+01 4.281759639506362447e+01 3.713866579443090643e+01 2.976868284122419439e+01
5.399597665654702894e+01 5.974278916253567928e+01 5.580609893504128394e+01 4.752323001404731428e+01 3.525366965471564384e+01 2.125631683489290680e+01 3.515977591871883590e+01 3.691283618440967729e+01 5.089846291297623537e+01 5.971356917311250356e+01 5.175381262843943375e+01 3.966581722221133077e+01 3.949872297803215559e+01 3.772983733595940237e+01 4.044664113979661835e+01 4.455713409056355090e+01 5.065967193649505873e+01 5.754104694512025020e+01 7.182026901875082103e+01 8.035151681306567184e+01 6.665289502288209178e+01 6.071784410308941204e+01 5.874418369509135829e+01 4.447254483637168221e+01 3.642905090845842864e+01 3.160348922387608894e+01 2.729992630414630739e+01 3.869891781947582388e+01 3.480515184655936167e+01 2.064058259891334046e+01 3.418177680997521151e+01 4.025626618296458759e+01 4.896163312008632573e+01 4.729290879098051192e+01 5.283832316368952320e+01 4.953977057442875065e+01 3.662768793174387127e+01
3.979166604150897513e+01 5.176209306480693328e+01 5.610735831487441772e+01 4.323709612865092566e+01 2.882999937552188285e+01 2.082219549702901062e+01 3.412518025193387672e+01 4.002197159586042119e+01 4.010214749977892268e+01 4.876357985404591489e+01 4.292504375341612644e+01 3.170469510569069982e+01 3.403247180774301484e+01 4.792727740082322185e+01 5.442322433799172643e+01 5.859950408350018591e+01 5.439678694995654951e+01 6.875388432337868494e+01 7.731210141097952260e+01 7.493959562167667343e+01 6.083464030658271327e+01 5.290972018105777863e+01 6.062649860962152815e+01 5.634653162274044291e+01 5.044388710181737423e+01 4.314987613890860985e+01 2.918752427688568574e+01 4.311193287301939847e+01 4.066152175345573738e+01 2.999490677389453808e+01 2.028949677959075970e+01 2.959227810426027006e+01 3.997398491647214058e+01 4.347074671099033338e+01 4.945603531385469864e+01 5.613091793265778051e+01 5.085085685549335466e+01
3.183971989447625006e+01 4.278775032247239096e+01 4.254939555779711213e+01 4.865764681131104652e+01 4.079996001174787779e+01 3.404937718337551189e+01 2.020871183995913967e+01 3.424866983070399584e+01 3.034857010437001179e+01 4.198789045506508444e+01 2.884302477198142967e+01 4.267320893699699980e+01 4.794777286068173794e+01 4.373351359139640948e+01 5.347441243179890336e+01 6.731302973175942839e+01 6.879014231782105071e+01 7.499669013748987823e+01 8.163511895574619359e+01 7.610175976709237489e+01 7.237220161032098531e+01 6.084727755343013200e+01 4.686678177568983727e+01 5.586620039961800899e+01 5.022638134709036706e+01 4.501446920895472914e+01 3.113982765662592200e+01 4.527590106151549065e+01 4.968555320709686640e+01 4.025400487619328516e+01 3.377298921385145292e+01 1.993815211764957240e+01 3.341169195943686532e+01 2.935906320948673454e+01 4.350485829433848295e+01 4.809395320054336764e+01 5.307839031119173967e+01
3.977974709607208581e+01 2.881960123104527582e+01 3.856817562497314356e+01 5.231348627540972274e+01 4.362832137061265314e+01 2.958720217319839918e+01 1.977667838320163085e+01 3.341412814204200288e+01 2.239376645265972599e+01 3.616048005836142920e+01 2.690202347844049058e+01 3.672824376509558419e+01 5.078087195052894032e+01 5.750837521392677587e+01 5.671043133945141790e+01 6.259684745185868593e+01 6.870819515938295297e+01 7.655462114965996534e+01 7.619141624043024308e+01 6.216132654180887585e+01 6.635039104192260595e+01 5.717446689828972950e+01 4.311917723968481653e+01 5.002104850479727816e+01 3.621721949889414560e+01 3.405271398854558385e+01 4.519508707731539232e+01 5.106636100357796693e+01 5.387385126956561976e+01 4.012356512481181881e+01 3.042441967359880195e+01 3.277159208122812117e+01 1.958666289100758817e+01 3.349888059225342118e+01 4.131421049951523372e+01 3.394822267370853552e+01 3.909637687081853130e+01
2.599029151096164370e+01 3.980843622605166132e+01 4.362160035557380411e+01 4.600505571964133367e+01 3.890450865750050724e+01 3.262454381057837338e+01 1.934644402943909824e+01 2.058496723063123213e+01 3.418050211915205949e+01 2.424975703390174075e+01 2.610719956927922070e+01 4.003249466725976902e+01 4.872097014223873401e+01 4.981405237652050033e+01 4.261983117588261649e+01 4.872695669867977841e+01 5.667905567379316523e+01 7.089872587072586896e+01 7.621703503679671599e+01 6.225237471669726119e+01 5.250229278275670453e+01 4.842552873592767781e+01 5.325316075818610528e+01 3.950751548846790229e+01 5.008460337975698451e+01 4.390219722198933283e+01 5.370970220192167943e+01 5.127560044120138372e+01 4.563766404313447111e+01 4.289067647646199788e+01 2.898932116908250123e+01 1.923759942217162333e+01 3.287968962622292679e+01 2.412645232108620874e+01 2.752490869934300832e+01 3.547311847252254324e+01 4.956145825816656014e+01
2.409533136920115837e+01 3.539277220827891313e+01 2.970414929219777989e+01 3.203532122310721064e+01 3.210375051137037161e+01 1.877005092961777777e+01 3.253949495982764972e+01 3.463050382590547116e+01 3.032018154932646326e+01 3.836275670760669243e+01 4.006135472858242963e+01 2.882951944677097700e+01 4.265793319674651229e+01 3.579772152653605133e+01 4.134086522528890839e+01 4.743866440882375457e+01 5.539717331498619046e+01 6.971334216714726040e+01 7.978273865272774401e+01 6.618591089106590175e+01 6.632010149661553555e+01 6.239062670056966908e+01 5.336353938361659743e+01 5.366577450332527377e+01 5.909754791570747301e+01 5.788326583280517212e+01 5.538291964875368478e+01 4.131043220412335160e+01 3.144011244990019094e+01 3.669920569329203630e+01 3.243925517104859324e+01 1.899136117774161292e+01 3.306536747978508828e+01 3.823170335636195460e+01 4.168160586988074101e+01 4.758477472831338417e+01 5.557381544001943041e+01
3.548281876346241859e+01 2.158679941686463977e+01 1.992051260717967054e+01 3.124413572266040617e+01 1.819282393790930641e+01 3.203666159741132446e+01 2.852435449409885493e+01 4.247847047237083018e+01 4.016014578207147423e+01 5.014194376504896411e+01 4.889390866512319889e+01 4.279690376365577009e+01 3.169176756662948335e+01 4.547631118625290014e+01 4.368624009191152169e+01 5.763655782116989457e+01 6.730428032174184239e+01 7.508562957373456470e+01 7.280168912832417050e+01 6.682450378567705229e+01 6.111630655987925564e+01 6.660773162589120489e+01 6.704967923012394238e+01 5.842696066171892966e+01 5.274345087529058418e+01 5.824925686163626892e+01 5.773525460313189939e+01 4.662360625395013614e+01 3.256506427132683257e+01 2.274762178998961204e+01 1.864295666001164165e+01 3.187119220858711444e+01 3.211055037761151709e+01 4.590400210185243424e+01 4.826360607670940794e+01 5.416274771437859670e+01 6.049213409582146284e+01
3.129030290295277084e+01 3.550150676758043033e+01 3.150410950023443490e+01 1.761804288150841202e+01 3.152363254130954218e+01 3.819797124224354690e+01 4.262945661272240017e+01 4.868692924697769087e+01 5.417984872575834032e+01 5.893287599125579845e+01 5.821029399085112743e+01 4.438085371781569677e+01 3.463108435667535190e+01 4.255806007578210171e+01 5.642433693327332378e+01 5.341607476817710420e+01 6.755667966466488394e+01 6.876137643355058060e+01 5.868798539677750625e+01 5.978459493017756188e+01 4.681813333845996539e+01 5.977643935342170067e+01 5.850828462519879025e+01 5.141281896838393806e+01 3.840271847587246867e+01 4.908978693775628699e+01 4.403032690251237824e+01 4.420994341075278555e+01 4.239600614390437272e+01 3.668807718154978659e+01 3.160088340721964073e+01 1.829445486071962890e+01 3.244918942722908639e+01 3.854485928430204211e+01 3.430813872502585582e+01 4.834582343982022223e+01 4.914529398708970831e+01
4.516973042085529499e+01 3.765467837940347806e+01 3.113427081559659726e+01 1.722616778609712185e+01 3.136928507348793005e+01 4.002978517038069839e+01 4.609990516424350204e+01 5.548660067811024277e+01 5.493108356320566799e+01 4.515576554857777580e+01 5.511052176791832835e+01 5.212734884100743926e+01 3.811802477058698457e+01 5.221978957176971647e+01 6.260530818658145336e+01 6.760431235397804528e+01 7.290342378344381302e+01 6.209296382602076392e+01 4.882995530264796713e+01 5.387876002114177965e+01 3.992159494383142970e+01 5.394360531059946595e+01 5.262988434355577283e+01 3.838525718741846759e+01 3.150716959108612869e+01 3.518059107241600003e+01 4.390721593796312305e+01 3.022171885126123314e+01 3.554516125883913702e+01 3.207892556208294366e+01 1.794666883947103742e+01 3.178347332215522414e+01 3.551836008050418769e+01 2.458759691364635458e+01 3.843144604486173677e+01 4.361486847068383099e+01 3.509653156667659601e+01
3.896107584942937763e+01 3.169141891393987009e+01 1.766520089523086412e+01 1.683552762865045338e+01 3.008647765981664790e+01 2.608662418570231978e+01 4.025821523531704571e+01 4.175235261937338294e+01 4.213562253368642274e+01 3.532199285618597173e+01 4.962457010598762253e+01 5.597444065874589114e+01 4.202657117040756418e+01 5.608831810338507751e+01 6.890434447749076696e+01 7.657519122625726027e+01 6.508514462653147348e+01 5.604254323282894035e+01 4.195189807011860950e+01 4.928157063958606443e+01 3.538769230330073157e+01 4.954980500347581795e+01 5.795370772206227628e+01 4.922843941263855072e+01 3.517990369778438975e+01 2.542320826987169369e+01 3.476596378493401573e+01 3.539342047255897938e+01 2.157766050155281334e+01 3.153166207410977151e+01 1.770222448738947563e+01 3.135271055705686294e+01 2.180692418784220266e+01 3.559636344818412113e+01 2.758452447177792877e+01 2.975801065022988823e+01 4.362962424734682543e+01
3.284668574447567124e+01 1.885264438138438337e+01 3.156511986642569312e+01 3.015268223347857202e+01 1.633529097856939671e+01 3.045735747763476908e+01 4.220862090018540158e+01 3.672649750205751218e+01 2.802713581014990751e+01 4.223129133310150962e+01 5.502394318350422964e+01 6.149078972621934724e+01 5.601791566794124577e+01 4.928349315206611436e+01 5.720170302628641679e+01 7.105717194480385501e+01 5.916846601526231808e+01 4.480544464601602073e+01 3.678708049146972314e+01 4.470335686937001896e+01 3.146887595220294287e+01 4.550594893508488070e+01 5.408966624051947747e+01 5.301819516984851788e+01 3.916778289558903481e+01 3.470156360252522632e+01 2.074940997814479005e+01 3.014587733208684028e+01 1.677225147834029073e+01 3.036322983831382416e+01 1.745800288991642191e+01 1.913870817512298572e+01 3.297319535545121028e+01 4.155437517331090191e+01 4.178674806755748250e+01 4.373250709485350285e+01 3.387568814701207032e+01
2.005055547441898156e+01 3.287097238533974775e+01 3.854102426043127139e+01 3.006907571475496255e+01 1.598169501560150429e+01 2.939013405697827963e+01 3.521084064740687580e+01 2.268175418896282025e+01 3.668477706621233381e+01 4.768793308946754905e+01 4.785123533133045015e+01 4.941862733067807767e+01 5.520759025270877629e+01 6.317148920752639185e+01 6.885226230520532908e+01 6.698277179940069459e+01 6.171654541912504754e+01 4.763572569195186901e+01 3.782012470767561041e+01 3.096600956665951188e+01 2.784196053322187936e+01 3.430405772561115185e+01 4.449957613566757431e+01 4.541858782790148297e+01 3.957410699380601926e+01 3.598736727079492681e+01 2.982549266677632005e+01 1.643022928453492426e+01 3.010212067320504659e+01 1.711456454797314919e+01 3.077313181768489869e+01 3.300785597585568354e+01 2.523020750688552383e+01 3.936640597407511422e+01 5.186300484625382978e+01 5.362585064638581400e+01 4.796324173476180164e+01
