output_new_topo_ddd_2/finaltopo_soil__depth.asc
ncols 300
nrows 100
xllcorner 0.0
yllcorner 0.0
cellsize 10.0
[rows 17 to 33 of 100, columns 37 to 73 of 300]
1.083076851963889475e-01 1.082598115758660884e-01 1.083131235391765063e-01 1.089694629333993747e-01 1.086802990078273023e-01 1.091478155125205629e-01 1.098773905879839863e-01 1.093051628264370828e-01 1.097805764602204359e-01 1.086395913128798685e-01 1.095461407251291930e-01 1.093162633436043918e-01 1.093245702861608271e-01 1.094501560069303381e-01 1.100919212180671986e-01 1.100326278876726377e-01 1.094840877352798725e-01 1.093215168682923066e-01 1.084086343906495442e-01 1.074641455951714786e-01 1.005221733323336530e-01 1.029076611127661689e-01 1.170535583913612232e-01 1.198742779958694299e-01 1.056148903968645164e-01 1.053234278756702835e-01 1.071159795156503280e-01 1.099861871885210035e-01 1.093952919345924368e-01 1.083994596840197194e-01 1.080856686156177748e-01 1.080344987766169579e-01 1.095846606669170220e-01 1.088731841911364101e-01 1.083834242516677482e-01 1.087665357114662168e-01 1.078249574955638529e-01
1.092256605927894725e-01 1.096313492067954032e-01 1.089002564830382491e-01 1.092714420077787740e-01 1.096469913618203090e-01 1.086595174106274042e-01 1.090804732228866369e-01 1.099500830497955328e-01 1.094004469734546903e-01 1.100256274296871339e-01 1.086517014164804507e-01 1.091270911303044572e-01 1.100253998767015962e-01 1.101368613343799707e-01 1.100975858984057781e-01 1.095781157885346996e-01 1.099091397581349328e-01 1.089466666577433157e-01 1.088248032716385566e-01 1.098217419427791886e-01 1.081562043443050486e-01 1.104250522414785829e-01 1.098808367495595073e-01 1.003369680561947697e-01 1.025397130570447901e-01 1.088298565866792078e-01 1.069823700538821698e-01 1.070138019192283241e-01 1.066950089350329756e-01 1.096456119505834076e-01 1.092811322343932856e-01 1.079967558876386707e-01 1.095176212078574907e-01 1.086388094954014866e-01 1.079380907406654599e-01 1.091929755353710646e-01 1.086001082259927530e-01
1.094898247805617814e-01 1.091286439045228013e-01 1.098682934465885774e-01 1.090649092409649024e-01 1.096037966103601546e-01 1.098488213715739237e-01 1.086753486739532315e-01 1.099169579459008950e-01 1.100344333139841035e-01 1.089268450087491069e-01 1.091440173109401446e-01 1.091720526149503323e-01 1.094184728731512624e-01 1.092435520134421023e-01 1.096780027797967655e-01 1.094969934393460465e-01 1.099505806596148549e-01 1.102782663897307336e-01 1.099587587658801269e-01 1.094584053785882943e-01 1.100477552123177855e-01 1.097546247806449049e-01 1.101829108754778935e-01 9.922325623408674578e-02 1.014792438387697726e-01 1.085837394283823143e-01 1.075392880267454498e-01 1.075687472291888547e-01 1.078870545188909402e-01 1.091276303812864362e-01 1.093750594241259533e-01 1.079654252645747131e-01 1.090126711689796690e-01 1.091682301136831790e-01 1.079696389022857111e-01 1.084502021465256622e-01 1.090353270560255328e-01
1.086163911380352565e-01 1.097984478438771005e-01 1.094891998980859482e-01 1.094511547215817338e-01 1.094415963625095245e-01 1.098878778809256468e-01 1.090310332545320060e-01 1.087452451664435715e-01 1.099669375476010624e-01 1.099271690967524445e-01 1.097381607081608923e-01 1.097827586982862702e-01 1.093839247424638339e-01 1.098435369708209430e-01 1.095045089633533558e-01 1.092993120631798321e-01 1.097134228886241791e-01 1.092966995830204069e-01 1.098249165842630631e-01 1.106416766617127068e-01 1.098941811528083567e-01 1.093358022909898253e-01 1.131803020572526297e-01 1.016706843245294700e-01 1.042255760877177501e-01 1.081546912235911845e-01 1.073228091962011715e-01 1.076787908106744684e-01 1.077632321284076461e-01 1.089772772836197084e-01 1.085064722038318052e-01 1.079987532895407693e-01 1.085581810423295324e-01 1.081305700685742804e-01 1.087045153559194760e-01 1.087354745478458784e-01 1.087831203672541824e-01
1.098012738219980577e-01 1.086356890934678382e-01 1.096258581819012506e-01 1.092754608804121647e-01 1.093755683728760419e-01 1.097398179486732683e-01 1.102415242383958660e-01 1.098823014433768785e-01 1.088177080180607881e-01 1.100522416504282897e-01 1.095038971389652727e-01 1.097600484050904601e-01 1.096748804322265763e-01 1.098539381754353034e-01 1.090591407425529069e-01 1.089284845286829645e-01 1.098771476411423420e-01 1.097312490870238633e-01 1.101813504449645625e-01 1.094184041675012042e-01 1.101409728279552774e-01 1.090529342794822887e-01 1.113285623411758851e-01 1.128043884575272993e-01 1.080735119533693250e-01 1.075973732629097457e-01 1.083785756879658557e-01 1.083116224989450899e-01 1.084377935865766251e-01 1.093863122277572569e-01 1.080933340108887059e-01 1.087974584513155679e-01 1.081059653305147111e-01 1.082857098992918710e-01 1.086027250234413294e-01 1.093566817436508326e-01 1.090285944641353616e-01
1.093694096881038524e-01 1.098341719150823376e-01 1.086544588755862101e-01 1.096434381052354134e-01 1.096304368774632387e-01 1.095635934377880427e-01 1.088442022609770465e-01 1.101162265486798769e-01 1.100601303334971387e-01 1.087485618225582096e-01 1.090599312957578892e-01 1.101961575008618271e-01 1.100111853210615637e-01 1.093556998111534090e-01 1.087640862805191316e-01 1.093120579842564166e-01 1.092467949639547298e-01 1.096028371635343612e-01 1.103298005355763528e-01 1.098522619686087554e-01 1.088625287174150302e-01 1.098169929317711069e-01 1.094732274977164438e-01 1.095163971985824714e-01 1.081776645504849005e-01 1.080761599832588682e-01 1.075625286533513081e-01 1.081415320986927331e-01 1.084450897581150930e-01 1.085002708375900071e-01 1.087085022746610563e-01 1.090866362381421317e-01 1.083453033458120496e-01 1.081105898432110080e-01 1.094067808137366288e-01 1.086488804094134092e-01 1.090081337247818249e-01
1.094603421727429193e-01 1.090937302847169721e-01 1.099024541209874528e-01 1.085774848405117315e-01 1.084875402225125018e-01 1.086584390352110935e-01 1.092638041548209538e-01 1.087738878592119235e-01 1.096353669406976428e-01 1.102481133030063509e-01 1.094876028905998055e-01 1.094723467018786228e-01 1.091157880702265937e-01 1.094066325216654784e-01 1.099974068443931308e-01 1.088143433790879355e-01 1.093470625551054565e-01 1.094916580365672271e-01 1.098433873090420704e-01 1.085611102294714442e-01 1.089149709108349628e-01 1.086279764305934786e-01 1.085999394796989953e-01 1.090264523523127721e-01 1.092321950784579387e-01 1.091318927156125912e-01 1.081908806829931929e-01 1.080882608747463502e-01 1.083211747255743290e-01 1.085376662669652464e-01 1.084378395739157980e-01 1.083685642903761681e-01 1.082883869312101927e-01 1.084623570189608421e-01 1.091386718876468792e-01 1.087806506215044655e-01 1.083574283285079487e-01
1.092548426010569590e-01 1.101973052477927956e-01 1.092464200433448246e-01 1.104745934770309107e-01 1.098195409968051317e-01 1.097435737483555829e-01 1.090777759912939376e-01 1.103314270533377051e-01 1.095036057227051912e-01 1.092934030042486820e-01 1.102850181743555424e-01 1.098505397146723461e-01 1.093213293085462390e-01 1.099616880364010368e-01 1.092508676333436290e-01 1.095846614617057568e-01 1.086652376635495049e-01 1.091586604817153666e-01 1.083626528708640235e-01 1.083753876660567550e-01 1.085681165053807296e-01 1.087658274224806987e-01 1.089247530997566327e-01 1.091721942167220433e-01 1.092168204716376795e-01 1.089486693893151337e-01 1.084404616562016921e-01 1.079917952877217924e-01 1.085011147523661235e-01 1.082324207039593172e-01 1.080923031228963327e-01 1.081719023217439651e-01 1.087932619469878931e-01 1.084259562185871800e-01 1.088809156424651453e-01 1.092967324139965668e-01 1.080888710987842755e-01
1.093485675247574118e-01 1.095294375209509979e-01 1.095917218453684311e-01 1.089919852834990155e-01 1.098812283657521899e-01 1.093475731241708160e-01 1.099002490017315231e-01 1.092548190943890135e-01 1.093971322500187776e-01 1.100728910718946629e-01 1.088472709895317858e-01 1.100993277757620209e-01 1.098187334048918579e-01 1.089562964295631986e-01 1.096454789400590490e-01 1.094681488032107214e-01 1.086432352042062260e-01 1.090870740364514452e-01 1.084810841844948692e-01 1.095766964482600969e-01 1.094661632344917923e-01 1.090945901888761282e-01 1.102236515433515918e-01 1.091914680780169955e-01 1.088481786637970350e-01 1.092441218830554200e-01 1.085573827689384069e-01 1.081680676268240715e-01 1.088629744847662978e-01 1.085121673146583615e-01 1.087654387117394095e-01 1.081679532536053839e-01 1.089474149594107377e-01 1.086185243230535918e-01 1.083236619372527215e-01 1.083149005517700242e-01 1.083181360724529141e-01
1.091568033263954351e-01 1.090490899041658968e-01 1.094761099351206773e-01 1.094447808891966245e-01 1.088242829835136122e-01 1.095300938489788545e-01 1.101461026070733873e-01 1.088094739409212752e-01 1.094746049675261318e-01 1.087930572495358628e-01 1.099250917861339660e-01 1.092543854122357549e-01 1.093858124447233959e-01 1.099623085661290411e-01 1.086697543864263427e-01 1.086544284704672042e-01 1.086072426593436974e-01 1.085390259246377387e-01 1.092750163124868862e-01 1.093539574008181026e-01 1.100514128506988043e-01 1.097827116698696648e-01 1.093952158911504075e-01 1.100895282356791488e-01 1.100496614280933177e-01 1.080047852810738784e-01 1.085528048065814294e-01 1.090296147906382046e-01 1.089002323484747070e-01 1.092193410470988085e-01 1.085949441397972975e-01 1.084694573336643375e-01 1.082780999876981759e-01 1.083897970120484278e-01 1.088447357698127393e-01 1.084938899045236327e-01 1.083381180722969850e-01
1.092302308047924247e-01 1.096600115007595744e-01 1.093844045849727831e-01 1.097784986401869195e-01 1.086623799950005298e-01 1.101136807229655123e-01 1.086872334008718993e-01 1.096880807440878125e-01 1.086162402710973557e-01 1.094594995714819191e-01 1.094493246586978191e-01 1.101836487060723208e-01 1.091201937286196549e-01 1.090745714063552918e-01 1.096329188411743066e-01 1.091757689908311735e-01 1.085260028077236760e-01 1.086312585254415597e-01 1.091537154433688539e-01 1.094811879404183064e-01 1.096790073037036684e-01 1.092766688105565182e-01 1.099262389482413005e-01 1.089014582253825802e-01 1.086602112024438460e-01 1.086591735624028443e-01 1.078721853080665261e-01 1.109978058392601385e-01 1.103018871481428742e-01 1.097626729515369243e-01 1.093591304243663881e-01 1.092242982102235721e-01 1.092492658921985216e-01 1.096103377668244533e-01 1.092837331413135105e-01 1.086482977704712749e-01 1.082874476194783525e-01
1.097360960926824780e-01 1.095085477059676293e-01 1.089402737341518546e-01 1.085728254001172566e-01 1.094816329214575862e-01 1.093334731951128291e-01 1.100893493031055992e-01 1.096159460484834175e-01 1.084733416542974088e-01 1.090870913077163495e-01 1.090347548595041460e-01 1.100989964696550971e-01 1.096263081555603897e-01 1.096629876369130535e-01 1.099379029959636489e-01 1.084700411803242170e-01 1.092889573221803023e-01 1.093963328881479707e-01 1.088771792226821411e-01 1.093267582849106745e-01 1.096838323369683094e-01 1.099574278582019088e-01 1.088377227586721646e-01 1.094994671637571221e-01 1.097407003443582607e-01 1.089487393485046723e-01 1.091219728395994570e-01 1.103126609435734901e-01 1.092541574456441511e-01 1.094226189130369092e-01 1.096726277169219332e-01 1.091328991799393605e-01 1.094312063244763239e-01 1.083788737601341090e-01 1.091848238299665819e-01 1.092950354944933339e-01 1.087774320007421913e-01
1.093230765746243532e-01 1.090472065832634868e-01 1.091499389757242255e-01 1.085482585430018326e-01 1.101370989294251646e-01 1.093336721484456375e-01 1.089143373247814656e-01 1.092284475258767790e-01 1.084308110755565768e-01 1.086506087440057278e-01 1.090610178054478019e-01 1.096672866322151441e-01 1.099691504177147811e-01 1.091960997592969496e-01 1.087279120565516621e-01 1.082218350737645524e-01 1.093135443722520056e-01 1.099859173335247658e-01 1.086242420773770451e-01 1.099497857124211164e-01 1.098933054981122148e-01 1.087649051317268328e-01 1.097284907121529179e-01 1.092199649893264984e-01 1.091434658607486619e-01 1.089421246451189318e-01 1.095034483795713220e-01 1.097364849193677022e-01 1.085465927287957988e-01 1.096518046713855637e-01 1.097368819971204223e-01 1.090959114378651507e-01 1.085038611218879928e-01 1.084461432773006911e-01 1.094253969802303494e-01 1.090898990863842788e-01 1.088229586299283708e-01
1.096748816031600793e-01 1.084536618656182505e-01 1.085158822037051857e-01 1.098152105410139523e-01 1.089437631341952789e-01 1.100344392642547686e-01 1.093289555741352448e-01 1.086278556907698811e-01 1.089654192971731828e-01 1.093019175451499514e-01 1.089951491267162897e-01 1.100234385338958315e-01 1.091851240780479515e-01 1.093336360260732665e-01 1.089955515659178920e-01 1.082520319422060756e-01 1.092152095502371134e-01 1.096954837612594685e-01 1.098488100992104644e-01 1.098520874190175162e-01 1.087435799643316631e-01 1.098593161748195046e-01 1.090071705369929922e-01 1.097756592511056895e-01 1.087527948783229281e-01 1.094135098630600045e-01 1.095110407324472873e-01 1.101156109191756133e-01 1.085303481614440096e-01 1.094101654696517101e-01 1.100343377785811816e-01 1.088846251942666987e-01 1.084646223209585064e-01 1.086950789863459638e-01 1.085273680491204012e-01 1.085710402504832389e-01 1.095778709872776979e-01
1.085223039501924669e-01 1.091803225577367420e-01 1.095671252506380811e-01 1.092494812200690141e-01 1.100641088848803018e-01 1.097118644913045726e-01 1.086742660415951633e-01 1.096486709002569698e-01 1.097694426608622903e-01 1.093235826496018331e-01 1.097583220192984155e-01 1.095644485586186739e-01 1.100004941601655378e-01 1.089848712607103115e-01 1.091845477424933097e-01 1.083300634520729666e-01 1.098065185055117632e-01 1.093073680588016600e-01 1.098059253893707288e-01 1.087170917809881648e-01 1.098149549627794735e-01 1.091988388274473948e-01 1.099257206864390074e-01 1.095623491895545421e-01 1.086951904873514202e-01 1.094754572479329086e-01 1.096600236843122134e-01 1.085270910181060505e-01 1.097293241561329569e-01 1.094270652849260311e-01 1.092183820743206218e-01 1.086505235432656397e-01 1.090026752152426087e-01 1.083170897584492254e-01 1.082054928696183360e-01 1.092727342831885107e-01 1.090161618391219389e-01
1.084711051313262814e-01 1.092415949503586364e-01 1.092916754202243323e-01 1.099299520391971846e-01 1.096999345211178700e-01 1.085589219742902900e-01 1.090220049757703591e-01 1.093008908670287105e-01 1.095924790768210144e-01 1.097627888416795039e-01 1.097206119094639443e-01 1.091737331373673903e-01 1.101031605305156369e-01 1.095237233328643645e-01 1.086913208226632926e-01 1.082416437829570449e-01 1.095827403338243133e-01 1.095369301968044939e-01 1.086888403190589270e-01 1.094524769866426772e-01 1.090419145612704227e-01 1.097573535592612642e-01 1.095706266798410350e-01 1.092313211851711902e-01 1.083812828272295303e-01 1.082840974826865532e-01 1.084055675464267871e-01 1.094811120793794529e-01 1.092085477483239198e-01 1.100478501622890737e-01 1.088024269767464969e-01 1.083192452898964347e-01 1.083866378515774553e-01 1.089608309423822502e-01 1.092754922483801655e-01 1.084015951063660443e-01 1.085481552199740601e-01
1.088866948500822468e-01 1.095153394914828715e-01 1.096327504007299780e-01 1.096566636076205942e-01 1.085422543845122462e-01 1.082802958564365037e-01 1.083405501171964824e-01 1.084409594610322575e-01 1.084887018142431520e-01 1.085679664123651023e-01 1.088300291308125500e-01 1.092256349767762313e-01 1.093102964968923341e-01 1.095395725335490261e-01 1.098988324418438273e-01 1.084358567703025966e-01 1.088507769197816777e-01 1.085669563956018213e-01 1.088158237359774932e-01 1.097345442979200530e-01 1.100461882464979085e-01 1.094676421082609735e-01 1.084379634201602799e-01 1.084814641197399815e-01 1.096446691388287820e-01 1.100056703309722494e-01 1.098032721285599894e-01 1.086862148411470025e-01 1.097172433309862027e-01 1.097358237937234304e-01 1.096729263228525542e-01 1.095739779734770658e-01 1.094206073237658505e-01 1.085779201385858317e-01 1.090771060919935309e-01 1.093305720017815619e-01 1.087144028307898413e-01
