output_new_topo_ddd_2/finaltopo_topographic__elevation.asc
ncols 300
nrows 100
xllcorner 0.0
yllcorner 0.0
cellsize 10.0
[rows 0 to 16 of 100, columns 259 to 295 of 300]
8.558760709112515075e-01 4.637947180759151022e-01 8.975318077950498186e-01 4.271665008614665693e-01 7.967326078876013629e-02 4.585870800334856945e-01 2.135230554179282647e-01 9.016794636635427906e-01 9.130430327961202019e-01 3.110474077118994263e-01 7.561927583261761621e-01 5.481279288286484697e-01 1.970704724826475296e-01 6.752176118276975725e-01 7.030655677285537752e-01 5.239984173062764983e-01 8.090451441349940653e-01 7.214863921778715827e-01 8.819433512669672126e-03 9.204814876031305326e-01 1.360023707439242946e-01 2.524162900606833349e-01 9.035168978130523332e-01 7.628555780108925433e-01 2.706558775334335643e-01 5.780205874859454251e-01 8.090542480375775281e-01 4.652453858008310794e-01 5.362341387065493459e-01 8.921469350788557851e-02 8.303007343332711176e-01 6.021741845184318542e-01 3.455170129568579940e-01 4.588366875932033961e-01 8.959305328847502192e-01 5.227982246817538536e-01 1.257307660596309606e-01
9.918844508256599113e+01 9.922859569554586301e+01 9.922505414286372627e+01 1.049887516622866031e+02 1.051340025391721724e+02 9.119979569794504926e+01 9.148097698833205982e+01 9.706585296114715788e+01 9.627096447430101023e+01 9.074592971711149403e+01 9.645403815808722925e+01 1.041705090474577560e+02 1.002361441034410916e+02 9.318468321431650736e+01 8.751226917790501147e+01 9.310796515104921411e+01 9.116341552103715173e+01 9.677632391656464961e+01 9.370763334075071782e+01 8.796170951458432796e+01 9.347243784989957760e+01 9.415978769451956509e+01 8.846976630319423407e+01 8.792883706696213153e+01 8.221430645397605019e+01 7.868200310082285398e+01 7.290530066011771737e+01 7.410191153088595684e+01 7.394252307531779422e+01 8.778840038763019038e+01 8.861679762800781646e+01 8.868660830642558324e+01 9.456461816493610684e+01 9.976820120754139509e+01 1.054915551254290733e+02 1.024227029239844740e+02 9.675708069271908585e+01
9.314790508366577626e+01 8.523064662659056978e+01 8.512903077353101366e+01 9.922979397590853523e+01 1.011888636119089711e+02 8.716039088958612524e+01 7.738817323464506615e+01 8.419983618680586801e+01 8.338449947399635676e+01 7.655373611455357263e+01 8.445133791392606781e+01 9.834428572364910792e+01 9.330091503642657358e+01 8.033881124121431583e+01 7.331991397657210996e+01 8.599461720527567365e+01 7.703312863286042500e+01 8.894506937453425621e+01 8.797006677993816481e+01 7.376864031260400623e+01 8.009865226881512967e+01 8.555988385419921372e+01 7.437934068674947241e+01 7.707957501788428090e+01 6.817354163925368482e+01 7.081368534217976674e+01 5.878330829945961966e+01 6.011902356149889926e+01 7.398408319009948286e+01 7.751857473178183966e+01 7.462650834666384014e+01 7.458488828074365529e+01 8.854286330204242006e+01 8.575601391668398321e+01 9.748162679181314161e+01 9.191956929300292245e+01 8.259727049591616321e+01
8.364666453079441055e+01 7.543636061203635279e+01 8.338424306826746601e+01 9.755935253526524775e+01 1.007619530428299015e+02 8.675997360940255021e+01 7.694577876418030371e+01 7.010824682155639209e+01 6.926587978538124446e+01 8.306207501048479003e+01 8.504209958473268216e+01 9.093988464291670937e+01 8.756825706858020908e+01 7.332224649775871228e+01 6.646457859867071249e+01 7.508500139471055945e+01 6.906284531727061449e+01 8.324399432712112912e+01 9.303348666430126457e+01 8.009098141338667176e+01 6.588487755101341747e+01 7.417491938487403047e+01 7.687508451737404869e+01 6.308698680378241619e+01 6.887770034937778973e+01 5.692059783461294842e+01 7.065595777794806054e+01 7.392112658618053445e+01 6.206563217372033847e+01 6.345043340380021135e+01 6.486867438860043933e+01 7.867445772261855552e+01 8.250327964488046462e+01 7.783352150662740598e+01 8.755051781669170907e+01 7.780199125596614351e+01 8.753342597926743451e+01
6.962568683861593399e+01 8.368079524552179294e+01 9.525409974323767415e+01 1.032045461243630768e+02 1.034850299005498613e+02 9.673659095546595665e+01 8.983199401902005832e+01 7.895969111426272491e+01 6.498095744866729717e+01 7.511516676375008217e+01 7.098147160128448263e+01 8.521972323620931888e+01 9.294872982424890040e+01 8.611060868039076865e+01 7.513939090506401897e+01 6.114221177794633633e+01 7.499429344462768654e+01 7.836826308469440505e+01 8.432949275423736424e+01 8.556286087427545795e+01 7.422186049629694082e+01 6.007273466180861732e+01 6.905206218712170596e+01 6.729299568649921071e+01 5.517892254493144577e+01 6.880820495331400366e+01 6.301042312284828029e+01 7.684677453218561993e+01 7.616721469420022572e+01 7.326290387669669713e+01 7.872118677567657130e+01 6.698027221754922778e+01 6.853981718006947688e+01 7.099444914078871705e+01 7.370455311229810036e+01 8.776511765221168559e+01 9.754978682293523207e+01
7.449593989792997206e+01 8.352417226680972817e+01 9.755114683748108462e+01 1.035045043118771844e+02 8.964380399289971990e+01 9.238088732375676670e+01 8.934465811658878920e+01 7.535639865132158377e+01 7.484199633949104680e+01 6.121544321861285454e+01 7.528138714262608744e+01 8.575903142641982413e+01 9.151923748150339577e+01 8.244825608032456898e+01 7.236387104515196711e+01 5.831036929680144709e+01 6.835305807459789662e+01 6.423820282144025384e+01 7.831647515675363991e+01 8.431419181366534588e+01 7.982663798388387022e+01 6.901051634844530724e+01 5.509645501327531036e+01 5.352999716958740350e+01 6.737577444938746396e+01 6.386321503818494705e+01 7.667002755222804922e+01 7.031626202511512247e+01 8.417137944284040429e+01 8.731601104311886274e+01 8.676303274932908494e+01 7.310141504445600447e+01 8.233403349690195228e+01 7.148848272728349684e+01 8.523010402296266363e+01 9.129279205593113034e+01 9.142729168432367715e+01
8.482304789522058286e+01 9.399986159858492840e+01 9.557176054549410082e+01 1.011836774519026534e+02 9.258905001040413651e+01 7.839955123047222685e+01 8.490702439114218691e+01 7.547172777113297570e+01 6.145299834534304040e+01 5.888962416924387355e+01 7.274482090070777929e+01 7.184211746859716641e+01 8.563635409192532677e+01 7.660860210090368128e+01 6.238492585321547779e+01 6.475587125486487139e+01 5.447252696659453619e+01 6.843199236892745319e+01 7.068785509752389373e+01 7.046457117040131379e+01 7.561752030859338447e+01 6.170470344795790396e+01 5.191050587119092086e+01 6.575570375188337380e+01 7.347730503595012408e+01 7.791095008098680808e+01 7.507962116211854209e+01 8.426995611971545941e+01 8.002618014579009298e+01 9.399760968973464514e+01 9.301035304074085275e+01 8.105342602945410135e+01 8.980252019727190316e+01 7.598080119470475324e+01 7.492520403398945916e+01 7.744557377135218701e+01 9.144762341576998210e+01
9.138674685177871027e+01 8.589476081873043256e+01 8.147059868398676485e+01 9.553831643418301667e+01 9.802151789646336510e+01 8.528967116251237712e+01 7.109398159733854072e+01 6.699499065790351437e+01 7.041652411934123279e+01 5.664436103601475736e+01 6.218910971389452413e+01 7.605540490652144570e+01 7.615818924223077602e+01 7.489531737246291243e+01 6.089164665136927113e+01 5.106817226310174362e+01 6.182450906830869997e+01 6.757831274029129531e+01 5.659679407757378300e+01 6.946073726262984849e+01 7.110933788897405350e+01 6.486118861158992388e+01 5.085071646117982169e+01 6.067062000044538905e+01 7.476079954169713915e+01 8.775889005714263646e+01 8.902068107108335937e+01 9.463110988575758142e+01 9.410390827402252967e+01 9.967738734504710862e+01 1.006250556072932341e+02 9.517210453849715179e+01 9.512230204234516862e+01 8.111203501358265555e+01 8.889741324764176511e+01 9.140694608354937145e+01 8.145240210717355467e+01
8.577816791417312459e+01 7.174051369920016441e+01 8.568941161897907932e+01 9.142646775157169259e+01 9.709286343646334672e+01 9.091960538942878145e+01 8.277062641996029413e+01 7.693618758646636024e+01 6.888653144913963899e+01 5.490397887188532877e+01 6.882138034347627809e+01 7.188626462677071061e+01 6.201882987558982308e+01 7.190088576792945219e+01 7.069834093567446587e+01 6.208315858358757566e+01 4.802408767804820400e+01 5.896608609127046918e+01 4.970575888166785461e+01 6.361135961973133135e+01 5.716197106745511292e+01 6.211812411338963358e+01 4.980314588263600939e+01 6.372317782052945745e+01 6.826929058980590526e+01 8.227498495093081488e+01 8.089360939627619018e+01 8.662996921106754655e+01 9.238413276562042142e+01 8.961964359257615342e+01 9.098906568976863696e+01 9.664146933288535024e+01 1.007527952197113450e+02 9.528274494165988528e+01 9.226319208929078286e+01 1.012527396689398955e+02 9.555820390056204872e+01
7.427194431445131784e+01 6.720201145829273059e+01 8.099832048775866156e+01 7.735821562117226335e+01 9.135745388683625379e+01 8.542159380380589084e+01 7.113590188271786019e+01 6.313434905614897730e+01 5.799268226551193806e+01 5.320248766274756491e+01 6.714777777044770346e+01 6.580786625851261817e+01 5.210177034494779491e+01 6.575116490506741229e+01 6.660494615479986180e+01 6.765887334266854225e+01 5.906625573061360512e+01 4.515446945967710235e+01 4.455628873790337252e+01 5.826374078734887263e+01 4.735204341232343950e+01 4.835481120439431635e+01 6.217238319676759062e+01 5.710669464212953983e+01 7.127088585348903393e+01 7.829419891213898097e+01 6.663479404432125364e+01 7.258373585678080531e+01 8.503960221676803144e+01 7.537929165516501939e+01 7.675322004749091320e+01 8.917867249639510874e+01 9.517970342554505692e+01 1.028172816642179299e+02 1.061492598993389436e+02 1.116493144827392570e+02 1.049034161947755592e+02
7.316696002858944325e+01 6.312248293069846028e+01 6.766406720856511470e+01 7.747305347687795063e+01 9.146070888673558841e+01 9.085632878726866579e+01 8.313432616822490218e+01 7.366526935400831633e+01 5.957728079571660373e+01 5.162519874105981899e+01 6.328000551854488975e+01 5.991969179228266285e+01 4.595811873299170003e+01 5.785813311887540777e+01 5.252907356358957713e+01 6.174453075686435000e+01 5.593755402187775871e+01 4.320392203223250505e+01 5.692088355698632540e+01 4.594466381486277129e+01 5.978867643122006115e+01 5.632284966378767876e+01 6.832211842231529886e+01 7.128613200832498364e+01 7.677236990043876119e+01 7.269611581060132721e+01 5.864056166224609257e+01 7.260131254356500108e+01 7.468927967468309248e+01 6.550153658780403987e+01 7.001501190384934148e+01 7.515631506880242796e+01 8.310040039007560608e+01 9.703441438731408653e+01 9.695436030159915219e+01 1.029327351336077214e+02 1.103816920145782490e+02
5.921379984079462133e+01 7.318928384101045026e+01 8.171047521565897398e+01 8.768993079374776300e+01 9.143976236575406347e+01 8.594167145160234611e+01 9.107427841788617684e+01 7.973593743526308231e+01 7.156147876740425318e+01 5.922853168794751610e+01 4.946074244499362749e+01 4.800216280852665562e+01 5.775583270277996206e+01 4.400773683422146121e+01 4.266513115101166420e+01 5.451634623212612496e+01 4.199437813097893013e+01 5.173417761192055764e+01 6.292431911920289878e+01 5.392372078863999718e+01 6.594724448793398608e+01 7.051058749739343057e+01 7.623965581983188144e+01 7.921449433437589960e+01 7.202737013864413029e+01 6.605525257202928913e+01 5.409815098205562833e+01 6.787053959241515599e+01 6.069989292290596694e+01 7.466192254559759078e+01 8.383590547927587977e+01 8.896703450239965605e+01 9.237032118175348216e+01 8.711399777336640682e+01 8.269512609581059337e+01 9.683111987600770476e+01 1.076846822099222010e+02
6.955672665910195462e+01 7.304487767055680081e+01 8.692437234899752241e+01 9.559293374320465375e+01 8.491833897827649480e+01 7.167825301916874992e+01 8.449779658117532222e+01 8.347154915065331693e+01 7.915482872635256228e+01 6.948601575296825672e+01 5.743199185400193585e+01 6.210318570251325809e+01 6.382551054434586746e+01 5.796819731098262451e+01 5.347901286315035918e+01 4.079499239393869203e+01 5.481119666968850623e+01 6.220175057815388442e+01 7.156524675238961208e+01 6.805882579567723667e+01 7.373844532970947796e+01 8.037283399880259083e+01 7.760709483424160737e+01 7.003772929315603335e+01 5.973002154477932635e+01 5.203801429445498172e+01 6.579126881525587578e+01 5.629658838956998324e+01 5.813801105096074195e+01 7.207864858427399213e+01 7.688999281868913727e+01 7.906605225124252456e+01 8.112226683893213419e+01 7.292974317136581419e+01 7.977625369833897651e+01 8.772091126757671020e+01 1.018157116836956817e+02
6.766621820925745112e+01 7.629189346447923015e+01 7.627317271224526962e+01 8.894721164154432813e+01 7.917526630100408624e+01 6.482206564445912989e+01 7.243002633876790242e+01 6.958454672414535480e+01 8.326159302992047628e+01 7.729900690109295169e+01 7.163410738673987055e+01 7.077891857805943232e+01 6.397213300534134817e+01 5.387136622600986158e+01 3.978957818686874504e+01 5.368872585311422796e+01 6.076412582871014223e+01 7.342949589521813891e+01 8.028446235978091750e+01 6.667706188672009660e+01 6.702340396311299742e+01 6.669018208735045050e+01 6.801839186232861323e+01 5.784649446934240302e+01 5.003504698265913930e+01 5.980116838397414369e+01 7.180314384633072677e+01 6.617320544549481554e+01 7.200371322510159189e+01 6.082103618504136477e+01 6.281366440277111707e+01 6.489868882663540717e+01 6.710064477877820366e+01 8.092472327683984190e+01 8.786635981180870658e+01 9.120051191234863097e+01 9.480534775142926662e+01
6.528544798809654992e+01 6.248812534910336325e+01 6.932232027310736555e+01 8.352219461033992332e+01 8.455633936639078740e+01 7.247339107313358397e+01 5.839748595114171792e+01 6.770608231803461763e+01 7.370115350111888119e+01 7.345622638328637777e+01 7.869394472846478550e+01 6.551948438422832055e+01 5.111530100518555741e+01 4.422307523775515392e+01 3.908611830823023325e+01 5.308218933453129296e+01 5.392077672606225747e+01 6.422555437558600033e+01 7.206707583701718534e+01 6.691960618747251033e+01 5.291710234259306844e+01 6.578139393055997175e+01 6.026604281554092779e+01 4.810822204907802302e+01 5.788569644234316058e+01 7.005859194266851375e+01 7.973767705536688766e+01 8.039516632173679511e+01 8.065421939290494890e+01 6.878202554047956596e+01 7.254879629171932720e+01 7.462709977094593228e+01 8.092383860803514040e+01 7.110372853985616359e+01 7.405674057049648695e+01 7.724935424153615315e+01 8.075037673374117730e+01
5.610035912563353122e+01 7.010530157709187904e+01 8.214002727142762694e+01 8.897530495934266526e+01 8.614477732183408420e+01 7.225090829912892332e+01 6.774584012956941592e+01 5.372390573274767434e+01 6.355805370796732490e+01 5.929591684642048932e+01 7.323621527705498124e+01 7.106350392413422412e+01 6.394970838223933640e+01 5.240970592139887430e+01 3.839298325787720501e+01 5.112580590894122423e+01 4.421204637761593403e+01 5.218394257256746016e+01 6.614071266913994407e+01 6.182916525960891363e+01 4.777032994353849915e+01 5.817347060068282616e+01 4.624086031085631987e+01 6.027639731663190048e+01 6.827056134907967078e+01 7.787641443013275477e+01 8.826753145574360815e+01 9.390497597681994080e+01 8.860796342990620644e+01 8.297383970062031722e+01 8.658530975186729961e+01 8.845730707215143696e+01 8.610272893008944095e+01 8.508506285460740060e+01 8.798990854044892274e+01 9.119434420991765933e+01 9.471014943553447551e+01
6.588545993573433179e+01 6.580283788094989461e+01 7.999530402947625873e+01 8.401403472107679704e+01 7.834989926193655663e+01 7.798485775710217638e+01 7.354749030183585035e+01 6.365989457232225135e+01 4.961742059503789903e+01 5.996713502264421436e+01 6.609502291591701351e+01 7.350991233506168498e+01 6.396179926341740440e+01 4.970477251387949025e+01 5.107997726899444757e+01 3.741456599034793840e+01 5.147079656274142678e+01 6.355710851759588564e+01 6.162879251851572349e+01 5.565929249817044422e+01 4.324630390614118625e+01 4.441296914567447374e+01 5.819448918835457363e+01 6.614738603043947762e+01 7.789865520360018536e+01 7.874565906024746198e+01 7.448404007687945239e+01 8.836056235792891300e+01 8.382153975790490108e+01 8.495638189342989222e+01 9.034436245254136111e+01 8.230131812278617076e+01 7.216104779244085421e+01 7.972593316826912258e+01 8.340383330913954296e+01 8.730565167191680587e+01 9.157851534512752778e+01
