output_new_topo_ddd_2/finaltopo_soil_production__rate.asc
ncols 300
nrows 100
xllcorner 0.0
yllcorner 0.0
cellsize 10.0
[rows 51 to 67 of 100, columns 0 to 36 of 300]
0.000000000000000000e+00 3.344249855164720272e-04 3.365665188636643847e-04 3.378644376153656058e-04 3.376711450800855860e-04 3.365883014800480897e-04 3.329788765066737694e-04 3.348644552624772236e-04 3.371007510742687592e-04 3.348990198589764356e-04 3.337784054873475445e-04 3.380698905569563362e-04 3.362774156997940921e-04 3.346387409816601482e-04 3.357356475457327839e-04 3.352605404454231538e-04 3.339667993845172331e-04 3.355626050602843430e-04 3.335281351688273391e-04 3.375373733308550581e-04 3.357772470335975649e-04 3.356393032153004593e-04 3.357664547468150571e-04 3.356461410203937586e-04 3.381551863902876212e-04 3.354753737293948799e-04 3.343439570727643772e-04 3.345401496285818014e-04 3.345574259793758802e-04 3.378742150062008292e-04 3.382628356490728150e-04 3.380554590582601836e-04 3.365142018757788403e-04 3.380918830111283540e-04 3.360264835023939493e-04 3.334695931484898263e-04 3.335456950467601965e-04
0.000000000000000000e+00 3.338586324311651368e-04 3.379513432524706268e-04 3.353533825686356106e-04 3.338389171111809817e-04 3.336242277198625279e-04 3.357504090444512535e-04 3.351652483959523601e-04 3.361317702650047038e-04 3.376852954901046647e-04 3.365238061481689745e-04 3.380181361035879692e-04 3.345107711947904760e-04 3.347924751310239234e-04 3.344742417269429020e-04 3.369354038549893932e-04 3.349189405037546500e-04 3.374363509627194301e-04 3.339137984856237846e-04 3.332202105244221795e-04 3.330104107911307241e-04 3.346347664120467229e-04 3.368981752639152775e-04 3.363797333956612440e-04 3.381884484279146555e-04 3.360353313224983445e-04 3.343808797003118430e-04 3.331129156981804673e-04 3.359638234662619166e-04 3.338499222316236364e-04 3.347376580872929290e-04 3.351681623787817533e-04 3.375799883542449239e-04 3.388031921724998525e-04 3.380741220189793414e-04 3.385087691152912086e-04 3.380738533678756996e-04
0.000000000000000000e+00 3.344317120714366967e-04 3.383709023297915616e-04 3.336678243163506948e-04 3.351859671772582008e-04 3.349760289655449278e-04 3.316494805478866891e-04 3.340483371779241284e-04 3.340269740504456784e-04 3.371002127743284922e-04 3.379484798098022656e-04 3.385489874794342532e-04 3.365217025573905723e-04 3.330920636665774914e-04 3.354682927964471430e-04 3.378094254921561071e-04 3.352304344047510494e-04 3.377911882115463833e-04 3.340948342718676840e-04 3.339109495019150064e-04 3.362003033126594802e-04 3.348721080182695152e-04 3.359492748147292328e-04 3.376454186924072120e-04 3.370358516203431618e-04 3.365194555751486452e-04 3.336668961341480479e-04 3.340405130423029431e-04 3.333772047716640789e-04 3.368450616249336763e-04 3.368937687776376341e-04 3.366117453854657049e-04 3.376310694698249327e-04 3.373050836047515231e-04 3.346958382296207307e-04 3.339052994588820170e-04 3.371441476196229020e-04
0.000000000000000000e+00 3.344400853601759891e-04 3.385899511756914671e-04 3.367737315315684032e-04 3.338635113105912502e-04 3.344495738183059772e-04 3.362210953206893759e-04 3.330598925450547077e-04 3.359903893040185876e-04 3.335238684180878320e-04 3.356223221157829872e-04 3.382554118759370358e-04 3.378600748305028451e-04 3.341089530347925293e-04 3.347886371084979372e-04 3.378222075878314652e-04 3.354048504081957155e-04 3.379372699438052785e-04 3.336324993863662371e-04 3.350974192037219405e-04 3.356725147758656729e-04 3.376333839012326870e-04 3.383710462177537078e-04 3.368157992557554580e-04 3.375038934802559922e-04 3.346605822570898441e-04 3.353163506589272960e-04 3.339931428107259037e-04 3.340478897181662970e-04 3.333431943618551116e-04 3.348454734477733464e-04 3.354595790112466377e-04 3.372238057648815684e-04 3.338944611771325595e-04 3.348171083313860198e-04 3.353597877028302891e-04 3.376129996374525595e-04
0.000000000000000000e+00 3.344279355521841048e-04 3.383838023111224213e-04 3.347137389035930344e-04 3.348158383735688900e-04 3.342689243466262375e-04 3.375211846807276025e-04 3.334140683181399667e-04 3.346499708655357661e-04 3.356478371147378326e-04 3.364871486104477382e-04 3.355647005318314921e-04 3.354562687801397819e-04 3.374217021706008186e-04 3.358668488715583177e-04 3.374078304803881977e-04 3.357683259366732822e-04 3.380592853029655348e-04 3.338707551006450430e-04 3.354200037528755709e-04 3.347081300301756133e-04 3.341986744606466352e-04 3.384636531286543517e-04 3.338068911366997194e-04 3.363288059040313305e-04 3.370832109276553448e-04 3.343705508172905541e-04 3.319962349221789160e-04 3.359182008979464903e-04 3.375205484807984927e-04 3.376528767929900176e-04 3.379194020282041315e-04 3.342221397428887688e-04 3.339453911368772698e-04 3.351337551847191122e-04 3.375101797389931245e-04 3.332464550742425449e-04
0.000000000000000000e+00 3.335477859473527824e-04 3.379748613975315920e-04 3.363283781984090009e-04 3.352401694950519410e-04 3.358792932676937944e-04 3.379092372842884160e-04 3.358756354629520262e-04 3.338424075119752208e-04 3.333684769040735885e-04 3.364715631180638681e-04 3.327964770673768171e-04 3.360094375049999622e-04 3.353904386388488479e-04 3.374126056129659592e-04 3.368356331684788118e-04 3.352823811563336066e-04 3.383889093928845772e-04 3.370464644584353331e-04 3.343830236676967630e-04 3.358102121745928622e-04 3.335372596402296332e-04 3.385954788865897457e-04 3.352030052618778025e-04 3.333548327397099862e-04 3.361907206502054630e-04 3.361750415133876973e-04 3.330589083493569491e-04 3.341346348233831341e-04 3.361224960291675067e-04 3.358157063913233065e-04 3.378641863553499911e-04 3.339992116300521583e-04 3.349868266706184684e-04 3.377102474949141746e-04 3.328767665511743316e-04 3.348481322934517500e-04
0.000000000000000000e+00 3.342882512531754596e-04 3.358325248410034950e-04 3.379619955734339265e-04 3.381178864625113893e-04 3.366883810310367185e-04 3.380424723502225615e-04 3.355911453900604436e-04 3.361424029466505417e-04 3.332325415932930373e-04 3.347629343962541686e-04 3.337303137058288561e-04 3.331134954151865292e-04 3.325392656884036463e-04 3.343797045482757233e-04 3.382080389687185497e-04 3.383041720482331282e-04 3.382867888468230207e-04 3.354253165430972706e-04 3.336720978886980964e-04 3.335455949093271829e-04 3.371629661204491668e-04 3.381900629141728265e-04 3.349483472096687368e-04 3.346572173503757392e-04 3.332425930018225379e-04 3.331166263568661134e-04 3.355011644779468723e-04 3.331512686969270763e-04 3.344541322748622670e-04 3.339052170364916524e-04 3.377285004667075481e-04 3.331963253880874183e-04 3.348566121278702228e-04 3.365254801550339047e-04 3.362529688121801029e-04 3.363689495630208534e-04
0.000000000000000000e+00 3.337433095047498519e-04 3.369013741971242063e-04 3.347150284455589742e-04 3.362290935103452011e-04 3.381272338033242185e-04 3.383473106349445432e-04 3.362759773693021104e-04 3.371841940182514186e-04 3.364686805255898507e-04 3.330691454936856948e-04 3.346429743006981835e-04 3.361611859418511860e-04 3.359501960404150827e-04 3.341953147616020582e-04 3.379608163697341797e-04 3.345376862893519932e-04 3.348444017413278618e-04 3.374793294736577872e-04 3.351354086188396879e-04 3.350389080285014155e-04 3.377587162751751458e-04 3.363142550287089179e-04 3.378258536409767926e-04 3.381277169110241676e-04 3.380217086465152560e-04 3.378976739577386644e-04 3.365839628040858062e-04 3.354765954578335652e-04 3.327072658622159344e-04 3.362192740989139363e-04 3.378230819596845440e-04 3.326579910275266269e-04 3.359314242117979925e-04 3.355184389395956439e-04 3.340653337306752910e-04 3.359595857362945772e-04
0.000000000000000000e+00 3.338960180838346442e-04 3.364230650318581818e-04 3.352482349167246493e-04 3.368524379429266671e-04 3.367142783764821325e-04 3.354878503151374563e-04 3.375490236429350794e-04 3.372608782517251221e-04 3.365200161955755171e-04 3.361543747198287549e-04 3.339329823791042798e-04 3.349714618367661385e-04 3.365049141079310617e-04 3.374986274692517280e-04 3.334910847059272725e-04 3.361380907621619321e-04 3.332039005146184550e-04 3.344424105654595128e-04 3.379280031775037593e-04 3.384795341311495030e-04 3.352568415930977591e-04 3.346412120252935862e-04 3.340419030453058331e-04 3.344264850159534247e-04 3.344597314748557339e-04 3.345049839208799462e-04 3.342651046515912518e-04 3.360735283733659400e-04 3.331878598584816511e-04 3.360643318108641172e-04 3.375866816719301283e-04 3.332203468881556356e-04 3.357048883901399727e-04 3.361778322934016279e-04 3.366308172165577515e-04 3.378592418753730616e-04
0.000000000000000000e+00 3.344580860530642396e-04 3.344124153729248266e-04 3.344278858959184603e-04 3.341923200410128170e-04 3.361190216131249844e-04 3.330111812312237947e-04 3.343313913048126030e-04 3.375439121841652154e-04 3.364313285371886022e-04 3.356027510022456376e-04 3.338338963300185760e-04 3.336831188005222998e-04 3.352167712965768969e-04 3.328049426260765533e-04 3.359677163625521810e-04 3.340798675982509843e-04 3.344931315029843889e-04 3.353621431223106799e-04 3.366400707564319388e-04 3.384319886646988142e-04 3.338001430917898098e-04 3.343794677075697134e-04 3.343950144920748843e-04 3.343484004096507938e-04 3.342709147958950236e-04 3.341473276660285579e-04 3.339820606110635603e-04 3.341403597197532480e-04 3.348086277521927540e-04 3.333197622914512597e-04 3.373462889253428846e-04 3.340105388038334543e-04 3.333449754456067871e-04 3.359679933025132704e-04 3.372186771679740614e-04 3.357843818030498378e-04
0.000000000000000000e+00 3.343132375895436700e-04 3.335766246095319353e-04 3.335225484335790913e-04 3.338688431633567025e-04 3.324015079250303953e-04 3.360136927525463773e-04 3.334181894681915548e-04 3.352063990854079519e-04 3.382336110564605975e-04 3.371877023847330264e-04 3.361975489143862687e-04 3.348892486095676095e-04 3.344919686901159342e-04 3.346284383126060000e-04 3.352062630825239755e-04 3.378579350236052010e-04 3.381609302081166443e-04 3.383296581855329372e-04 3.384687605379447140e-04 3.388198928367438514e-04 3.368832373037097838e-04 3.379746046068641944e-04 3.380810863766338771e-04 3.380159730996278359e-04 3.379851738654852250e-04 3.378651865715005635e-04 3.376084021814088738e-04 3.360955463459489099e-04 3.344657848183887070e-04 3.333455053860252121e-04 3.359890569786530491e-04 3.338958267247862997e-04 3.331058220205623940e-04 3.335184138460924735e-04 3.358124513025736026e-04 3.349471733855215877e-04
0.000000000000000000e+00 3.334671010725849235e-04 3.363889922650753006e-04 3.377860628750227554e-04 3.380166876515470434e-04 3.377349182576700045e-04 3.336499738154241222e-04 3.360334654983818787e-04 3.332612112950753013e-04 3.383770214834825305e-04 3.354085214923962881e-04 3.362118345161668872e-04 3.348294390743129074e-04 3.342013933564248599e-04 3.361222647340296791e-04 3.363335316444822560e-04 3.358094828607619095e-04 3.351095534198561586e-04 3.355931388546203173e-04 3.347994151907291186e-04 3.388317193278833866e-04 3.380428704536998286e-04 3.363034219903505225e-04 3.344005699161545220e-04 3.334248820093444919e-04 3.345096470584359443e-04 3.343819135897505316e-04 3.342046444683926068e-04 3.336861288108239625e-04 3.349963068924060217e-04 3.337784373817785427e-04 3.323192050016753312e-04 3.335021963503415911e-04 3.376685787994912523e-04 3.332741132524348225e-04 3.336903798447261871e-04 3.340953835551444787e-04
0.000000000000000000e+00 3.339046331655167550e-04 3.368354057902030445e-04 3.353781732759950605e-04 3.350824091575469832e-04 3.341402978481502464e-04 3.374300864336336335e-04 3.345530957697019766e-04 3.345367307910456487e-04 3.386838566234632404e-04 3.377380636863614393e-04 3.369199804069978048e-04 3.362824230581499033e-04 3.332160515200996041e-04 3.336122780391601126e-04 3.341763028334899404e-04 3.335972335778692702e-04 3.335555224984455792e-04 3.337181339122619137e-04 3.342004726846896129e-04 3.384432984944433674e-04 3.352400567816037199e-04 3.339145234050483490e-04 3.350128095310892277e-04 3.362221537116373386e-04 3.329447248564640794e-04 3.342971281444791871e-04 3.342454552203488250e-04 3.337531942168198195e-04 3.347242790712921735e-04 3.334139669178812259e-04 3.345779163801072321e-04 3.351755837727889002e-04 3.364067977679023884e-04 3.340428265479641304e-04 3.326427309243955711e-04 3.344262531915106985e-04
0.000000000000000000e+00 3.342531640126157307e-04 3.350509220893845420e-04 3.331756170104371081e-04 3.340805016203118026e-04 3.354463231468130056e-04 3.359027145552275525e-04 3.375822833659717541e-04 3.371793977920230678e-04 3.380293485477669276e-04 3.356625236738508371e-04 3.369480317371054026e-04 3.365135357929326804e-04 3.359792325662451008e-04 3.321689832208469520e-04 3.360886966271578262e-04 3.376662930665661074e-04 3.378529993765313219e-04 3.375427354709743528e-04 3.370555955580894483e-04 3.381983060092240401e-04 3.354720295417782739e-04 3.344169681724155885e-04 3.351406301911086542e-04 3.332797979793567650e-04 3.377413281010207082e-04 3.376711701148153548e-04 3.363888566179179486e-04 3.322806257748941528e-04 3.345547094156007357e-04 3.369496849689834045e-04 3.355089194059173796e-04 3.360407202082090579e-04 3.374668933600398317e-04 3.345991148939030254e-04 3.362932787248448406e-04 3.341424026066347171e-04
0.000000000000000000e+00 3.341381392152180667e-04 3.347510601923921344e-04 3.330168124975943218e-04 3.377772096600639836e-04 3.382532437765537413e-04 3.380230209043963365e-04 3.359374995537442563e-04 3.375649203916798041e-04 3.385131538181855950e-04 3.375596687598407704e-04 3.376685730318354224e-04 3.346216520339635584e-04 3.330254874935662706e-04 3.339803743928084195e-04 3.342966268288128534e-04 3.362753843145135642e-04 3.354800818939704258e-04 3.348955917933748683e-04 3.375674686896620478e-04 3.373279375405525212e-04 3.350758394245843125e-04 3.336162372176344911e-04 3.346976978546376946e-04 3.377851561834601052e-04 3.377887773981596252e-04 3.363417306926191875e-04 3.357099949967840284e-04 3.352948937485255784e-04 3.332796490716488235e-04 3.368744178532013947e-04 3.376742142781464346e-04 3.351103836191642754e-04 3.382271547620394189e-04 3.348606419940865025e-04 3.378032469359377532e-04 3.349734402447801041e-04
0.000000000000000000e+00 3.329724286747698446e-04 3.365205674781780384e-04 3.376122001502792637e-04 3.361484856208489069e-04 3.350110182642883783e-04 3.347172624461710786e-04 3.346631551744426490e-04 3.353072387766155792e-04 3.379798418884281366e-04 3.340808866507024568e-04 3.348968552585270312e-04 3.330931509533805639e-04 3.356033539268301908e-04 3.363582256805456834e-04 3.341724265065903923e-04 3.341975904377919191e-04 3.330170039577445731e-04 3.354888180074352228e-04 3.369445130804081751e-04 3.384001606323205273e-04 3.384418967958001986e-04 3.383341428403320952e-04 3.379305269127901587e-04 3.336221098894429755e-04 3.347814742185908064e-04 3.364086289279931896e-04 3.329724657148802982e-04 3.322069671644789133e-04 3.368181637514558219e-04 3.350228289288626491e-04 3.346885068937145886e-04 3.380337562763094882e-04 3.385363865258118584e-04 3.350645266877096563e-04 3.381193388967241665e-04 3.340515673750172796e-04
0.000000000000000000e+00 3.351277489609668183e-04 3.351761801935326931e-04 3.358976930975210939e-04 3.326825503652574342e-04 3.333843957236569595e-04 3.339257723033975020e-04 3.340432611739638171e-04 3.355378378545218832e-04 3.384105855955134670e-04 3.334065811651918841e-04 3.346754940432824566e-04 3.363537029007695003e-04 3.355442555393218108e-04 3.367825243261156625e-04 3.336676711232028033e-04 3.363922146522649033e-04 3.334543637872579226e-04 3.347266822894883961e-04 3.360407757171898790e-04 3.385906856128963129e-04 3.353032132275694560e-04 3.354888378829608731e-04 3.348001422201150857e-04 3.346749178967514194e-04 3.353828323344739217e-04 3.325741057181291066e-04 3.355406015188153917e-04 3.342151319514757445e-04 3.331598961918223853e-04 3.331369449802211251e-04 3.363728804158186295e-04 3.381797096118657709e-04 3.383388752374119905e-04 3.362435048402208013e-04 3.383383997715518933e-04 3.383920634536483909e-04
