output_new_topo_ddd_2/finaltopo_bedrock__elevation.asc
ncols 300
nrows 100
xllcorner 0.0
yllcorner 0.0
cellsize 10.0
[rows 51 to 67 of 100, columns 74 to 110 of 300]
3.520373327067226654e+01 4.060786128837651177e+01 3.361075295123590223e+01 1.951574116014161575e+01 3.252123292029281743e+01 2.276664206123335532e+01 3.670159620743198303e+01 4.410037550956413099e+01 4.766660709173381605e+01 4.730738281156720149e+01 5.641472388760434598e+01 6.227675899418764516e+01 6.399961670935810787e+01 5.336931540233189253e+01 3.909485582652352065e+01 5.265692913315443491e+01 5.709721153910615499e+01 6.190846098222507976e+01 6.758324103602603827e+01 7.399454637778426047e+01 8.148627856953942228e+01 8.433123114014512112e+01 8.542445281046545347e+01 7.744651426067635214e+01 6.351019312027958819e+01 5.383855124928435743e+01 6.157327981756623103e+01 4.808456800233791739e+01 6.047867058688201070e+01 6.645111154257372732e+01 6.837897267313394423e+01 7.428239868226299336e+01 8.357889422896508336e+01 8.430182649545349705e+01 8.443460356489370611e+01 7.261495740285712941e+01 5.840384812402108139e+01
2.115603528512230369e+01 3.367075560028510495e+01 3.828194923203672317e+01 3.230837268148528807e+01 1.904787114818536153e+01 3.284917855616689764e+01 3.146883620614428523e+01 3.944673831659815022e+01 5.362866595561288818e+01 6.123793638474806755e+01 6.216560741548921243e+01 6.757071388207165796e+01 5.848222432746251798e+01 4.407560580048401988e+01 3.606791430830367062e+01 3.876671169411482509e+01 4.298026891098932367e+01 4.767033068592187561e+01 5.304011289302478360e+01 6.030803471249965497e+01 7.103424724600951379e+01 8.689994340087847036e+01 9.067431607303575447e+01 8.054013987172008626e+01 6.687048891747441814e+01 5.738276555467736273e+01 6.748783391983808144e+01 6.075214395055921557e+01 4.701331507513683761e+01 5.952346833561746564e+01 5.449758984469536216e+01 6.407908732912567018e+01 7.574899479128717417e+01 8.321425270669888619e+01 7.084917206930650480e+01 7.251917378815812754e+01 5.853703157782256739e+01
3.353608633571217723e+01 1.962966392717045494e+01 3.186043198944199872e+01 1.858461039461329989e+01 3.244479515324861296e+01 2.881799761930503578e+01 4.293073080272997544e+01 5.153648914751875765e+01 5.925949063438864073e+01 6.000079662864413876e+01 4.810467069367598469e+01 5.447938327845299256e+01 5.973784580408597122e+01 4.749536797697177093e+01 3.331700849217866534e+01 4.717769657102878256e+01 5.268634930862290844e+01 5.705383400027958629e+01 6.192838681243112120e+01 6.777101644271931491e+01 7.416443383032269310e+01 8.233534571034780924e+01 8.524095864109875720e+01 7.141923991506315872e+01 6.365210805909624980e+01 7.124148825226406245e+01 7.649964169319099483e+01 6.675362110662641157e+01 5.967129807546552200e+01 4.595014784452688161e+01 5.835252684090900033e+01 5.601948764612872367e+01 6.983038191890024393e+01 7.132128759902100512e+01 6.416213093100117248e+01 7.777461476367658122e+01 6.861402460610381127e+01
3.950338422263916272e+01 3.195762230324062259e+01 1.812191115798881924e+01 3.140508929190860243e+01 3.761121757925089781e+01 4.285620024712952159e+01 4.891521563004812378e+01 5.816118266982070395e+01 5.478365736049821777e+01 5.428308565241451333e+01 4.016161025078942259e+01 4.020024739064367481e+01 4.854851884393741557e+01 4.263594995350305794e+01 3.116170642485014497e+01 3.481065381276029314e+01 3.875852238329088806e+01 4.308833784015614299e+01 4.793754786105566978e+01 5.411955714598070699e+01 6.216864154117871522e+01 7.651603996600486823e+01 8.796150212988452211e+01 7.458442466861156106e+01 7.747520979085356885e+01 8.265697520491598027e+01 7.549234937177124038e+01 6.949736170367569343e+01 6.346155715195114055e+01 5.736775798858612063e+01 4.489991914196050971e+01 5.857805466857082877e+01 6.563181485844479823e+01 5.750771612076878370e+01 7.143037064253064727e+01 8.316978035834925720e+01 7.539868237710845733e+01
3.327325432503456426e+01 2.349758443008431286e+01 3.138617110965211054e+01 1.768235373331076232e+01 3.195433434062230660e+01 4.070928835546214941e+01 4.659769224005829358e+01 4.442449212024426686e+01 4.060307557743623619e+01 5.052727976860415282e+01 4.628676617755881040e+01 3.227021821580321159e+01 4.033163453757640582e+01 2.856192811412736887e+01 4.239832160626592383e+01 4.864255119500093372e+01 5.209520612288241637e+01 5.533421652728998907e+01 5.888187055686150018e+01 6.286909379417031829e+01 6.751052187429499440e+01 7.353427450808023025e+01 8.072876888317048838e+01 8.804579750959480577e+01 8.174404122658130234e+01 7.612558625206109753e+01 6.972915971011568104e+01 5.576762070237097646e+01 5.754427751970541038e+01 4.389132118920873182e+01 5.731339122479663928e+01 4.900741562432803988e+01 5.205506032832654739e+01 6.594825004453262807e+01 7.674527816846945427e+01 7.518585633297962545e+01 7.498062650396430229e+01
2.995676529116406428e+01 3.746967938502107387e+01 3.151907082694490114e+01 1.737249216599824209e+01 3.071658731689302613e+01 2.666868273575589399e+01 4.062043112036610637e+01 3.750000458609265763e+01 3.069908665077930010e+01 4.469700439860721275e+01 4.445618857377898081e+01 3.837595767057728580e+01 2.644766809922573003e+01 4.030073929887041828e+01 3.242396310883135158e+01 3.526205851479338804e+01 3.823169193457334103e+01 4.144299244448318120e+01 4.496579361246693196e+01 4.891200916182024372e+01 5.348386300477359612e+01 6.044970235671233638e+01 7.490697825933891352e+01 8.562341471331495768e+01 7.192444029775315073e+01 6.225388452462362210e+01 6.861688602584615637e+01 5.988320042239111984e+01 4.617167108043111767e+01 4.318688314027580333e+01 5.698471081695223717e+01 6.267871488764817656e+01 5.980613539851061233e+01 7.158947528160778973e+01 7.111272015608288655e+01 6.113609899965791783e+01 6.098131257632087454e+01
4.410542702331602527e+01 4.531374069752514089e+01 3.137682540576428281e+01 3.075903680839724430e+01 1.693379765642216839e+01 3.028638706374369605e+01 3.170230058482418656e+01 2.339196885355884703e+01 3.393020557880743127e+01 3.553997762106429548e+01 3.659421061934610009e+01 2.450396861085664213e+01 3.427684580767776623e+01 4.644436145439202335e+01 4.669994889241695546e+01 4.936998646991288098e+01 5.234155669422770529e+01 5.555982558955825823e+01 5.909201460515054549e+01 6.305244895726404053e+01 6.765613901983694234e+01 7.357012292554721000e+01 8.063974863551574401e+01 8.907403694534129102e+01 7.568574472226003991e+01 6.894237859127369461e+01 5.507191827458512989e+01 5.121408912792064427e+01 5.604263120381380503e+01 4.250596946596206749e+01 5.210978745179283322e+01 6.585578856032799422e+01 7.351435085109795864e+01 7.877129585444478721e+01 6.549520567283127548e+01 5.135694712926326844e+01 6.510458499145825328e+01
4.172102042730999472e+01 4.717858044824430408e+01 4.381329189261197854e+01 2.993996529110657789e+01 2.969410340915479196e+01 1.649618249392991132e+01 1.766557938454959498e+01 1.884456673459556697e+01 2.007648466306691404e+01 2.133728938525335650e+01 2.261792222373916772e+01 3.657132571476363125e+01 4.460892226910853964e+01 5.409053291925859952e+01 5.578581759828424680e+01 5.037271993005212778e+01 5.343475848513225657e+01 5.693603084240682932e+01 6.085854468767225001e+01 6.540408865936667837e+01 7.120998800916527216e+01 7.817880658385658421e+01 8.272689195369366644e+01 7.735852379421031344e+01 7.701505421921433481e+01 7.444313456796841422e+01 6.876140865602640417e+01 6.481216970086639151e+01 5.576091975200125006e+01 4.182766105810130597e+01 4.963935857256567630e+01 5.928487801501926668e+01 7.296276935871181024e+01 6.994408838292538633e+01 6.102348679030813372e+01 4.708229937637583618e+01 5.758762628399176720e+01
2.749017234550100142e+01 3.694831122709534554e+01 4.238237780650852926e+01 3.038851036810230966e+01 1.607293014484643834e+01 2.930325905224395555e+01 3.166711981831052114e+01 3.294974974674143198e+01 2.803868180036393554e+01 3.543177782006580401e+01 3.244250131623993383e+01 3.392767719642058211e+01 4.801190232789342360e+01 5.181994963866627302e+01 4.613939399183694690e+01 3.619643270386034573e+01 3.939438652024536935e+01 4.290100451512708446e+01 4.682714675620199785e+01 5.137243797852876526e+01 5.828479982988344688e+01 7.259243515298473426e+01 7.713223546846549539e+01 6.327271589328729817e+01 6.327212565942997458e+01 6.450637603346415005e+01 6.168472318738601246e+01 5.906930065210661240e+01 5.483937003104005470e+01 4.115329256941533487e+01 5.496642408741580965e+01 6.285711308261690533e+01 6.872228283458311182e+01 6.418902943458306254e+01 5.002807411214004674e+01 4.319110501396312429e+01 4.380484653766217917e+01
3.691983793934412006e+01 2.280280279880202698e+01 3.275141188018874061e+01 3.496578819990038767e+01 2.893820909591795854e+01 1.564947027885413178e+01 2.982049678179277663e+01 4.235687886413535352e+01 4.224225017210259381e+01 4.790733821387539848e+01 4.656543545969118014e+01 4.794955142925605429e+01 4.861563522923105296e+01 4.289315202269185079e+01 3.199772591677793443e+01 4.587710862279298141e+01 5.319914324226505187e+01 5.679393035137444201e+01 6.076017112438758971e+01 6.537309819383780507e+01 7.137699552595168484e+01 7.829674237891286737e+01 7.895053158134314231e+01 6.746656900890533848e+01 5.366806243813299204e+01 5.060196887343681738e+01 4.775766322347875104e+01 4.519500340635045177e+01 4.280210651454353865e+01 4.048043921584812921e+01 5.313591913437335990e+01 4.913681335751038404e+01 6.305557025114391223e+01 6.959364902015808241e+01 6.287155043139770072e+01 5.262024532640217700e+01 3.870704663205074070e+01
4.253710446589618499e+01 3.278882782360805237e+01 1.867696917152870029e+01 2.856932654328160837e+01 1.522708025316520164e+01 2.903278234130546309e+01 2.295569104979357533e+01 3.095976681386038365e+01 4.517719653528892820e+01 5.276499431711666688e+01 4.723276828086161316e+01 4.593481619008544214e+01 4.009605462892518091e+01 2.877816704638918210e+01 4.246591254709493057e+01 3.782775006744950019e+01 4.214036775793086775e+01 4.696672865277454179e+01 5.309741514873289958e+01 6.106212316100474879e+01 7.525979259706038249e+01 8.293103379681214449e+01 6.929966968938479965e+01 5.965153509747622707e+01 6.748465842900499467e+01 6.448531532071130812e+01 5.554816314203682737e+01 5.477532137309685112e+01 5.661629385720764418e+01 5.315365629273922821e+01 3.956680524305330238e+01 4.738736619063916322e+01 5.704956280883921949e+01 7.072673486275199650e+01 6.627698548380044485e+01 5.240858241141165763e+01 4.880336368386534218e+01
3.079627961978919970e+01 3.718232290410407614e+01 2.885539223300894207e+01 1.480514147896298383e+01 2.809355621633965683e+01 3.407907203595770085e+01 3.695776745748876380e+01 4.296247673101161269e+01 5.070105760732840139e+01 4.722027027373835040e+01 3.312149703961300418e+01 3.732847498671382880e+01 2.599281832123037717e+01 3.975301323040756785e+01 3.560545260682332014e+01 4.948718993507681319e+01 5.612912061494813543e+01 6.113761061511233663e+01 6.678136532204564446e+01 7.296706040467734056e+01 8.075362467253002308e+01 8.424346818969434025e+01 7.065208753206168524e+01 6.931900259823353849e+01 7.888926943176640805e+01 7.501553989291085145e+01 6.936559942834597337e+01 6.838528081118542445e+01 6.234580269514275130e+01 4.858938741698504060e+01 3.892794924804320544e+01 5.278747130657685460e+01 6.221567824375281930e+01 6.803673973221670224e+01 6.346653068453782254e+01 4.944674829012950568e+01 3.965201393214576342e+01
3.763193382025220046e+01 2.345856461274413007e+01 3.113493409628948072e+01 2.763455047311756374e+01 1.438648382057268726e+01 2.127063900455888046e+01 3.113195185257378128e+01 4.510778537977851244e+01 4.816957522814090709e+01 4.103655840667754262e+01 3.489419844413055927e+01 2.339093081456724121e+01 3.735420163593955323e+01 3.727732320619340101e+01 4.949300929674199523e+01 4.426584232973734601e+01 5.405390386563708205e+01 6.781500129296584589e+01 6.359307025792750068e+01 6.931224471187761083e+01 6.949394651392472610e+01 7.545426846526740405e+01 8.416042544700259498e+01 8.303510731509202003e+01 7.799858875649013612e+01 7.138616790648002564e+01 6.569924519143721398e+01 6.199884091263096053e+01 5.845492824895781325e+01 5.200055841538478063e+01 3.829202229924537448e+01 5.103047177328107864e+01 4.852849012357667391e+01 5.951373753003313993e+01 6.340047512129517315e+01 5.935514588596765151e+01 5.241893312105791836e+01
4.023037827338698236e+01 3.131261514941155610e+01 1.732053298385025641e+01 1.396923467147206743e+01 2.797816685520910340e+01 3.447586151280377464e+01 4.080583346510344001e+01 4.011022738504854601e+01 3.864823759130185010e+01 2.837622890703802625e+01 2.096028184702425534e+01 3.497631813507103260e+01 4.340607615694847254e+01 5.129287384324693022e+01 5.704637105840048861e+01 5.828901695208360678e+01 6.381365031249561781e+01 6.126841470127956057e+01 4.924682221490856904e+01 6.108845732827776231e+01 5.500253514927247522e+01 6.711392836082357860e+01 7.526617864602475549e+01 8.174277864832338025e+01 6.820762762443592919e+01 5.875182726995639371e+01 5.216765161640552151e+01 4.830837253890151572e+01 4.473583417562220177e+01 4.187869983207653490e+01 5.089628904199577875e+01 3.741752485572460785e+01 5.008273900424954661e+01 4.564430843704300145e+01 4.968256954447368656e+01 6.017756619507520810e+01 5.090607316765939316e+01
2.644917257908646491e+01 2.750623246762349794e+01 1.355246679498028151e+01 2.684628849516752069e+01 3.315980206865652491e+01 4.353054883888189153e+01 2.995624916455268760e+01 2.599525878662932499e+01 3.103941554223098720e+01 1.860575899031091041e+01 3.233273374759033914e+01 3.592605723477300472e+01 4.192948989229850554e+01 5.126652819289491703e+01 5.082430571267455832e+01 5.229685742530779180e+01 5.403134748456692193e+01 5.522540115591412047e+01 4.115511704720935882e+01 5.400837403339965448e+01 4.678538000149464438e+01 5.435574299648124708e+01 6.655959122683202622e+01 8.200128258325916875e+01 7.178470047170985424e+01 6.163861312787707902e+01 6.543911261918607636e+01 5.323906530335917608e+01 5.832779440769812140e+01 4.788930666935769409e+01 5.102898976867328429e+01 5.029597129074978312e+01 3.654844347134469729e+01 3.593898467251500506e+01 4.883453320098467287e+01 5.452715215754053446e+01 4.083322446701676256e+01
3.368620403898732718e+01 1.963550455060322975e+01 2.664369580126642134e+01 1.313834355021423583e+01 2.737513807802849541e+01 3.465175445195022519e+01 2.869298846544290527e+01 1.614651687137791924e+01 1.715532408917062668e+01 3.092832732728797041e+01 2.048554013292882914e+01 2.183439578311958229e+01 3.155969089262027794e+01 3.935195280243750915e+01 3.659878602570856287e+01 3.809374878297264644e+01 3.976773957347246125e+01 4.559363454613919941e+01 3.594523211569986643e+01 4.000796654967705734e+01 5.400856155840973827e+01 5.997794709004195823e+01 6.470088797751311915e+01 7.069181451748498546e+01 7.671115245260907045e+01 7.288130394201724016e+01 7.267874290762814837e+01 6.108905804254384719e+01 6.725973747909240785e+01 5.575881351481368142e+01 6.467742866713456351e+01 5.656434295531253298e+01 5.061445268100763428e+01 4.885243568037351025e+01 3.508077124931153179e+01 4.802532329473520889e+01 5.051391418803257949e+01
3.049042486232751159e+01 1.657392653706734720e+01 1.469241994739897983e+01 1.284690972356879968e+01 2.628623467279927794e+01 2.731788718934794957e+01 1.473952964824586331e+01 2.848763166409804981e+01 3.130416444609970839e+01 3.712433593057648551e+01 3.037680606561584185e+01 3.573641281061524211e+01 2.379697312091298755e+01 2.524453331030162673e+01 2.673620587494054845e+01 2.826242547202588185e+01 2.988706829177625224e+01 3.156081923542825152e+01 3.485599954160372960e+01 3.826686494536163252e+01 4.180560924549256896e+01 4.561366584086067633e+01 4.995995099031587472e+01 5.520948840149359427e+01 6.451526336572392495e+01 8.089785153454252509e+01 8.079076704509503770e+01 7.512916022810688332e+01 7.539463417946988955e+01 6.974302350168844100e+01 7.081159712300130593e+01 6.515997710385406094e+01 5.967621656764848836e+01 5.471717165153364704e+01 4.780930382422165792e+01 3.422341914729994983e+01 4.617166779169199486e+01
