output_new_topo_ddd_2/finaltopo_flow__link_to_receiver_node.asc
ncols 300
nrows 100
xllcorner 0.0
yllcorner 0.0
cellsize 10.0
[rows 0 to 16 of 100, columns 74 to 110 of 300]
-1.000000000000000000e+00 -1.000000000000000000e+00 -1.000000000000000000e+00 -1.000000000000000000e+00 -1.000000000000000000e+00 -1.000000000000000000e+00 -1.000000000000000000e+00 -1.000000000000000000e+00 -1.000000000000000000e+00 -1.000000000000000000e+00 -1.000000000000000000e+00 -1.000000000000000000e+00 -1.000000000000000000e+00 -1.000000000000000000e+00 -1.000000000000000000e+00 -1.000000000000000000e+00 -1.000000000000000000e+00 -1.000000000000000000e+00 -1.000000000000000000e+00 -1.000000000000000000e+00 -1.000000000000000000e+00 -1.000000000000000000e+00 -1.000000000000000000e+00 -1.000000000000000000e+00 -1.000000000000000000e+00 -1.000000000000000000e+00 -1.000000000000000000e+00 -1.000000000000000000e+00 -1.000000000000000000e+00 -1.000000000000000000e+00 -1.000000000000000000e+00 -1.000000000000000000e+00 -1.000000000000000000e+00 -1.000000000000000000e+00 -1.000000000000000000e+00 -1.000000000000000000e+00 -1.000000000000000000e+00
1.177520000000000000e+05 1.177540000000000000e+05 1.177590000000000000e+05 1.177610000000000000e+05 5.848000000000000000e+04 1.177620000000000000e+05 1.177670000000000000e+05 5.848300000000000000e+04 5.848400000000000000e+04 5.848500000000000000e+04 1.177720000000000000e+05 5.848700000000000000e+04 5.848800000000000000e+04 1.177780000000000000e+05 1.177830000000000000e+05 5.849100000000000000e+04 5.849200000000000000e+04 1.177860000000000000e+05 5.849400000000000000e+04 1.177900000000000000e+05 5.879600000000000000e+04 1.177970000000000000e+05 5.849800000000000000e+04 5.849900000000000000e+04 5.850000000000000000e+04 1.178050000000000000e+05 5.850200000000000000e+04 5.850300000000000000e+04 5.850400000000000000e+04 5.850500000000000000e+04 5.850600000000000000e+04 5.850700000000000000e+04 5.850800000000000000e+04 1.178180000000000000e+05 1.178200000000000000e+05 1.178250000000000000e+05 1.178270000000000000e+05
1.171540000000000000e+05 1.171560000000000000e+05 5.817900000000000000e+04 5.818000000000000000e+04 1.171650000000000000e+05 5.788200000000000000e+04 5.818300000000000000e+04 1.171710000000000000e+05 5.788500000000000000e+04 1.171720000000000000e+05 1.171770000000000000e+05 5.788800000000000000e+04 1.171780000000000000e+05 5.818900000000000000e+04 1.171850000000000000e+05 5.789200000000000000e+04 1.171860000000000000e+05 1.171910000000000000e+05 5.789500000000000000e+04 1.171920000000000000e+05 1.171970000000000000e+05 5.819800000000000000e+04 1.172010000000000000e+05 5.790000000000000000e+04 1.172050000000000000e+05 5.790200000000000000e+04 1.172060000000000000e+05 5.820300000000000000e+04 5.820400000000000000e+04 5.820500000000000000e+04 5.820600000000000000e+04 5.820700000000000000e+04 5.820800000000000000e+04 5.820900000000000000e+04 5.821000000000000000e+04 1.172270000000000000e+05 1.172290000000000000e+05
1.165560000000000000e+05 5.757800000000000000e+04 1.171600000000000000e+05 1.171620000000000000e+05 5.758200000000000000e+04 1.165690000000000000e+05 5.728400000000000000e+04 5.758500000000000000e+04 5.728600000000000000e+04 5.758600000000000000e+04 5.728800000000000000e+04 1.165780000000000000e+05 5.758900000000000000e+04 1.165850000000000000e+05 5.759200000000000000e+04 5.729300000000000000e+04 5.759300000000000000e+04 5.729500000000000000e+04 1.165920000000000000e+05 5.759600000000000000e+04 1.165990000000000000e+05 5.729900000000000000e+04 5.760000000000000000e+04 1.166050000000000000e+05 5.730200000000000000e+04 1.166060000000000000e+05 5.760300000000000000e+04 5.790400000000000000e+04 5.790500000000000000e+04 5.790600000000000000e+04 5.790700000000000000e+04 5.790800000000000000e+04 5.790900000000000000e+04 1.172210000000000000e+05 1.172230000000000000e+05 5.761300000000000000e+04 5.761400000000000000e+04
5.697800000000000000e+04 5.697900000000000000e+04 5.668100000000000000e+04 5.668200000000000000e+04 1.165660000000000000e+05 5.698400000000000000e+04 1.159730000000000000e+05 5.698600000000000000e+04 1.159770000000000000e+05 5.668800000000000000e+04 1.159780000000000000e+05 5.698900000000000000e+04 1.159820000000000000e+05 5.699200000000000000e+04 1.159890000000000000e+05 5.669400000000000000e+04 5.699400000000000000e+04 5.669600000000000000e+04 5.699600000000000000e+04 1.159960000000000000e+05 1.160010000000000000e+05 5.670000000000000000e+04 1.160050000000000000e+05 5.670200000000000000e+04 1.160060000000000000e+05 5.700300000000000000e+04 1.166090000000000000e+05 1.160120000000000000e+05 5.670700000000000000e+04 5.670800000000000000e+04 1.160180000000000000e+05 5.671000000000000000e+04 5.671100000000000000e+04 1.160240000000000000e+05 1.160260000000000000e+05 1.166280000000000000e+05 1.166300000000000000e+05
5.637900000000000000e+04 5.638000000000000000e+04 1.153670000000000000e+05 5.608300000000000000e+04 1.153680000000000000e+05 1.159700000000000000e+05 5.638600000000000000e+04 5.638700000000000000e+04 5.638800000000000000e+04 1.153810000000000000e+05 5.609000000000000000e+04 1.153820000000000000e+05 5.639100000000000000e+04 5.639300000000000000e+04 5.639400000000000000e+04 5.609500000000000000e+04 5.639500000000000000e+04 5.609700000000000000e+04 1.153960000000000000e+05 5.639800000000000000e+04 5.640000000000000000e+04 1.154050000000000000e+05 5.610200000000000000e+04 1.154060000000000000e+05 5.640300000000000000e+04 5.610500000000000000e+04 5.610600000000000000e+04 5.610700000000000000e+04 5.610800000000000000e+04 1.154180000000000000e+05 5.611000000000000000e+04 1.154220000000000000e+05 5.641100000000000000e+04 5.641200000000000000e+04 5.641300000000000000e+04 5.611500000000000000e+04 5.611600000000000000e+04
5.578000000000000000e+04 1.147640000000000000e+05 5.578300000000000000e+04 1.147710000000000000e+05 5.548500000000000000e+04 1.147720000000000000e+05 1.153740000000000000e+05 5.608700000000000000e+04 5.608800000000000000e+04 5.579000000000000000e+04 5.549100000000000000e+04 5.579100000000000000e+04 5.549300000000000000e+04 1.147880000000000000e+05 5.579500000000000000e+04 1.147950000000000000e+05 5.549700000000000000e+04 1.147960000000000000e+05 5.579800000000000000e+04 5.550000000000000000e+04 1.148050000000000000e+05 5.550200000000000000e+04 1.148060000000000000e+05 5.580300000000000000e+04 5.580400000000000000e+04 5.580500000000000000e+04 5.580600000000000000e+04 5.580700000000000000e+04 5.580800000000000000e+04 5.580900000000000000e+04 5.581000000000000000e+04 5.581100000000000000e+04 5.581200000000000000e+04 5.581300000000000000e+04 1.154290000000000000e+05 1.148350000000000000e+05 5.551700000000000000e+04
5.518100000000000000e+04 5.518200000000000000e+04 1.141710000000000000e+05 5.518500000000000000e+04 5.488600000000000000e+04 5.518600000000000000e+04 1.147760000000000000e+05 5.548800000000000000e+04 5.519000000000000000e+04 5.519100000000000000e+04 1.141870000000000000e+05 5.489300000000000000e+04 1.141880000000000000e+05 5.519400000000000000e+04 1.147920000000000000e+05 5.519700000000000000e+04 5.489800000000000000e+04 5.519800000000000000e+04 5.490000000000000000e+04 1.142050000000000000e+05 5.490200000000000000e+04 1.142060000000000000e+05 5.520300000000000000e+04 5.550400000000000000e+04 5.550500000000000000e+04 5.550600000000000000e+04 5.550700000000000000e+04 1.148170000000000000e+05 5.520900000000000000e+04 5.491100000000000000e+04 5.491200000000000000e+04 5.491300000000000000e+04 5.491400000000000000e+04 1.142300000000000000e+05 1.142320000000000000e+05 5.521700000000000000e+04 1.142390000000000000e+05
5.458200000000000000e+04 5.458300000000000000e+04 5.458500000000000000e+04 5.458600000000000000e+04 5.428700000000000000e+04 5.458700000000000000e+04 1.135780000000000000e+05 5.459000000000000000e+04 1.135850000000000000e+05 1.141840000000000000e+05 5.459300000000000000e+04 1.135910000000000000e+05 5.429500000000000000e+04 1.135920000000000000e+05 5.459600000000000000e+04 5.459800000000000000e+04 1.136010000000000000e+05 5.430000000000000000e+04 5.430100000000000000e+04 5.430200000000000000e+04 1.136060000000000000e+05 5.460300000000000000e+04 1.142090000000000000e+05 5.460500000000000000e+04 5.490600000000000000e+04 1.142150000000000000e+05 1.142180000000000000e+05 5.490900000000000000e+04 1.142210000000000000e+05 5.461100000000000000e+04 5.461200000000000000e+04 5.461300000000000000e+04 5.461400000000000000e+04 5.461500000000000000e+04 5.461600000000000000e+04 1.142360000000000000e+05 5.461900000000000000e+04
5.398300000000000000e+04 5.398400000000000000e+04 5.398600000000000000e+04 5.398700000000000000e+04 1.129790000000000000e+05 5.368900000000000000e+04 1.129800000000000000e+05 5.369100000000000000e+04 5.399200000000000000e+04 1.129890000000000000e+05 5.369400000000000000e+04 5.399500000000000000e+04 5.369600000000000000e+04 5.399600000000000000e+04 1.129990000000000000e+05 5.369900000000000000e+04 5.400000000000000000e+04 5.370100000000000000e+04 1.130040000000000000e+05 5.400200000000000000e+04 5.400300000000000000e+04 1.136090000000000000e+05 5.430500000000000000e+04 1.136130000000000000e+05 5.400700000000000000e+04 5.430800000000000000e+04 1.136190000000000000e+05 5.401100000000000000e+04 5.431100000000000000e+04 5.431200000000000000e+04 5.431300000000000000e+04 5.431400000000000000e+04 1.136310000000000000e+05 1.136330000000000000e+05 1.136350000000000000e+05 5.401900000000000000e+04 1.136400000000000000e+05
5.338400000000000000e+04 5.308600000000000000e+04 1.123740000000000000e+05 1.129760000000000000e+05 5.338900000000000000e+04 5.309000000000000000e+04 5.339000000000000000e+04 5.309200000000000000e+04 1.123860000000000000e+05 5.339400000000000000e+04 1.123930000000000000e+05 5.309600000000000000e+04 1.123940000000000000e+05 5.339700000000000000e+04 5.339900000000000000e+04 1.124030000000000000e+05 5.310100000000000000e+04 1.124040000000000000e+05 5.340200000000000000e+04 5.370300000000000000e+04 1.130090000000000000e+05 5.340500000000000000e+04 5.340600000000000000e+04 5.370700000000000000e+04 1.130170000000000000e+05 5.340900000000000000e+04 5.371000000000000000e+04 1.130240000000000000e+05 5.371200000000000000e+04 1.130270000000000000e+05 5.341400000000000000e+04 5.341500000000000000e+04 5.371600000000000000e+04 1.130350000000000000e+05 5.311900000000000000e+04 1.130400000000000000e+05 5.372000000000000000e+04
5.278500000000000000e+04 5.248700000000000000e+04 1.117760000000000000e+05 1.117810000000000000e+05 5.279000000000000000e+04 1.117850000000000000e+05 5.249200000000000000e+04 1.117860000000000000e+05 5.279300000000000000e+04 1.123900000000000000e+05 5.279600000000000000e+04 5.249700000000000000e+04 5.279700000000000000e+04 1.123970000000000000e+05 1.118030000000000000e+05 5.280100000000000000e+04 5.250200000000000000e+04 5.280200000000000000e+04 1.124070000000000000e+05 1.124100000000000000e+05 5.310500000000000000e+04 1.124130000000000000e+05 5.280700000000000000e+04 5.280800000000000000e+04 5.310900000000000000e+04 5.251100000000000000e+04 1.118240000000000000e+05 1.124260000000000000e+05 5.311300000000000000e+04 5.311400000000000000e+04 1.124310000000000000e+05 1.124330000000000000e+05 1.118390000000000000e+05 5.251900000000000000e+04 5.252000000000000000e+04 1.118420000000000000e+05 5.282200000000000000e+04
5.218600000000000000e+04 5.188800000000000000e+04 5.218800000000000000e+04 1.111830000000000000e+05 1.111850000000000000e+05 5.189200000000000000e+04 1.111860000000000000e+05 5.219300000000000000e+04 5.219400000000000000e+04 5.219600000000000000e+04 5.219700000000000000e+04 5.189800000000000000e+04 5.219800000000000000e+04 5.190000000000000000e+04 1.112050000000000000e+05 5.190200000000000000e+04 1.112060000000000000e+05 5.220300000000000000e+04 5.190500000000000000e+04 5.190600000000000000e+04 1.112140000000000000e+05 5.250700000000000000e+04 5.190900000000000000e+04 5.191000000000000000e+04 5.191100000000000000e+04 5.191200000000000000e+04 1.112260000000000000e+05 5.191400000000000000e+04 1.112300000000000000e+05 5.251500000000000000e+04 1.118330000000000000e+05 1.118350000000000000e+05 5.221900000000000000e+04 1.112430000000000000e+05 5.192100000000000000e+04 5.192200000000000000e+04 1.112460000000000000e+05
5.128800000000000000e+04 5.128900000000000000e+04 5.158900000000000000e+04 1.105850000000000000e+05 5.129200000000000000e+04 1.105860000000000000e+05 5.159300000000000000e+04 1.111890000000000000e+05 1.111910000000000000e+05 5.159700000000000000e+04 5.159800000000000000e+04 1.106010000000000000e+05 5.130000000000000000e+04 1.106050000000000000e+05 5.130200000000000000e+04 1.106060000000000000e+05 5.160300000000000000e+04 1.112090000000000000e+05 5.160500000000000000e+04 5.160600000000000000e+04 5.160700000000000000e+04 5.130900000000000000e+04 5.131000000000000000e+04 5.131100000000000000e+04 5.131200000000000000e+04 5.131300000000000000e+04 5.131400000000000000e+04 5.131500000000000000e+04 5.131600000000000000e+04 1.106340000000000000e+05 1.106360000000000000e+05 1.106380000000000000e+05 5.162000000000000000e+04 5.162100000000000000e+04 1.106470000000000000e+05 5.132300000000000000e+04 5.132400000000000000e+04
5.098900000000000000e+04 1.099830000000000000e+05 5.069100000000000000e+04 5.069200000000000000e+04 1.099860000000000000e+05 5.099300000000000000e+04 1.105890000000000000e+05 5.069600000000000000e+04 1.099940000000000000e+05 5.099800000000000000e+04 1.105980000000000000e+05 5.100000000000000000e+04 1.100050000000000000e+05 5.070200000000000000e+04 1.100060000000000000e+05 5.100300000000000000e+04 1.106090000000000000e+05 5.130500000000000000e+04 5.130600000000000000e+04 5.130700000000000000e+04 1.106170000000000000e+05 5.100900000000000000e+04 5.101000000000000000e+04 5.101100000000000000e+04 5.101200000000000000e+04 5.101300000000000000e+04 5.101400000000000000e+04 5.101500000000000000e+04 5.101600000000000000e+04 5.101700000000000000e+04 5.101800000000000000e+04 5.101900000000000000e+04 1.100420000000000000e+05 1.106440000000000000e+05 5.102300000000000000e+04 1.100510000000000000e+05 5.072500000000000000e+04
5.068900000000000000e+04 5.039100000000000000e+04 5.039200000000000000e+04 1.093890000000000000e+05 5.009400000000000000e+04 5.009500000000000000e+04 5.009600000000000000e+04 1.093940000000000000e+05 5.039700000000000000e+04 1.099980000000000000e+05 5.040000000000000000e+04 1.094050000000000000e+05 5.010200000000000000e+04 1.094060000000000000e+05 5.040300000000000000e+04 1.100090000000000000e+05 5.070500000000000000e+04 1.100130000000000000e+05 5.070700000000000000e+04 1.100180000000000000e+05 5.070900000000000000e+04 5.071000000000000000e+04 5.071100000000000000e+04 5.071200000000000000e+04 5.071300000000000000e+04 5.071400000000000000e+04 1.100310000000000000e+05 5.071600000000000000e+04 1.100350000000000000e+05 5.041800000000000000e+04 5.041900000000000000e+04 5.042000000000000000e+04 5.042100000000000000e+04 5.042200000000000000e+04 1.100480000000000000e+05 5.042500000000000000e+04 1.094550000000000000e+05
4.979100000000000000e+04 1.093840000000000000e+05 5.009200000000000000e+04 4.979400000000000000e+04 4.949500000000000000e+04 4.979500000000000000e+04 4.979600000000000000e+04 4.979700000000000000e+04 1.087980000000000000e+05 1.088030000000000000e+05 4.950100000000000000e+04 4.980200000000000000e+04 4.950300000000000000e+04 4.980300000000000000e+04 1.094090000000000000e+05 4.980500000000000000e+04 4.950700000000000000e+04 4.950800000000000000e+04 4.950900000000000000e+04 1.094200000000000000e+05 5.011000000000000000e+04 1.094230000000000000e+05 5.011200000000000000e+04 1.094270000000000000e+05 5.011400000000000000e+04 4.981600000000000000e+04 5.011600000000000000e+04 4.981700000000000000e+04 5.011800000000000000e+04 4.981900000000000000e+04 5.012000000000000000e+04 1.094430000000000000e+05 1.094450000000000000e+05 1.088510000000000000e+05 4.952500000000000000e+04 4.952600000000000000e+04 4.982700000000000000e+04
