output_new_topo_ddd_2/finaltopo_topographic__steepest_slope.asc
ncols 300
nrows 100
xllcorner 0.0
yllcorner 0.0
cellsize 10.0
[rows 51 to 67 of 100, columns 222 to 258 of 300]
7.948851396930404212e-01 1.397405499866434919e+00 1.408976479050821684e+00 6.905613567793933427e-01 1.383686342828599924e+00 3.537262859146714927e-02 1.374255179663309345e+00 3.116348864431294219e-01 1.423670181386194944e+00 1.381131401777224710e+00 9.860250973925033247e-01 7.989712786267870737e-01 1.406168444957408781e+00 1.420834370144379077e+00 1.393561069447714074e+00 9.890345283791276421e-01 1.388635323635465824e+00 1.418850595121384339e+00 1.420513340513051448e+00 1.408442793462699072e+00 9.755903307067512742e-01 2.127079719492434851e-01 1.394218478422478258e+00 1.409709533478202603e+00 7.928578882570580522e-01 1.381777222200513355e+00 2.409048043783713206e-02 1.381515437976979843e+00 1.400522615369567347e+00 1.407634224714239268e+00 2.675245790296861825e-01 1.388111207528976099e+00 1.382049544530955743e+00 5.135702749780829413e-01 7.966634576950710755e-01 1.411224161359144968e+00 1.392155103386864656e+00
1.404266237779797422e+00 9.826241300249924926e-01 1.413037875183242864e+00 1.418088203057104479e+00 1.430636497035072452e+00 1.400081294528747300e+00 3.509758056966724021e-02 1.374301489709273794e+00 1.399812805865867205e+00 1.406416012671586113e+00 3.639429785233705972e-01 5.141399586239675523e-01 8.017161344756853492e-01 1.413375850647517584e+00 1.393276503709526493e+00 6.119570736635452368e-01 1.416789979974148350e+00 1.371599875751918773e+00 1.382473082761813910e+00 1.405399584489901210e+00 1.416229708962586153e+00 1.406948243036657997e+00 2.006553466943184760e-01 1.936746502428391692e-01 1.857110982775553865e-01 2.369547362703539051e-02 1.372131413586815007e+00 6.872051500763659559e-01 1.405581700664178202e+00 1.407553234319868674e+00 1.391951392420294198e+00 2.910099615101577886e-01 1.397776463655362900e+00 1.378968841944436807e+00 1.389025098261479796e+00 1.386475884101135758e+00 1.391916552856103939e+00
1.402804420864622648e+00 1.400722795790323216e+00 1.394656768731651564e+00 1.395843161901495266e+00 1.359942180071514128e+00 1.419623476564132236e+00 1.373442358140219088e+00 3.471239749942370278e-02 1.374680594152523971e+00 3.317486743187459397e-01 1.409678802660897734e+00 1.393494450420520891e+00 1.391219553401758180e+00 1.390589627379946513e+00 9.775435605814681850e-01 4.818357283714753692e-01 1.424884569410907798e+00 1.394564401173695289e+00 7.894858515626246298e-01 1.383625284119115673e+00 1.388965535056630785e+00 1.412352651669579684e+00 1.420024324789521897e+00 1.408774633018339939e+00 1.387813827702108371e+00 2.367687014011661192e-02 1.416190709867588993e+00 1.392210731964275583e+00 1.406128375116961982e+00 1.394967693787511065e+00 6.104833692051980787e-01 1.394688509626399675e+00 3.637014028412596245e-01 4.831052072989255319e-01 6.149544767086034813e-01 7.997039152056146794e-01 1.404322802409669224e+00
1.426472820218462001e+00 1.351925185609474056e+00 1.432173532945498096e+00 6.877043057695557682e-01 9.628585156080624596e-01 1.393111361516450319e+00 2.524144190060186310e-01 1.363372839826223704e+00 3.434118873941063160e-02 1.398412273904160008e+00 1.389626514796409307e+00 1.408614227628717908e+00 1.400428025362074891e+00 1.412120503739608735e+00 3.400938275425117729e-01 7.924836114974833645e-01 1.410540582185280556e+00 1.416813389529112843e+00 5.138020384481044589e-01 1.387684857357511348e+00 7.887910323516038602e-01 1.409775103212808745e+00 1.379350044879810833e+00 1.374581205908391723e+00 1.417458461585179741e+00 2.366727770727745581e-02 1.401405400187007100e+00 1.395407941527026408e+00 1.411801980760362563e+00 1.377700785465520994e+00 9.822479768069939388e-01 1.385434198474260858e+00 6.868063584500386787e-01 1.403196486116316866e+00 1.410752338798825889e+00 1.415704978823680404e+00 1.418045829507502686e+00
1.391956042212717071e+00 9.735485957004685886e-01 1.384418559390645953e+00 1.396185284921306557e+00 2.883189916086635884e-01 2.652887098752857997e-01 1.392698794684100960e+00 1.417234476291675760e+00 3.430904111759042197e-02 1.373831710284358021e+00 6.869005931024005918e-01 1.399198607915528303e+00 1.403128862704212665e+00 2.845545953833119590e-01 1.398831598752949601e+00 1.401281592636702600e+00 1.399656938589362687e+00 1.378911532764636183e+00 1.418956203544895489e+00 3.914634305878287313e-01 3.606534056294524726e-01 3.028222563431849368e-01 1.389276530642226559e+00 9.738755818514264195e-01 1.376987907110882592e+00 2.364302323096811875e-02 4.814217983025514402e-01 5.176972366771049883e-01 9.906910469352524506e-01 1.426814852909062292e+00 1.386270141259417610e+00 1.399721688093118255e+00 1.415571660534495679e+00 1.400477025368918049e+00 1.394342592806513847e+00 1.398727173977188265e+00 1.398484159840441388e+00
1.389056908773987686e+00 9.816316644463747298e-01 4.796908863008383372e-01 3.750460369905997959e-01 1.393146574584187558e+00 9.888043514331347206e-01 1.379103956872338443e+00 1.405856111261928554e+00 1.376419877745228115e+00 3.421869691707524197e-02 1.381774787615114963e+00 1.385573567771352543e+00 2.626677361903321795e-01 1.396855396111140069e+00 7.992117897770731894e-01 1.416663154846624195e+00 1.395725349402172411e+00 1.424436768487753024e+00 1.393902663032212441e+00 1.394811233381235693e+00 1.400378984159114548e+00 1.406865924995121420e+00 2.709197946330430540e-01 2.545578992230261295e-01 2.351575117682536131e-02 1.370225592267592774e+00 6.089118806136826212e-01 1.382020459798423362e+00 9.865067392851225581e-01 1.402012857918717881e+00 1.387199399167196479e+00 1.404707939533351713e+00 1.419531774011372205e+00 1.391118133733457496e+00 5.581163549308041372e-01 7.981755630339982810e-01 1.423560277060904822e+00
1.413949054871747490e+00 1.385991018154368870e+00 1.406193776919881344e+00 7.919988169856203575e-01 1.376330113926909959e+00 1.410177313447156688e+00 1.418776218739785433e+00 7.985729247955013488e-01 6.107694427895896672e-01 3.346111188946281068e-02 2.356104193200501129e-01 2.404048063356608311e-01 1.409933029165841400e+00 1.423422068755011649e+00 1.398669062817862851e+00 1.384634837342115787e+00 1.409541029816915092e+00 7.988858565752835483e-01 1.391681863423407384e+00 1.426990705168984963e+00 1.386581846881588476e+00 1.409640041234696106e+00 1.400662719837450609e+00 1.390119607784641165e+00 2.349240118479407544e-02 1.407606002393617661e+00 1.386102201264496347e+00 9.781443216613664449e-01 1.376107613496549975e+00 1.380781549149586507e+00 9.818968595563066781e-01 1.402979819560491892e+00 3.512377420110822102e-01 3.922578758663057275e-01 9.782579503612595095e-01 1.393944966622287840e+00 1.397734059250463234e+00
9.848015808969939888e-01 1.420294894959732490e+00 1.373164387196078140e+00 1.388931682853929317e+00 1.422044339398950585e+00 1.382480031534240927e+00 1.410492306221815983e+00 1.389437204276955162e+00 1.407535773892769626e+00 3.363504652939201811e-02 1.389515323873277364e+00 1.402466769446299555e+00 1.420751025606341367e+00 1.384354561773129433e+00 1.395656504854367208e+00 1.418985849474436289e+00 7.936648461273613231e-01 4.097782637631784963e-01 1.385885332667467384e+00 6.853759328946200657e-01 1.394042651516988585e+00 1.402443192788131565e+00 1.408932857486984824e+00 1.388743250743138535e+00 2.354403241506105096e-02 9.832944530765761471e-01 1.395598475579024278e+00 1.397919572354850981e+00 1.395023489492640545e+00 9.804448997129676657e-01 1.391313034678198335e+00 3.051434792045717437e-01 1.407298812698082546e+00 1.405111082373550646e+00 1.391565467620927254e+00 1.395884367352560052e+00 6.861662171315976444e-01
6.872272527790961316e-01 1.413916992366638592e+00 1.397111239604111876e+00 1.404917127107477182e+00 7.977533156271643389e-01 1.410802207188171842e+00 1.389801142939910417e+00 9.746043070340031367e-01 1.401989307036980215e+00 3.367721280333111494e-02 1.389896609245509618e+00 1.414253834677718258e+00 1.383650579166627370e+00 6.849207421363764370e-01 1.417238600706365093e+00 1.394850548725945938e+00 7.845142465652066299e-01 1.384987484882425290e+00 3.113220465003827542e-01 2.706074224168683040e-01 1.389105684707590882e+00 9.821836196798610086e-01 1.381486637135628248e+00 2.306945066982780609e-02 1.368054666891152182e+00 1.386306615145370458e+00 1.403721184098114305e+00 7.930790810481930242e-01 1.403125589862945111e+00 1.388332171056887443e+00 1.627489176472139421e-01 1.381158160124350331e+00 1.409258970892124152e+00 1.368871899072749976e+00 1.403929008048220961e+00 4.313624762946228208e-01 7.947722153145576618e-01
1.610491910900300194e-01 1.404651899099835344e+00 1.402765281149110699e+00 7.920390787749502781e-01 6.119799371150833611e-01 1.409586534607698560e+00 1.394943866300718316e+00 9.829336070545189319e-01 5.152393172119349440e-01 1.368894875804332667e+00 3.362786384507980564e-02 1.406426759314077790e+00 5.541388864985329343e-01 9.812257880035800683e-01 1.420797455078815830e+00 1.362067760950707918e+00 1.418378940002772648e+00 6.878855511702004488e-01 1.382990383149363511e+00 1.384211187498302964e+00 2.549350365468672774e-01 2.283761188473859213e-02 2.295997940008671565e-02 1.368429085915039201e+00 1.040484269795328709e-01 1.369945754276219896e+00 1.064350448256271148e-01 1.069554377080347563e-01 1.373559575126997334e+00 1.592777423017057437e-01 1.376524694174625862e+00 2.028028085277970016e-01 1.401943328073224304e+00 1.392499067774710442e+00 3.520857813856879126e-01 1.416146537391098637e+00 1.401824589994352888e+00
1.378567376266243816e+00 1.515995773333150276e-01 1.392127335075830530e+00 1.384723959863116249e+00 4.100871010998238253e-01 1.413044657022629380e+00 1.389962437298356779e+00 1.385578819078086665e+00 1.382640863900166606e+00 1.411778963534998876e+00 3.345563051191025039e-02 1.371692619556144077e+00 3.204814452770345379e-01 1.409014748414212592e+00 1.396174597946907348e+00 1.413989328787931710e+00 1.401046161721890559e+00 1.390219234769249912e+00 1.414957476281745841e+00 9.852786714227139697e-01 2.273495278981379000e-02 1.378546582015191202e+00 1.414286927425570717e+00 1.403050962968929616e+00 1.398426323062307963e+00 1.048696009508589266e-01 1.393852208049352059e+00 1.387440661632636463e+00 1.099966192147277672e-01 1.375329680983497838e+00 1.390433001628397225e+00 1.396955793013856972e+00 2.119036792414190351e-01 3.190655695313182605e-01 1.405025417936479171e+00 1.408772293351596927e+00 1.391164018260284463e+00
5.563653877036759399e-01 1.381619757999461129e+00 1.383046610990867065e-01 1.360573421024367791e-01 1.285720839318778008e-01 1.390621772226850794e+00 9.801403430005872774e-01 1.412497972044802541e+00 1.424773190455292493e+00 1.380378282612078289e+00 3.322231972418034779e-02 2.768051808745412012e-01 1.390965639217995653e+00 4.818839607736935537e-01 6.884906771589858199e-01 1.425700398262775170e+00 1.400238837473929854e+00 1.408055900262822790e+00 1.392489888445699986e+00 1.415770979646623129e+00 2.283559061313617661e-02 1.386669361494996977e+00 1.395715768945925417e+00 1.388299970259823990e+00 1.400032665399856713e+00 9.919630638610854589e-01 1.413081649882764523e+00 1.376747492503272108e+00 1.375061508419948009e+00 1.560476679966637248e-01 1.431021472585017218e+00 1.378171703660769465e+00 1.409535715229424779e+00 3.036336415684384171e-01 1.397762391658167846e+00 1.380667109927274039e+00 6.855821504327702653e-01
1.386726582193163138e+00 1.391628470079933511e+00 3.935453586539857662e-01 1.391839773964106852e+00 1.379287285190787582e+00 1.244922803067938649e-01 1.381537924799891126e+00 1.390893726063383351e+00 3.325454345889622410e-02 3.328961183784802380e-02 1.383836387212087127e+00 7.942637515458551567e-01 1.416086022979363479e+00 1.410453894259987795e+00 1.403867291513479332e+00 1.390082200402966928e+00 1.430228847531288539e+00 6.859304258035322510e-01 5.161456925693940212e-01 1.377728264704058958e+00 1.363215683531938005e+00 2.283489299547093385e-02 4.814940018733693816e-01 8.013988767857618267e-01 1.408498073468884115e+00 1.414114417012591884e+00 1.373707560768885783e+00 3.618821629589962785e-01 1.619269660554761570e-01 1.367046615794801356e+00 9.862303873034613533e-01 1.406238381816776073e+00 1.396187645638896413e+00 1.411241857986797799e+00 3.390838704175095919e-01 4.091502786681715520e-01 7.914983546029056294e-01
5.148464861265455994e-01 4.557440466188508732e-01 1.406532774019804588e+00 1.397672597290888774e+00 6.868857226218801904e-01 1.386572337334530003e+00 1.215170063347150303e-01 3.206459040989116660e-02 1.359963484387226140e+00 1.392640521811920440e+00 1.401486429136229006e+00 1.404220405401649385e+00 1.405387926237331664e+00 1.386029404683154054e+00 1.409962084216391798e+00 1.404560555071500350e+00 1.383950611917776463e+00 1.399890664399530804e+00 1.388348647924759316e+00 4.276266982328774668e-01 2.279722610263869645e-02 1.376052018858926251e+00 1.398120204715802117e+00 1.417300559257556936e+00 1.424284109824900835e+00 1.389414711552851900e+00 4.084815468460405996e-01 1.397559780896966641e+00 1.401791295368952861e+00 1.850580330564220166e-01 1.388303403149573345e+00 1.413165963187241081e+00 1.383144440448858647e+00 1.383287724501706117e+00 7.994457664201519709e-01 1.409517822449839031e+00 1.415666212455290784e+00
1.402826153746761451e+00 1.413979980498723865e+00 1.374722775579894529e+00 1.407348260797245620e+00 1.400078456573844887e+00 1.413019503161431656e+00 1.406979700288770285e+00 1.380870175732706651e+00 3.190797718028477725e-02 6.090886348449421339e-01 7.941471022394562818e-01 1.412390390132688633e+00 1.393630952372786114e+00 9.777159505725474542e-01 6.836037281140074917e-01 1.387626518168451284e+00 1.409974413358926482e+00 1.424852971552109437e+00 7.968609403209498954e-01 2.261435340576785011e-02 1.367332663153486561e+00 5.175514600903142748e-01 9.757263470285263418e-01 1.401925907524187664e+00 1.369412285149040454e+00 1.406734227944106408e+00 4.505096006629052963e-01 1.384793879371790215e+00 1.420886889370328809e+00 1.392016707104901441e+00 1.924279398140338049e-01 1.392506822473779993e+00 7.963344081421418474e-01 1.407504557642813126e+00 1.413946085026255073e+00 1.410549546276614663e+00 1.390938612740435065e+00
1.407838762918381503e+00 1.396810041311291384e+00 9.828118807914038024e-01 1.381113633180528266e+00 1.403706447691377424e+00 1.412871399527838578e+00 1.407572002870175698e+00 1.382504858777720891e+00 3.182947351702676564e-02 1.407340984092335212e+00 1.391893961229438759e+00 1.380996487793186622e+00 1.430463580257583356e+00 4.305591910291104996e-01 1.399724886626706910e+00 1.398767488541079240e+00 9.890676473972458416e-01 1.366453120165053603e+00 1.414933356918896212e+00 2.271693332762285411e-02 1.387736064975772177e+00 1.383278982835649318e+00 6.836461425012804183e-01 7.883684637852994559e-01 1.423147336272565955e+00 1.390287611217252195e+00 6.819577774490938049e-01 1.398111324758735785e+00 1.402011107375883414e+00 7.965537277087321177e-01 1.367005528251520774e+00 2.075211234524771964e-01 1.399597392737786716e+00 1.411743575117308191e+00 1.383819963984264989e+00 1.379774145031205768e+00 1.433698776030224220e+00
7.874584408725325835e-01 5.538875092664412580e-01 4.535856296180013625e-01 1.396761741941814794e+00 7.893738050960255048e-01 1.385417767353086971e+00 1.063094837351650640e-01 1.054926804305098970e-01 3.033722601186052831e-02 1.414903412368366586e+00 1.400199496832957191e+00 1.416245956283786578e+00 1.378215089910286961e+00 1.406848032963963213e+00 3.641325002718502346e-01 1.392589808605678048e+00 6.832933520029698116e-01 1.416473115607364441e+00 1.388447303703460145e+00 1.365238802600497348e+00 2.271835895980002171e-02 1.430545069020727755e+00 1.366642930380369325e+00 9.844112556008084436e-01 1.416630706161581710e+00 1.359012744862234445e+00 1.406881165153495816e+00 1.386041598507579575e+00 1.407049207736685625e+00 1.399181986972038771e+00 2.821903986464697756e-01 1.380833673146054874e+00 3.652240759606908971e-01 1.400000864584653559e+00 6.814639673784702589e-01 1.412387677764311178e+00 1.404139045301696864e+00
