output_new_topo_ddd_2/finaltopo_topographic__steepest_slope.asc
ncols 300
nrows 100
xllcorner 0.0
yllcorner 0.0
cellsize 10.0
[rows 34 to 50 of 100, columns 111 to 147 of 300]
1.405159264921776119e+00 1.388519432087976124e+00 1.918259069935163708e-01 1.399534038704552952e+00 1.397211752079870362e+00 9.853338941665448214e-01 6.121556260747936795e-01 4.806767131035262208e-01 1.377243046787706593e+00 1.387793041438226238e+00 1.364478305760606247e+00 7.398869786184861241e-02 1.381475045272058777e+00 1.384804542109414616e+00 1.394499539295770640e+00 1.379007270661598783e+00 7.894011341285194217e-01 7.862849032225966983e-01 1.389209563932543245e+00 2.135896720296180662e-01 1.362157520447897285e+00 1.373221277155619147e+00 1.375090701183310005e+00 1.375225792518258272e+00 1.379182471031690227e+00 1.388521066304710505e+00 1.380392625976992971e+00 1.389214516970993074e+00 1.387600663471690199e+00 1.398118665269089345e+00 1.376925242792810478e+00 1.409441310509971901e+00 9.815886822050906568e-01 4.100133254695024765e-01 9.738683372639513891e-01 1.388200512881573756e+00 6.909667087349035119e-01
1.366282843954672810e+00 1.828778788825950186e-01 1.373926208057649534e+00 1.386263542595088438e+00 1.380175534291586681e+00 1.399684168923602590e+00 1.371569801377178210e+00 1.392785124027472676e+00 3.197484191459565861e-01 2.810216281880073552e-01 2.642085789657855344e-01 7.091930275388887150e-02 1.371995279405716417e+00 7.940547481369323313e-01 1.395495031316625001e+00 1.380349333314287330e+00 1.406188393909727052e+00 4.807700890554435502e-01 1.371230141052279805e+00 1.737151835047995030e-01 3.081746597497797557e-01 3.257569356650265036e-01 3.591677258413404905e-01 4.055239982998287696e-01 4.765512859266884393e-01 7.899665686781645046e-01 1.383247455813989335e+00 1.461174981743235568e+00 1.466967442676587963e+00 1.439703054384814607e+00 1.444311865684384966e+00 1.422662443391176534e+00 6.829435464250497301e-01 6.841088436663305128e-01 1.394847662181790238e+00 1.419882123205372659e+00 1.437609667680126879e+00
3.020855154807783327e-01 1.547892987731411818e-01 1.371143981338415418e+00 6.800846027788857162e-01 1.388085737459803681e+00 1.404149077337669471e+00 9.858435544677817131e-01 5.589420846482483496e-01 1.386369034125882305e+00 7.870824215599142581e-01 9.679033942278507663e-01 1.382352588988740694e+00 7.078266161231250297e-02 1.370944782803172002e+00 9.784367274607838061e-01 1.406599177909116261e+00 1.379142811174808525e+00 1.394981760683102534e+00 1.591504918492191167e-01 1.381347053810161984e+00 1.385259238352614997e+00 1.389320905838651754e+00 1.389321096622133878e+00 1.389379169629985089e+00 1.389324788743778072e+00 1.381863985016152041e+00 1.475834259802645265e+00 1.446134369433744737e+00 7.031238131213868314e-01 1.001073114214616977e+00 1.468486594672192558e+00 1.378289521949120910e+00 1.399595939598951677e+00 9.832503011366313661e-01 1.405197371186656996e+00 1.347801978013442925e+00 1.355973264152682045e+00
1.405729562542588074e+00 1.380315517103628764e+00 1.473418369796243022e-01 1.378008061074698531e+00 1.405107710338655558e+00 1.369872669066096282e+00 1.405560798389776878e+00 9.813207045738835399e-01 1.385735847926027997e+00 1.406257143611089333e+00 1.381658899366808413e+00 1.409811981359727850e+00 1.391605958806936716e+00 7.030485412598555528e-02 1.368553283420212763e+00 6.839006284363419175e-01 1.389507555248012949e+00 1.399430248157735646e+00 1.553458127616799689e-01 1.383678633674674030e+00 1.390122848463868577e+00 1.388500859477836302e+00 1.382620921075439213e+00 1.373289995230606353e+00 1.365433160972566951e+00 1.274840039760992694e+00 1.454813183269996202e+00 1.010159073763956306e+00 5.674353765425472762e-01 6.257154416396277785e-01 1.441088258357277052e+00 1.451800290964166518e+00 1.445765172205502713e+00 1.389153708417093513e+00 1.353599042630378557e+00 1.372672291950551848e+00 6.615313255848596086e-01
1.379943486067443770e+00 9.787490852657411144e-01 1.374980555248922709e+00 1.421714705493197506e-01 9.632699214881640382e-01 1.405312132979233297e+00 1.380638019265290062e+00 1.390911705514207508e+00 1.392560400323360481e+00 1.391580815971864116e+00 1.399448146545703597e+00 1.394334853385457595e+00 1.385107670820217241e+00 1.363379763193721228e+00 6.928825499798492438e-02 1.395070141058995628e+00 1.389921723693256617e+00 1.389895953994172872e+00 1.377912224441226741e-01 3.058817629562838869e-01 3.228258163206568776e-01 3.547250487012156839e-01 3.985379657626467176e-01 4.645426797303812694e-01 7.323291033072358847e-01 1.258670663290398339e+00 1.451571371733592075e+00 8.084598577221778770e-01 3.573275101066087922e-01 1.416406275278699001e+00 1.424982134984671855e+00 7.003380145702780002e-01 1.442118863318091915e+00 1.436911619719939637e+00 1.388044482136740587e+00 6.679519301864204062e-01 4.966230036816298710e-01
1.387746211499120363e+00 1.372590638784791484e+00 9.733912084945725018e-01 1.366267129697472216e+00 1.354966705671699911e-01 7.894955127561289476e-01 1.407694513720767260e+00 1.391967986711455385e+00 9.842172790470116173e-01 6.118934698462588084e-01 4.515217812240187589e-01 3.746623682380835763e-01 3.016145890418392983e-01 2.877711881063348409e-01 6.696472062162207861e-02 1.377168240282325984e+00 1.386728666509771557e+00 1.353091492420741837e-01 1.392119618527570379e+00 1.390515590750331487e+00 1.390754752503378544e+00 1.387356651338009117e+00 1.383321053156240765e+00 1.376325801366792945e+00 1.367721311350540203e+00 1.644104737857251974e+00 1.165362323210784812e+00 8.730841723024731493e-01 2.966548394185523074e-01 1.392822726579995507e+00 4.388423741575655512e-01 6.975444387528370038e-01 8.112311322076912745e-01 1.458325990342615341e+00 1.348303015707446040e+00 1.370280215527700962e+00 1.352747461250678018e+00
9.824635357473440189e-01 1.387804807146534314e+00 1.387899118889221572e+00 9.697150579634865597e-01 1.325791282573696717e-01 1.397165709133250333e+00 1.384780504619331554e+00 1.379174055287370360e+00 1.409294800077115051e+00 1.403653380155473585e+00 9.756070308968864957e-01 7.882564413502842759e-01 9.728321734317944003e-01 1.398503668230584029e+00 9.678533958896359257e-01 6.680101776405311664e-02 1.322592319644982639e-01 1.385629111666932589e+00 1.389482711131994286e+00 1.395719946082866869e+00 1.392024819899508881e+00 1.391540929124055026e+00 1.389200228057718700e+00 1.386015211019407944e+00 1.377685318928991931e+00 1.450290737911205330e+00 1.428534309778620059e+00 1.416848767118429553e+00 2.827261364771629926e-01 3.682953774040865214e-01 9.802663470301411497e-01 1.398455119053604534e+00 1.432141433669620101e+00 1.449754904954249524e+00 1.467213877830126911e+00 1.342318649811814257e+00 9.576289505627386678e-01
6.868371611346922867e-01 1.398279162784324070e+00 1.389281142531459734e+00 9.704425870364147277e-01 1.300655020432742448e-01 1.383823569711613910e+00 7.861732823912823687e-01 1.397429660819835995e+00 1.376649193225123469e+00 1.404787508983616151e+00 1.409183227809045924e+00 1.401884272809444720e+00 1.397888485116683288e+00 1.397948826594023863e+00 1.412922703023351989e+00 1.384517684097489987e+00 5.933837686943803369e-02 1.403475535363289506e+00 1.376578539175066895e+00 3.017174272591907069e-01 3.162632797171774368e-01 3.731087489767233589e-01 4.755215551062278445e-01 5.511054913053101689e-01 1.396648395994924297e+00 1.451514166711077580e+00 8.129419624066869243e-01 6.196409286256538973e-01 2.051885658922167066e-01 1.386559806960766306e+00 1.419275943025387177e+00 1.431395957335787061e+00 8.073202561154458889e-01 1.007060547291176000e+00 1.480697864025606991e+00 1.511404951576846178e+00 1.367217073294354490e+00
2.041088278125826883e-01 1.404347017416431864e+00 1.389825923598714041e+00 1.408065020835321146e+00 1.295593421820895041e-01 1.365467654135242181e+00 4.504081876948018426e-01 6.801475793616831300e-01 9.731689154725138291e-01 1.370204740312300329e+00 1.370487481016789300e+00 9.721272166421056626e-01 1.401230564956030378e+00 1.365311712091902496e+00 1.402925945385091744e+00 1.402803396684240145e+00 5.914848519406703392e-02 1.363908642338944377e+00 2.762187265770197908e-01 1.390309804771566515e+00 7.851543088039022456e-01 1.391778690068959268e+00 9.704314240330554897e-01 1.387136319813446095e+00 1.363040580895611642e+00 1.422004502734913300e+00 1.409327335619261934e+00 9.824997055283504199e-01 1.978774728539747230e-01 2.940851265231791967e-01 3.015236884036305298e-01 3.267400425161398059e-01 4.019754976185055395e-01 4.963909070803268486e-01 7.168197082663574360e-01 1.534247609437220827e+00 1.348577008894908946e+00
1.394616215324253172e+00 1.964129048542123113e-01 1.402243473438741006e+00 1.381474273634710093e+00 1.381952204836267128e+00 1.224286674370581862e-01 1.385371983938220808e+00 1.379133854357329714e+00 1.402445401518287449e+00 1.376616352108709362e+00 9.806390892464015296e-01 1.378096120828111282e+00 5.102290858109007621e-01 1.366382974824408292e+00 1.433781401934641098e+00 6.814710692957881566e-01 5.696078618481194983e-02 2.505206187191774125e-01 1.389960373978969654e+00 1.401976624774992963e+00 1.388870865477792815e+00 1.388178686444291099e+00 1.369101090775970420e+00 1.443219410274809489e+00 1.456430916857103908e+00 1.430496767643429479e+00 9.886141641114361001e-01 1.396649127897515497e+00 1.610310692100178076e-01 1.407702707375634743e+00 1.414621861872240149e+00 1.431056192294033691e+00 1.435487980463787450e+00 1.452910553163925922e+00 1.465811494017761341e+00 1.462018671782822521e+00 1.359032730412744083e+00
1.389267901601673572e+00 1.369835717417669851e+00 1.860530594521833392e-01 1.399520758786128027e+00 1.401881890483679172e+00 1.213754378637815073e-01 1.370613096019332122e+00 6.832940482051123032e-01 1.413188808808806929e+00 1.389484066870863455e+00 1.387240365866781344e+00 6.844840709236847953e-01 3.896348872067402769e-01 1.402502816938616892e+00 1.370732841176711903e+00 1.404030824743552675e+00 5.714239308419806485e-02 1.377525274679515466e+00 7.910064019252747158e-01 9.682586325887783119e-01 1.377292641851273869e+00 1.405704113923287313e+00 1.388605510705765766e+00 1.454281830654285512e+00 8.115686744878416459e-01 6.231952729519079082e-01 5.226327378228688980e-01 4.354508089178885655e-01 1.486557364275171156e-01 1.424824489765045055e+00 1.411212607490597959e+00 1.409964991106123833e+00 1.425108341129937672e+00 1.426144917589849292e+00 1.426557502207322248e+00 1.425667887103346798e+00 1.330064753686007073e+00
4.077340510157746456e-01 3.895063381554355053e-01 1.812798328666943293e-01 1.395665290527126956e+00 1.389755051872277214e+00 1.365324971821748168e+00 1.179595424108403623e-01 9.728387765530186471e-01 1.390256085087476334e+00 1.405636862206337767e+00 9.799629152414972566e-01 1.361407697741488176e+00 1.381549561908025137e+00 3.504629849947278886e-01 1.383873303944187727e+00 1.386945114536128898e+00 5.699187029980734565e-02 1.405445166263205481e+00 1.380028670729085860e+00 1.393988085258442311e+00 1.394506700958638046e+00 6.838094020499940751e-01 1.398013805839823265e+00 1.434297630520139588e+00 1.417344324363728258e+00 1.407920793760543798e+00 1.400923302762883127e+00 1.387972482642500394e+00 1.463815213571997842e-01 1.400176592900575612e+00 7.975768767778120827e-01 1.407241253216132915e+00 8.026613877786685780e-01 1.400960016086698179e+00 8.051387093688031626e-01 1.438997763668631080e+00 1.443857569816211273e+00
1.375194541230779777e+00 1.392970821811066795e+00 1.593320431822213001e-01 1.382946782338550618e+00 1.397883128106806705e+00 1.164438784006538302e-01 1.365644456574180099e+00 1.398914173935351446e+00 1.376856078743983858e+00 9.807768852357383604e-01 5.134014469225208765e-01 9.615003275443712027e-01 1.405912151925478693e+00 1.368982887606603693e+00 3.179496628968536132e-01 3.088126635253544694e-01 5.574756214363531942e-02 1.367886977969615003e+00 3.615912275447304425e-01 3.908561764913933700e-01 4.291116317930814827e-01 9.756666383036595169e-01 1.387748182797512442e+00 1.453573179080220878e+00 6.991574068285068000e-01 4.855355991624215051e-01 3.664734907343067394e-01 3.421461870938088401e-01 1.338802018464377575e-01 1.379241341204768379e+00 3.129508839323071889e-01 3.521539116306520723e-01 4.545923832854817936e-01 5.186137668406061163e-01 1.385901866468884691e+00 8.062841782542491398e-01 9.996165316615868157e-01
1.397127835538813700e+00 7.910657926756318181e-01 1.384824511201454555e+00 1.555459823016923093e-01 1.379409404219417379e+00 1.367279098464954545e+00 1.139354077929524978e-01 1.410432271239705715e+00 1.385299012017652709e+00 1.379797065602752726e+00 1.398377800610594246e+00 3.377182407894572802e-01 3.190101556845241215e-01 1.386041937291900394e+00 1.389849752842304609e+00 1.358293343742283499e+00 5.498854931956138892e-02 3.027274969555762141e-01 7.894518733109598951e-01 1.392958359770503307e+00 1.413418538303308436e+00 1.410620188626866112e+00 1.330960181463191061e+00 1.440803902409956816e+00 1.425538940201693583e+00 8.121907145198008493e-01 1.414279619724035042e+00 1.413339177496994337e+00 1.396032381676783007e+00 1.214149992690913421e-01 1.397317156099479707e+00 1.405989671884585679e+00 1.409694372157947795e+00 1.395997324389325112e+00 1.417602236197154086e+00 4.872991718334162559e-01 1.414681561920653419e+00
1.415972716216553851e+00 1.357283772656589393e+00 1.394709546129687450e+00 1.391782844355733406e+00 1.524125063544371217e-01 1.358620495964655728e+00 1.105852901068688360e-01 7.870341067155599557e-01 1.405622914233624288e+00 1.409452638940084768e+00 6.844258168325586533e-01 1.375827219366656307e+00 1.388165219525951288e+00 2.938110581766565366e-01 5.461059522737827382e-02 5.490878505163436507e-02 1.380692667397693585e+00 1.414572162579483372e+00 1.420089281321455621e+00 1.410964294437854649e+00 1.347703767436535527e+00 1.358043039223645554e+00 9.606723685895808273e-01 1.344288992401202920e+00 1.446869735499564324e+00 1.458478303061908621e+00 1.441546879182526109e+00 1.421774326970272284e+00 1.405876015384412314e+00 1.188984951913333588e-01 9.823580313178137402e-01 1.403282845488261987e+00 1.410439324248399462e+00 1.390176766319417334e+00 1.423341364851630431e+00 4.138976855861358217e-01 1.418921875212988848e+00
4.551870288026153566e-01 1.392433778485158813e+00 1.414279270168785185e+00 1.387784881003210069e+00 1.365275876973865321e+00 8.907119585686877616e-02 1.378604447102824704e+00 6.833494017318011426e-01 1.405993598074231743e+00 1.388160048932799651e+00 1.382026849770135568e+00 1.407383283138748720e+00 1.402762487900601984e+00 5.317200010867809828e-02 1.358018068644613052e+00 1.388347096125879032e+00 9.808584694877239274e-01 1.388547733720427058e+00 1.362818995673641176e+00 1.401471007242407918e+00 9.661937209237986268e-01 1.360124001180430753e+00 5.456101022849619842e-01 1.390931313274214265e+00 1.320086441861229032e+00 1.497305113101444984e+00 8.211676382901224036e-01 4.904113849121117252e-01 4.361256842004511691e-01 1.144656210832268317e-01 1.393351666987598492e+00 1.410575588514785039e+00 7.950454165965886721e-01 1.400722545500335370e+00 1.407952617155544317e+00 3.658637871926465612e-01 1.415492972252128112e+00
1.399934419005389064e+00 3.931235989783893325e-01 3.640199261907960948e-01 1.369899892923466256e+00 8.773853406736799310e-02 1.379956929826847922e+00 1.402849010165756694e+00 1.406456458941546028e+00 1.393766099133170178e+00 1.410775226962833528e+00 1.397512447062777330e+00 1.409662312397402584e+00 3.398878826163537203e-01 1.360708210105413540e+00 5.297332447355067309e-02 1.409631578881316738e+00 1.381707698540426410e+00 1.406914177645152142e+00 1.385161372655568712e+00 6.051796032444507478e-01 1.406737326770979735e+00 1.419167443390118466e+00 1.352271327624939179e+00 4.013986512438911802e-01 1.372913922525741182e+00 1.458237834712217573e+00 1.460796197321663437e+00 1.441125560030825259e+00 1.420061720150900486e+00 1.404813956925718088e+00 1.136138867431222971e-01 1.388514522925195394e+00 6.138439642968737120e-01 1.392531280376257508e+00 1.412085117069356688e+00 3.325999324144360836e-01 1.438325007031331593e+00
