output_new_topo_ddd_2/finaltopo_bedrock__elevation.asc
ncols 300
nrows 100
xllcorner 0.0
yllcorner 0.0
cellsize 10.0
[rows 68 to 84 of 100, columns 0 to 36 of 300]
5.128708705358255848e-01 6.469210110659463453e+01 5.686094650424305286e+01 5.089522930137507473e+01 4.357317091736857861e+01 2.951771451385222633e+01 2.707844516583528005e+01 2.479257546861597561e+01 2.259782796958523932e+01 2.058650798124847370e+01 2.921772553976444442e+01 3.974729533942208803e+01 5.177468055517567791e+01 3.809181374758615135e+01 4.477379306061564535e+01 4.071259664904307840e+01 4.472761862777766595e+01 5.346199404286954149e+01 4.216632406096698560e+01 2.810324459974001243e+01 1.828705458067711831e+01 3.124502594129870303e+01 3.367332399861410153e+01 3.597718365779250860e+01 3.846557562275348374e+01 4.119136682560868934e+01 3.234831195791004887e+01 3.715465727841493759e+01 4.404146837194896591e+01 5.839708279484490561e+01 6.833958185152664555e+01 6.056736521655310668e+01 5.464529197407303229e+01 4.559606688186261891e+01 3.173408151933937660e+01 4.245871682326206553e+01 3.779490170788947978e+01
9.681471340935822179e-01 5.880544488548971316e+01 4.472268670462203488e+01 3.678552039957807551e+01 3.327559433790498389e+01 4.338040685869838597e+01 3.688622111647762125e+01 3.864670080664364349e+01 2.814282960051433591e+01 3.333421775257237840e+01 1.952627427711444597e+01 3.248373318084402683e+01 3.873325963217354939e+01 4.451382879872399201e+01 3.083305375463798015e+01 3.089207031933123204e+01 4.446909566037675887e+01 4.431951972405063600e+01 3.406362442453352912e+01 3.612526453159323836e+01 3.021934517525588504e+01 1.739026619604137736e+01 1.959003878665155440e+01 2.187878582858859033e+01 2.431123363563785489e+01 2.720194856969762398e+01 3.401077346106825416e+01 4.374770995197670942e+01 5.103252970089695850e+01 6.396950524259339943e+01 6.668575599106830509e+01 5.261295057598282199e+01 4.466842989081369097e+01 3.855466698177775697e+01 4.568753323465414695e+01 4.608704338356275798e+01 3.222557564965188703e+01
9.201679224510694866e-02 5.772240149699236156e+01 4.361021085304295752e+01 5.055203026351707507e+01 3.756222487302468949e+01 5.150291956459387421e+01 5.092795107538471200e+01 4.198137985015958407e+01 3.602328232901064808e+01 3.945180329901379679e+01 3.247482650169292384e+01 1.846894685426345717e+01 3.142790660395952074e+01 3.734024795284710052e+01 3.422670824690553104e+01 2.478518387265932432e+01 3.896645578022533130e+01 3.851987771881625378e+01 2.434351737621606304e+01 2.948388748594061326e+01 1.652810581143971902e+01 3.032996920540722385e+01 3.364022985907570984e+01 3.164384403615465402e+01 3.400227116191269516e+01 3.292862191387106918e+01 4.110564536927376622e+01 5.399901470820797300e+01 6.368121126889114691e+01 7.097464520790111919e+01 7.223737784249733807e+01 6.441604848739751787e+01 5.823934903584133593e+01 5.252323965803863359e+01 4.966107200165019009e+01 4.194998640622769415e+01 3.482651975485717344e+01
9.888620230072358019e-01 6.318995870530086734e+01 4.918002711904514968e+01 5.624933697073520023e+01 4.236052868523928083e+01 5.646070868552613575e+01 6.166419915243611172e+01 5.571869236513386170e+01 4.992867857685983068e+01 4.706574677293500031e+01 3.849795085065870381e+01 3.136815096615825738e+01 1.741836986910148610e+01 3.012582394389177765e+01 2.038415781288590978e+01 3.448999843559019496e+01 4.458725095613018397e+01 4.264294534498201728e+01 2.968942670286411101e+01 1.567078029632825498e+01 2.935921342377593390e+01 2.776552055074183656e+01 4.178826568807813402e+01 4.562578334924548074e+01 4.791190435325644614e+01 4.089608083447045317e+01 5.288790244163846666e+01 6.124007519355706108e+01 7.025600271071127167e+01 7.587545678732138299e+01 6.572667850849363447e+01 5.859630946617000546e+01 5.271613127381814223e+01 4.788045803335754869e+01 4.381527813526602699e+01 2.988239705872510754e+01 2.199502270747784038e+01
9.210609827851935494e-01 6.908215041543400048e+01 5.714869434633875755e+01 6.214560154113734569e+01 5.031471648421467080e+01 6.205970076696016946e+01 6.458555574541347255e+01 5.086912177588303763e+01 4.118440397581223777e+01 3.328386870432699851e+01 3.847260295612719005e+01 3.382404393065949222e+01 3.002806245394297946e+01 1.637511326590546901e+01 3.034871472433148654e+01 4.020877357441961664e+01 4.821899316801930979e+01 3.721311545078565786e+01 2.299815797892731339e+01 1.507335812515359486e+01 2.482687329043177726e+01 3.877581443330817734e+01 4.727415848955785549e+01 4.596219234569888101e+01 5.169597279146704238e+01 5.493200597577934730e+01 6.086759978631006618e+01 6.775406133724160895e+01 5.642136372595879124e+01 6.820416132748826499e+01 5.983268160095447286e+01 4.550802497546774816e+01 3.860878467467210129e+01 3.379209864499235039e+01 3.002279791424783184e+01 2.639575610031561226e+01 3.192409409780333363e+01
1.961704154390183641e-01 7.706245120794545755e+01 7.130083143891752684e+01 7.013568762392763745e+01 6.417958226217000117e+01 5.857246292563943513e+01 5.287797422625289556e+01 4.816471042500069899e+01 4.393749124821506769e+01 3.843870098085575648e+01 2.463353691513132659e+01 1.984787587711423740e+01 1.773234957828193714e+01 1.566828676996787806e+01 2.864182178055940753e+01 3.468095178873586093e+01 3.459404802603439322e+01 3.360392840383595114e+01 2.745770910853676128e+01 1.448060890470907935e+01 2.424924846819114066e+01 3.811098008882880350e+01 3.629336127020399516e+01 3.184726594084315465e+01 4.589092675989000014e+01 5.418952133485452549e+01 6.097654680915993453e+01 5.545498528140952033e+01 4.850670751955093607e+01 6.248782011607681852e+01 6.513675564784698224e+01 5.844732125159662672e+01 4.767270667899320813e+01 4.777842292410058889e+01 3.756909064574264789e+01 4.040834121195413786e+01 3.800597064737081610e+01
5.761017691059440171e-01 8.143639984084697403e+01 7.565484800749152328e+01 6.966123165805780104e+01 5.549316711697093751e+01 4.557826912740426195e+01 3.866424942723870117e+01 3.410883019380379011e+01 3.000218931091151831e+01 2.623657026666650793e+01 2.334161148219831361e+01 3.378924744990078466e+01 3.188807769594577124e+01 2.856993354209438607e+01 1.472394625510584198e+01 2.764331531673818176e+01 2.495335016678665241e+01 2.777310024634636676e+01 1.364056599858529317e+01 2.649008803467996742e+01 3.240414453483940349e+01 3.080774304677228059e+01 2.215131114563024184e+01 2.729840508222703832e+01 3.420529232468178549e+01 4.851375791197551735e+01 5.534348508339685679e+01 4.127270360211018385e+01 4.963237716893817719e+01 5.293691766058072545e+01 5.876944711005890554e+01 6.328218391336163506e+01 6.164870230339231227e+01 5.737885688056327638e+01 5.141213380193032378e+01 4.653076357262175122e+01 4.079978842405232342e+01
2.185676900312675253e-01 7.367715015352348473e+01 6.172749512456856280e+01 7.308984920552148878e+01 6.545438766329948521e+01 5.874496630613252535e+01 5.278186994328958548e+01 4.326138536312610228e+01 3.352614312114960171e+01 4.007253643065020299e+01 2.847950783849617551e+01 4.243573681606524417e+01 4.251506483351150933e+01 2.860804941139826596e+01 2.767904489630734588e+01 1.378100928814984805e+01 2.670200980548240111e+01 3.244370623590931757e+01 2.676078739011457230e+01 1.280029229238412469e+01 2.571615280060398234e+01 1.679962344364071924e+01 3.085743422697836280e+01 4.118319489660461841e+01 4.714276922627269073e+01 5.430291805299209074e+01 6.065930653514999449e+01 4.971408424774954682e+01 3.573282910820828562e+01 3.873455108949778491e+01 4.954962611675317419e+01 4.946373467246058908e+01 6.295601284464741099e+01 5.527190511950058749e+01 4.102076990114878896e+01 3.303736514397070323e+01 2.689029858581034560e+01
4.338839538490053549e-01 6.796686866212620259e+01 5.377600227626825102e+01 6.109703772249869047e+01 6.356376253086256867e+01 6.880014070584233821e+01 6.319040559366992227e+01 5.355031537045507406e+01 4.152180190817405503e+01 4.817839829043322908e+01 3.645576901413270576e+01 4.819689551205051004e+01 4.746086123495915388e+01 3.359998557881113612e+01 3.330849243773861446e+01 2.658762171098974036e+01 1.284599773511393295e+01 2.592816521715597844e+01 3.155878218000581725e+01 2.584007239426813385e+01 1.196425559079798440e+01 2.589905480916671721e+01 3.246916121407781475e+01 3.847096491960034115e+01 4.662977091703730537e+01 5.921884255744751613e+01 5.198463788728284385e+01 4.598437071779966345e+01 4.094700197791214435e+01 3.079157429418654957e+01 3.557567617617807088e+01 4.349051399294162934e+01 5.752941407282333586e+01 6.067243369472685544e+01 5.300383393106930185e+01 4.659159327933524963e+01 3.953448963955672468e+01
5.660171846745473134e-01 7.351143129341005533e+01 6.105981765387138438e+01 4.697549686361638521e+01 4.948484001578696478e+01 5.541926377296380934e+01 6.901812341035410725e+01 6.147882311753073736e+01 5.578772307001462849e+01 5.633271290846415269e+01 5.045578736979015844e+01 4.888775494906906971e+01 4.318571483117700183e+01 3.382959057880560039e+01 1.982708172027581384e+01 1.685786592005666407e+01 2.551688025303533536e+01 1.194034118086633711e+01 2.599988850796715667e+01 2.547933227523595079e+01 1.138556190901007703e+01 2.428834151504815608e+01 1.850160811225402568e+01 2.651352409524537990e+01 4.079719063337267926e+01 5.358671846064751065e+01 3.981029584296220492e+01 3.190379155315378412e+01 2.711576418298278668e+01 3.778006465292988025e+01 4.387911968711814126e+01 5.479520091050726194e+01 5.123785641705219973e+01 5.683317060920500552e+01 5.684145606115946947e+01 4.284392845852561038e+01 3.300762040825070898e+01
6.229481079083745154e-01 7.469265743395399682e+01 6.075086932318008337e+01 5.547518215874914915e+01 4.164197485233341922e+01 5.200532202455668340e+01 5.808985546035476943e+01 6.001914179325259369e+01 6.535437966394320597e+01 5.998109139727844052e+01 4.592855541545294784e+01 3.607115068148078052e+01 2.917239491600184920e+01 2.463235939286401432e+01 3.380400534507328558e+01 3.091577937941650234e+01 2.114180521412746572e+01 1.130562711543160859e+01 2.432193350993277292e+01 3.001362821793856028e+01 2.442483465625242545e+01 1.056865040006460710e+01 2.444597476998425378e+01 3.295908923164603976e+01 3.904708155050379759e+01 4.717267727265136301e+01 5.137682560747420979e+01 4.576395366811703269e+01 3.785162379431586999e+01 2.396897790215433233e+01 3.792901767295956716e+01 4.232541767128588361e+01 3.697818057725182683e+01 4.680923154447766876e+01 6.065404217904429629e+01 5.297177429573675767e+01 4.089640944311474868e+01
9.749028601234344116e-02 7.226572087969024949e+01 5.822372188848973451e+01 4.845720053080230372e+01 5.179533300157272180e+01 3.801534741321251687e+01 4.865802666770105134e+01 4.593524504728427615e+01 5.562659674879547111e+01 6.124061825810708370e+01 5.596496926783888171e+01 4.923080087315513254e+01 4.319712841716886942e+01 3.077558732615653270e+01 4.426966563521091302e+01 4.106660958169039333e+01 3.152248957969967691e+01 2.441972549558511218e+01 1.041126236931388327e+01 2.340981420128236223e+01 2.301395084784292067e+01 9.996910838984499392e+00 1.428931331771086022e+01 1.910322385906177800e+01 2.711620310113456611e+01 4.126244069376754453e+01 4.507279801731435498e+01 3.953259019193738766e+01 3.344517161970337327e+01 2.188263432264724528e+01 2.498620305348725879e+01 2.827808840215817909e+01 4.227778112501687247e+01 5.462372552863163122e+01 6.270661394400773503e+01 6.056757753453786108e+01 5.483415599586682987e+01
7.488791594575413546e-01 7.224075676323452910e+01 5.814439584151782725e+01 6.236245394707329126e+01 5.180880563904668179e+01 4.853427270601017796e+01 3.471874423042009283e+01 4.558285140707554461e+01 4.152966399320840907e+01 5.554721820905226792e+01 5.724814344329536198e+01 5.838904585266999447e+01 5.085054020623523741e+01 4.067221151548280034e+01 5.053756005114522054e+01 4.868110712101938731e+01 4.277063191026331879e+01 3.060996987499105870e+01 2.352189037376508551e+01 9.519228027787534074e+00 9.197826146618952592e+00 2.304876887996522683e+01 2.818525503484611150e+01 3.316392330074473449e+01 3.887913482540511012e+01 4.008893479051558018e+01 3.112097901227091867e+01 3.114343604787342912e+01 1.945869526527096838e+01 3.326904848137645843e+01 3.891946307813000772e+01 4.224998855379800489e+01 3.505494696021770551e+01 4.300313675349715936e+01 5.692435539531950184e+01 5.259341722060807456e+01 4.668191295929367612e+01
7.681000663350590063e-02 7.780295025375238538e+01 7.208231382994043202e+01 7.125917329893351848e+01 5.862859621749855421e+01 4.443701461228734217e+01 4.562540491771979845e+01 3.182084106979062810e+01 4.307069556347133243e+01 4.899487556783697073e+01 4.327650383520026622e+01 4.468243965756845171e+01 5.853493948582215722e+01 5.472232317086623965e+01 5.282010419360594256e+01 3.884901855900536560e+01 2.905854367288942797e+01 3.423092683466052222e+01 2.945050914868324199e+01 2.262860816776751705e+01 8.633664374640256156e+00 2.184611545506510311e+01 2.192237744436173941e+01 3.588260901831407068e+01 4.003215098672349370e+01 2.623556301003252855e+01 2.882386939935737402e+01 1.719408645713038553e+01 3.104508798554774174e+01 2.735497629934625863e+01 3.709513229558564262e+01 5.092133901009941610e+01 4.479703200939287910e+01 5.441303420764741361e+01 5.060132343716698244e+01 4.660780787959568272e+01 3.244811395374519236e+01
4.287772958673949919e-01 6.906905552981245933e+01 6.325493998217724112e+01 6.329400587276073509e+01 6.416611931794776069e+01 5.843796434815536145e+01 4.571582473295048032e+01 4.304132234255789058e+01 2.918052439413835231e+01 4.051853677908509610e+01 3.349259609542053795e+01 4.774999645380267310e+01 6.097985514386105876e+01 5.560815203154481878e+01 5.131053273694401184e+01 3.717894126562199375e+01 2.732304926982071436e+01 2.045315705822094188e+01 2.876705841676934838e+01 2.838243669772552025e+01 2.191428510509424044e+01 8.041290112856819050e+00 1.782507035475403967e+01 3.190099913151601996e+01 3.291912811256170812e+01 2.682092578069708466e+01 1.501796018851077363e+01 2.901825498317106522e+01 3.710264161310050213e+01 4.131804887436268814e+01 4.125201105053124451e+01 5.518266476878429216e+01 5.833890786412495544e+01 4.675940245593882594e+01 3.649794785739730685e+01 4.610813201710477216e+01 3.670272458446474673e+01
4.790414149675031874e-01 6.295145178367928906e+01 4.900732960565383678e+01 4.914505624844525045e+01 5.921706050892939999e+01 6.528773715473691652e+01 5.686976478454111827e+01 4.296261309921585081e+01 4.036600546877753004e+01 2.667926335335679511e+01 4.070220497442774388e+01 5.291055348681923221e+01 5.028955038060871630e+01 4.160222127526755287e+01 5.323056315179955789e+01 4.735329155783869481e+01 4.036678574651540430e+01 2.904588058669085981e+01 1.489618689754445313e+01 2.394856175912165241e+01 2.088608781173751083e+01 7.624144044368651230e+00 1.741679242113820081e+01 3.132658923472926205e+01 2.703763590999841071e+01 1.292189877828066713e+01 2.663148076894335858e+01 3.251534211467573954e+01 3.740696496737368903e+01 4.320021742002684562e+01 4.996415865562662617e+01 5.201325184458776363e+01 4.539852982320829966e+01 3.927782697092011688e+01 2.659075345838628479e+01 3.884329784409246145e+01 3.299854785691353243e+01
4.104878240991868266e-01 5.326775367010176865e+01 4.719084159718638460e+01 3.929792787150582711e+01 4.912241271165692780e+01 6.300399977413612618e+01 5.391285993128341403e+01 3.971082586848655893e+01 2.990053903343103769e+01 2.507352517161153216e+01 3.690814199359468972e+01 4.282388450163395532e+01 3.621123064106323142e+01 3.368425075217024300e+01 4.796418623206375287e+01 5.417822003243727380e+01 4.836801068265078385e+01 3.503767965998023470e+01 2.419971039872431717e+01 1.007294909069183042e+01 7.035831282172257950e+00 2.092253320424738305e+01 2.741908773776410158e+01 2.946164988223527459e+01 2.360634156422620933e+01 1.148745339613101635e+01 1.467623346510085725e+01 1.858772403888055536e+01 2.339442626999964503e+01 3.027863653999713733e+01 4.450021925588347926e+01 4.630873969079821961e+01 3.214579694572793755e+01 2.526135606728107774e+01 2.045483621837550814e+01 2.502406797878947486e+01 2.931602595651619936e+01
