output_new_topo_ddd_2/finaltopo_topographic__steepest_slope.asc
ncols 300
nrows 100
xllcorner 0.0
yllcorner 0.0
cellsize 10.0
[rows 0 to 16 of 100, columns 111 to 147 of 300]
0.000000000000000000e+00 0.000000000000000000e+00 0.000000000000000000e+00 0.000000000000000000e+00 0.000000000000000000e+00 0.000000000000000000e+00 0.000000000000000000e+00 0.000000000000000000e+00 0.000000000000000000e+00 0.000000000000000000e+00 0.000000000000000000e+00 0.000000000000000000e+00 0.000000000000000000e+00 0.000000000000000000e+00 0.000000000000000000e+00 0.000000000000000000e+00 0.000000000000000000e+00 0.000000000000000000e+00 0.000000000000000000e+00 0.000000000000000000e+00 0.000000000000000000e+00 0.000000000000000000e+00 0.000000000000000000e+00 0.000000000000000000e+00 0.000000000000000000e+00 0.000000000000000000e+00 0.000000000000000000e+00 0.000000000000000000e+00 0.000000000000000000e+00 0.000000000000000000e+00 0.000000000000000000e+00 0.000000000000000000e+00 0.000000000000000000e+00 0.000000000000000000e+00 0.000000000000000000e+00 0.000000000000000000e+00 0.000000000000000000e+00
1.399103321379887133e+00 1.400109435853355011e+00 1.381780155221416395e+00 1.405015935650946846e+00 1.393078419851435878e+00 1.395972436065855415e+00 1.399563470715813995e+00 1.389031087230253592e+00 1.418536113886210259e+00 1.415612072157081514e+00 1.384912444318280089e+00 1.407895421420769733e+00 1.403530378675111434e+00 1.408979218357623520e+00 1.403377620406773163e+00 1.391391831683547409e+00 1.406935860587464004e+00 1.395248962700488038e+00 9.724665181279413817e-01 1.370513680423349090e+00 1.393274664826698483e+00 9.722902549418706020e-01 7.898540443301687031e-01 1.387121415169842553e+00 1.414529113935897531e+00 1.398183400782607055e+00 1.388158597440772635e+00 1.406606959605879226e+00 1.417709148576038469e+00 1.413824118135470487e+00 1.370974927767218743e+00 9.736195987194744550e-01 1.407130612701962491e+00 1.386800794940522552e+00 1.401569425568054417e+00 1.408319630669395028e+00 1.417702743810198784e+00
7.862743604373337858e-01 9.741476422471692098e-01 9.647944463630167000e-01 7.873460149298168176e-01 9.760318509183414371e-01 1.393723487320510879e+00 1.390725496629217073e+00 6.819663961507282934e-01 1.400295489740074117e+00 3.924780071093883493e-01 1.402145181839428378e+00 1.395628253940282004e+00 6.847420281558330712e-01 7.930049848682572122e-01 1.408963679573249861e+00 1.388630549568787398e+00 7.905576434548805542e-01 6.088867027409700095e-01 1.380466475859806419e+00 1.427934195321987065e+00 1.398895425880702925e+00 1.417755223595075664e+00 7.947956233160382578e-01 4.296397106985352932e-01 3.772093599651576978e-01 1.401993920373571623e+00 9.767286877701877312e-01 1.396738041697623389e+00 6.886365208396434401e-01 1.400661664951461605e+00 1.407204256503802764e+00 1.407949498833555468e+00 5.576899569186456462e-01 1.406388881251543044e+00 9.750981022632828621e-01 6.890314200520331056e-01 1.418559758392849757e+00
4.496299353142504396e-01 3.269446654890856285e-01 1.373963510337490757e+00 5.547764675284984071e-01 9.660948014308402554e-01 1.410158069864836827e+00 1.394615412137555577e+00 1.389507384259600631e+00 5.132007047700212210e-01 1.390647191836603680e+00 3.398498231494692656e-01 1.384180320707990575e+00 1.389015066837319567e+00 4.087603302811103623e-01 1.391109220351034903e+00 1.404750357585847098e+00 4.089409555256684481e-01 1.383210086988069021e+00 1.407440653706014233e+00 6.895406396623900980e-01 1.410117361496115551e+00 1.398769147685358094e+00 1.414520448747498937e+00 1.403924472522903866e+00 1.409222397982800690e+00 3.126529671567734869e-01 1.392606390091599922e+00 1.394753466328268798e+00 4.795468447869296602e-01 7.955304573285765235e-01 1.407064013785097156e+00 1.391557993507968938e+00 1.386197840788857105e+00 4.516008698334054716e-01 4.537520468983189392e-01 1.417652630293835703e+00 1.376457038606231809e+00
1.390109581344844969e+00 9.730810632240206592e-01 2.559674248971395283e-01 1.362852826735112988e+00 6.083467438244236636e-01 1.379258333825235550e+00 9.790348716511004801e-01 1.387957990886899973e+00 1.371647550730760612e+00 1.405534819412495473e+00 1.396033637281443918e+00 3.106931135824511636e-01 1.377245658444310461e+00 2.167499399402435245e-01 1.376294101026047656e+00 3.630499962856236773e-01 1.386882223324677366e+00 1.375576997947413727e+00 4.816742917221176756e-01 1.383695199982643897e+00 1.415904925082709154e+00 1.380787868534485874e+00 1.390280948899540236e+00 1.390334180367888584e+00 1.398533118840608713e+00 1.405547183504484821e+00 2.906231128023496479e-01 1.371376996537343018e+00 3.760773953088126231e-01 1.390162081302535269e+00 1.394108300762778141e+00 1.403283789014872607e+00 7.912388727905301788e-01 2.816282119786947535e-01 1.401090865134222652e+00 1.383139525267052417e+00 1.399778742174501378e+00
1.397652083081345475e+00 1.410553585688070433e+00 1.399988390812497041e+00 2.228550689507412252e-01 1.374658538011287678e+00 1.396388544815754029e+00 6.846025532456037066e-01 1.403544745142430328e+00 1.405242368016764942e+00 1.382110346934696476e+00 9.762699071218066127e-01 6.779223826088311977e-01 2.654527257857735578e-01 1.377019382774847145e+00 1.797748239507798440e-01 1.377359666269812433e+00 1.392997114542045001e+00 1.403618842272437828e+00 3.625300295657593597e-01 6.880446581397094974e-01 1.431221285422151324e+00 1.391779255711878660e+00 6.817408520200929356e-01 1.381139320409624727e+00 7.920858408125932559e-01 1.374281582928185141e+00 1.400966998253815543e+00 2.662756596687032018e-01 2.135799505125431652e-01 9.720392021010753059e-01 1.413847099014204467e+00 1.384412094792686121e+00 1.400148543743771512e+00 2.652903118993094611e-01 1.414044135013153181e+00 1.388689092324710828e+00 1.405377477610832759e+00
1.320058494599218646e+00 1.348866675822833816e+00 1.396056342230239888e+00 1.397824745302440830e+00 2.110570907151897713e-01 5.107862156065735570e-01 1.357775090601465617e+00 7.950004322209138774e-01 1.403235552544348730e+00 1.402763197970946951e+00 1.371384277317075684e+00 1.384297079898001437e+00 1.406235106343760366e+00 1.402098142378211287e+00 1.401157582173166771e+00 1.723696855032756381e-01 1.376120128938427500e+00 3.210832291863893184e-01 1.408106832382640006e+00 1.381565219276560397e+00 1.393334076959973800e+00 1.384038043210962687e+00 9.762955195438308698e-01 4.798016168224563116e-01 1.377076054051374898e+00 3.115308690896769206e-01 1.370754449036148515e+00 1.394305370174966141e+00 1.398907952171195124e+00 2.004691851130948055e-01 1.394453416661268985e+00 9.775939334858849694e-01 1.391894997082027130e+00 2.510349133673088207e-01 1.390700761908441718e+00 9.786153654357804266e-01 1.393471923598869289e+00
1.366084940713388152e+00 1.384391830244497523e+00 9.582518725704133322e-01 1.376649875139953183e+00 1.386771936791032500e+00 1.904034064697649187e-01 1.371560839506621221e+00 6.111449934491559599e-01 1.382989693513457352e+00 9.796427355993160280e-01 1.404882357583100649e+00 1.428716654017233578e+00 1.384705662590235864e+00 1.381461822659771688e+00 1.408141737413607153e+00 1.389298658321139524e+00 1.476128784420630835e-01 1.391665825152712532e+00 1.375530971518413415e+00 1.419384848388787645e+00 1.416275805190192028e+00 1.405247265292432157e+00 1.385991724782463130e+00 1.406331908854620893e+00 3.767012168300122310e-01 1.378643681917267827e+00 2.886015317486126941e-01 1.383212042573948253e+00 1.390864655623747392e+00 1.403177060105652130e+00 1.887539600379614935e-01 1.390576879900832008e+00 1.384995459260893735e+00 2.435543733636557906e-01 1.382458240358717116e+00 6.132016159917617060e-01 1.415823299975971894e+00
3.205529537719314925e-01 2.957600782511263793e-01 2.768802361459641870e-01 1.365850406540098927e+00 1.382210003091445483e+00 1.945406108367734588e-01 1.339730085162102458e-01 1.297246334425780911e-01 1.374576494618017453e+00 7.955800191148177936e-01 1.384780748281634111e+00 6.841222006767836428e-01 1.407056639520273933e+00 9.815617736804426174e-01 1.362324048573316126e+00 1.406094793305100454e+00 1.457832660875099107e-01 1.389643758557397746e+00 1.395199641127425227e+00 5.586634922041473494e-01 7.947312107479603815e-01 1.419963082675830934e+00 1.371108428343376318e+00 9.761258130598055027e-01 1.389425734926167832e+00 1.404325738223963116e+00 5.524979004867539567e-01 2.471191159628557399e-01 1.388952721274651525e+00 1.389446625548583114e+00 1.392444114215606321e+00 1.828335294716802450e-01 1.395187916441428033e+00 1.367863164638022599e+00 2.143812510953239381e-01 1.404834025557481381e+00 1.370571747179184285e+00
9.492882844028016631e-01 1.370560401782128679e+00 1.382489595697639073e+00 2.604350526959663403e-01 2.017052138825143615e-01 1.383473936818786942e+00 1.391669046148894084e+00 1.370762990601782860e+00 1.249710648658499679e-01 1.226136132046665439e-01 1.367138175156507929e+00 1.046863418666966056e-01 1.036911467887346172e-01 1.382824217430953739e+00 1.402407967978783754e+00 9.683500203246075966e-01 1.356186674938351100e+00 1.360817649670408025e-01 4.101947385070431329e-01 7.876519143881068885e-01 9.686874702569567841e-01 1.379359472837137446e+00 1.412149125476723555e+00 1.394263401503025079e+00 1.388953137130911841e+00 7.920492112084455139e-01 1.380804826279371955e+00 1.388847964153997250e+00 2.232125186046252097e-01 1.379491180624793145e+00 1.389115003066466070e+00 1.944163047314603487e-01 1.321361031804781372e-01 1.369044845948518274e+00 2.068208724294084144e-01 1.428176837471173188e+00 1.395868074747976806e+00
1.344010090542917535e+00 1.377815385193510656e+00 1.388476824520576303e+00 3.475653786985938298e-01 1.400150461067896313e+00 1.388206940226554664e+00 9.667635661577052009e-01 6.104082034254976197e-01 1.393580825056724759e+00 1.383386294229456581e+00 1.075644405786123914e-01 1.377198444898935836e+00 1.388824732841166476e+00 1.028543851474456594e-01 1.367964802382184875e+00 9.621172537086479515e-02 7.834284323089257818e-02 1.367724264578669802e+00 1.382680719631068422e+00 1.389152539788597762e+00 1.400660011602950616e+00 1.399908982274580493e+00 9.817127767319405729e-01 9.801372857544109474e-01 1.403574687603777349e+00 1.362426109672361552e+00 1.421972717988361223e+00 6.863015494705996256e-01 1.388763080571809638e+00 2.087550474608427520e-01 2.015823755381776494e-01 1.387246900815352291e+00 1.383538585704779722e+00 1.098456959344105144e-01 1.393566724828841696e+00 1.418189458033576766e+00 1.383289833906798938e+00
9.582838511323100716e-01 1.397616467537622587e+00 4.069373674458406365e-01 1.402119819986903382e+00 1.401662186585583614e+00 1.368292760604207681e+00 1.405319002477665169e+00 1.405259020746868259e+00 1.379284165725291000e+00 1.388617956856441626e+00 2.281273606613531402e-01 1.396866656754775615e+00 1.401629516221144955e+00 1.380996152577731895e+00 9.822524151569757278e-02 1.362547744788276560e+00 1.387955534093902710e+00 7.800932504944299573e-02 1.380268931109466690e+00 6.871643017622129923e-01 1.417625515407481718e+00 1.403329105886925277e+00 6.103923613686428329e-01 6.836091054263988553e-01 1.395547443222811657e+00 1.416166218494701923e+00 1.383414828324813328e+00 1.402297386731404361e+00 1.408678287895828385e+00 1.394048775137347373e+00 1.407160689020857003e+00 1.362781340071446357e+00 1.417972103754078006e+00 1.083804879398208298e-01 1.408879107151569388e+00 1.399789229575301608e+00 1.389152519600364899e+00
1.386751411817308988e+00 5.505803598610261584e-01 1.406864500943375118e+00 1.388178520110021630e+00 1.377173274811590575e+00 1.402107219724216147e+00 1.395072851974993089e+00 1.385412512471975832e+00 1.399831312898317082e+00 2.508890503392615656e-01 9.714363864028143780e-01 1.400852256113427785e+00 1.407794837626934692e+00 6.863828511704701540e-01 1.375004281779441673e+00 4.309329057473645364e-01 1.385943784755184094e+00 1.379324359651310727e+00 7.670977138701218223e-02 1.401481808314211763e+00 1.378541843031581671e+00 1.384808414455378056e+00 9.755056528549659323e-01 3.627348757473231600e-01 1.398242497562635078e+00 9.855586316451094842e-01 1.416377678432680698e+00 1.366522776923029925e+00 9.691384846928606800e-01 7.914889368510208412e-01 1.394319015603588952e+00 1.418088481303449777e+00 1.389479701899325237e+00 1.067842816720343535e-01 7.926034639133419102e-01 1.413819296927642410e+00 1.381342677708006006e+00
1.390477520822646529e+00 1.376558257466567126e+00 1.356965430856561738e+00 1.404635876158539576e+00 7.916196409094027331e-01 4.779495841494892372e-01 4.070036658774739413e-01 3.603971742179211679e-01 2.934803244594468286e-01 6.811253908136862822e-01 1.395383010062117402e+00 1.388006142769432794e+00 1.410215502657422348e+00 1.383523815641017007e+00 4.808136623816295363e-01 1.395703941392349545e+00 1.402788699485216783e+00 9.841465143245649028e-01 7.601920860624186704e-02 9.632339038630434169e-01 1.413764076582409768e+00 1.402859470083005489e+00 1.380791704710276679e+00 1.409882964593207832e+00 3.201981333569365318e-01 6.851190383228065173e-01 1.402498314886081010e+00 1.402360457644029834e+00 1.397207599198648564e+00 9.805343312054410898e-01 4.817763412391777855e-01 1.376877459742588128e+00 5.544232031046263109e-02 4.903528147221088845e-02 1.379975038067480231e+00 1.411437718738806968e+00 1.406343311171279087e+00
1.385168873911547971e+00 1.410544128492568827e+00 1.420313559797342418e+00 1.365055963671280015e+00 1.396845359070552517e+00 1.392247688888713197e+00 1.399131668891773428e+00 1.393421675383734737e+00 5.524611493603970303e-01 9.733008430217481299e-01 1.412482645509976598e+00 1.389029956470372529e+00 7.873739611228458557e-01 5.549217932924678243e-01 1.395772899254799970e+00 1.374489799563989756e+00 1.385007658195614555e+00 1.407935294151880790e+00 1.396691427357512172e+00 7.582802407282446255e-02 1.383802141075924697e+00 7.977050761570670945e-01 1.393061422882185152e+00 1.393652996930469179e+00 1.403778026322199057e+00 2.718821920438949102e-01 1.397306335954080936e+00 9.892427323490561308e-01 1.368204806531635898e+00 1.383577274907998200e+00 1.407343463620669199e+00 5.567237226348761142e-02 1.377533817861347432e+00 1.388227686432141894e+00 4.927433158724105894e-02 1.380619194800915661e+00 9.851652271099247127e-01
1.378007320991204709e+00 6.845321274617229834e-01 1.387465102783444593e+00 1.399731269011623036e+00 1.402284608810149269e+00 1.405605853266631344e+00 1.389949506399520418e+00 1.376192640037024795e+00 7.924495018618074038e-01 1.400887902417118136e+00 1.401030699524132173e+00 1.384354314652995077e+00 1.393988835369329715e+00 1.399880569898127147e+00 1.405339183989667617e+00 7.950477373043426388e-01 5.133785742223477833e-01 1.380151701479910287e+00 1.394147552077915853e+00 1.366520404898351249e+00 7.482165083888077384e-02 1.406018909050295251e+00 1.384215110155289974e+00 1.406892005662121026e+00 1.401024388406631349e+00 1.371659685839186071e+00 6.033170445677326493e-02 1.378163325748379631e+00 9.746359240173592120e-01 1.402635103252116711e+00 1.387129975237854085e+00 5.615717675935343045e-02 1.410505486143347254e+00 1.401017448103020424e+00 1.380990315930313184e+00 4.882379786527124566e-02 4.862502139770598364e-02
1.917964939024800197e-01 1.366372932176552979e+00 9.783435399491843265e-01 1.386287248008559514e+00 1.400335858726702964e+00 6.825737309702478717e-01 9.748168543093385097e-01 1.407882467827578754e+00 1.381470444659544272e+00 1.394963408439617414e+00 1.359384355181509907e+00 1.432967354315048514e+00 1.416415846583220173e+00 1.399996933481958195e+00 1.385561950092184746e+00 1.391239689107519384e+00 1.411192366409616650e+00 4.300375148077257847e-01 1.379348665672627927e+00 1.639605116912804250e-01 6.771573913738888895e-02 1.385921094913608487e+00 1.397240899534003100e+00 7.919364997476705526e-01 1.379051617019901865e+00 6.217240933658963603e-02 1.366862673933561423e+00 5.997494259253125654e-02 1.375866345492283926e+00 1.388373068134459487e+00 5.662119230921581342e-02 1.381334214433718399e+00 1.410534054479449351e+00 1.402215908658288823e+00 6.896876798996953717e-01 1.402562931377194344e+00 1.372023570020344696e+00
