output_new_topo_ddd_2/finaltopo_soil_production__rate.asc
ncols 300
nrows 100
xllcorner 0.0
yllcorner 0.0
cellsize 10.0
[rows 34 to 50 of 100, columns 222 to 258 of 300]
3.358922479610381112e-04 3.355305760268014067e-04 3.373821366022178758e-04 3.362268924882374100e-04 3.365738963848404364e-04 3.358723749915638684e-04 3.352342146420646566e-04 3.352016723196418312e-04 3.379244034450954999e-04 3.362431329720316732e-04 3.350729334815969861e-04 3.367282278069816718e-04 3.350652951998660755e-04 3.353492156835281434e-04 3.358971461844623076e-04 3.353985522192918763e-04 3.369815643724929444e-04 3.344477546876861284e-04 3.337457380566002485e-04 3.341801654226196150e-04 3.357928912792857942e-04 3.364985670100150198e-04 3.364596105061804930e-04 3.361483511114792271e-04 3.323399248662545625e-04 3.341436426315053717e-04 3.361172278280023210e-04 3.350180008834784812e-04 3.377804167234730931e-04 3.345707103946495898e-04 3.352531420716197514e-04 3.363924318189738896e-04 3.346500843564508367e-04 3.367557899752130629e-04 3.345183154963345812e-04 3.364265483217447465e-04 3.338512205875118245e-04
3.348496645166018659e-04 3.341424263216623801e-04 3.362397207835768169e-04 3.373631095644120427e-04 3.359093522069781131e-04 3.343797066480991309e-04 3.353891471931832709e-04 3.378681012381536141e-04 3.362869948319252111e-04 3.379065001783967612e-04 3.379938277030510377e-04 3.366330812445531050e-04 3.356259145578637795e-04 3.355705117433951511e-04 3.324470710299932312e-04 3.351464343381134687e-04 3.338097493943463978e-04 3.351603491348265551e-04 3.317176295161918692e-04 3.362806034192710380e-04 3.378972127385057741e-04 3.379072470000233286e-04 3.383006860346314299e-04 3.381769081642584042e-04 3.376621402033856516e-04 3.348585057700591869e-04 3.329894674128795664e-04 3.351818852175897021e-04 3.382480702927575405e-04 3.351647173856506039e-04 3.353028370741838898e-04 3.338451728111393535e-04 3.373251712895374314e-04 3.379343245749546077e-04 3.334236541077409085e-04 3.338303349320866976e-04 3.354369655945925563e-04
3.350159963490152585e-04 3.336484441636727210e-04 3.368561395952796326e-04 3.362603600197788096e-04 3.373540379123772808e-04 3.370901628861858353e-04 3.378724339999228258e-04 3.366010745314976845e-04 3.345189015789988606e-04 3.356519930156122455e-04 3.359068522044214708e-04 3.342496728089279869e-04 3.347379347462873622e-04 3.363595419711444458e-04 3.355349684394790715e-04 3.328872321028657623e-04 3.346967794914912603e-04 3.358163683612839243e-04 3.332938337440256643e-04 3.359551239733854088e-04 3.357916050757084477e-04 3.345535682196417154e-04 3.363197660752538141e-04 3.346241608585346630e-04 3.350311373082651926e-04 3.377058868828052528e-04 3.381218415860088190e-04 3.382043104357607458e-04 3.386889987149031161e-04 3.351697157154417896e-04 3.357210635796993733e-04 3.376070100791164373e-04 3.384503909032746615e-04 3.383723195120834902e-04 3.380447604528985322e-04 3.371282054184137939e-04 3.376182694237693516e-04
3.341934768451640392e-04 3.330545679208411053e-04 3.363755572022993057e-04 3.354763301430215613e-04 3.366331333443538156e-04 3.378221491888127172e-04 3.363636027372081849e-04 3.342749609896652498e-04 3.349901201290990675e-04 3.337628611986086084e-04 3.349176419532219769e-04 3.364611634918829850e-04 3.333182134417886941e-04 3.363497627734270503e-04 3.360674754078816335e-04 3.371861503957695213e-04 3.361406143076567897e-04 3.340168943084716462e-04 3.353936087605879652e-04 3.323445156683708934e-04 3.320060327658007934e-04 3.331246499858067861e-04 3.332158108461484038e-04 3.352404245905716272e-04 3.351753347328535792e-04 3.345329431962220409e-04 3.351943168380766926e-04 3.367016886906625634e-04 3.380344571526128802e-04 3.372872254902954605e-04 3.376115764460857200e-04 3.371575983700943429e-04 3.376149597283919970e-04 3.364818722549562714e-04 3.355105969100762356e-04 3.375870864369513247e-04 3.363282870504999021e-04
3.344981252312189172e-04 3.355142702861262441e-04 3.338119505188429895e-04 3.362134850559898684e-04 3.375204204588324718e-04 3.388086220394895373e-04 3.376566753746794479e-04 3.337169489909521877e-04 3.369552250311701864e-04 3.368623651536802976e-04 3.337994472831782352e-04 3.335250897895097465e-04 3.378607409746545122e-04 3.342038105650788006e-04 3.347042004518722361e-04 3.385672577181125971e-04 3.374396525088898353e-04 3.341383105265078191e-04 3.324361125808600803e-04 3.360763928744705175e-04 3.354403863683303962e-04 3.356458697951535206e-04 3.354037016014186322e-04 3.346837560091453761e-04 3.355253865355121859e-04 3.350605920676526977e-04 3.347455600470830984e-04 3.378156898293026658e-04 3.373257447318025667e-04 3.380714713144388210e-04 3.355127491840096386e-04 3.349624631453750881e-04 3.325617788923631397e-04 3.361884973855511086e-04 3.341388721049691241e-04 3.330511904943888246e-04 3.374487219082949281e-04
3.339587554833806375e-04 3.361808969901252937e-04 3.346734701948640678e-04 3.357135387050905347e-04 3.348924522609398984e-04 3.382403714445638148e-04 3.356213295448210419e-04 3.376529843888707904e-04 3.349672139468184658e-04 3.358759669620271782e-04 3.334851693737831291e-04 3.365444659087215781e-04 3.388957897003725046e-04 3.382450512487554951e-04 3.382791297421142737e-04 3.380446622680935193e-04 3.378135787759756724e-04 3.366113783415550860e-04 3.312352935828347285e-04 3.348152946247668835e-04 3.358447846665666586e-04 3.378387251724465331e-04 3.343638394136795805e-04 3.356920020211808138e-04 3.375180987492400436e-04 3.376971618963556720e-04 3.384934049681990976e-04 3.359004902762644982e-04 3.332119101789936754e-04 3.381917386086586113e-04 3.353778590373526292e-04 3.335695746735731367e-04 3.369153819093935638e-04 3.340136657473218289e-04 3.355730877379411330e-04 3.346527349577922239e-04 3.367279962513929493e-04
3.366155349366523357e-04 3.336464045629266672e-04 3.350121400948050435e-04 3.317984413810917341e-04 3.359328975274731275e-04 3.379841499091784901e-04 3.354947764496524947e-04 3.347399008207576363e-04 3.364326288029480857e-04 3.341769863661836568e-04 3.342102153319654614e-04 3.383068954320023322e-04 3.383113127869950289e-04 3.357484260204333655e-04 3.351874387047660653e-04 3.347896861555825433e-04 3.371747174946294998e-04 3.372890989379826463e-04 3.335670504653884326e-04 3.327109706449873504e-04 3.361542886626444271e-04 3.380461935034455756e-04 3.361433044331757817e-04 3.353344473208050291e-04 3.350898778458902207e-04 3.347433426481329880e-04 3.386242550557522235e-04 3.350545033063172446e-04 3.332598324282659953e-04 3.367078978205787334e-04 3.378853963738312266e-04 3.372945902836691390e-04 3.331867393040824897e-04 3.336267668916944153e-04 3.328376912869383353e-04 3.361602793225945207e-04 3.327403508675696336e-04
3.385767004847828007e-04 3.347325233890734207e-04 3.357432321201193502e-04 3.352008517706470321e-04 3.338842050622704448e-04 3.361022689682002123e-04 3.377509618784666845e-04 3.345107987468510981e-04 3.365982500358805822e-04 3.359711893363222950e-04 3.381074036667282789e-04 3.362163579429955232e-04 3.355815352301501288e-04 3.371372515839192734e-04 3.367637009144114324e-04 3.364390470563229855e-04 3.373736298184064905e-04 3.374965395055893550e-04 3.344148761464382780e-04 3.335025723113469202e-04 3.354372976261473676e-04 3.342057394350390941e-04 3.381549965130152416e-04 3.351686874992735482e-04 3.342887475884978024e-04 3.354194233393795513e-04 3.381828981858148631e-04 3.333509024863057376e-04 3.350887745404815981e-04 3.335820098265769086e-04 3.358396273004192315e-04 3.377717454148188481e-04 3.359211841955017717e-04 3.359342531491567741e-04 3.333575464552128941e-04 3.333518468536340526e-04 3.346463928310332943e-04
3.362744751605848824e-04 3.380771653648730491e-04 3.364883769072664864e-04 3.375407478312704847e-04 3.345276038297653135e-04 3.358174750028028520e-04 3.383541332416501552e-04 3.377135577572089732e-04 3.380288657752208666e-04 3.366866113387403134e-04 3.387262977499490139e-04 3.356490264565922181e-04 3.344257627298305316e-04 3.367514356878014716e-04 3.343219732876653600e-04 3.341736156520292485e-04 3.346250137103731846e-04 3.354764977315291400e-04 3.328496027989820329e-04 3.365107109428278715e-04 3.350355737551931703e-04 3.337054195099201873e-04 3.382193466738574357e-04 3.358926865918420985e-04 3.382271701460761826e-04 3.383707712073876113e-04 3.339754388890076291e-04 3.336738662719778044e-04 3.364937515824333795e-04 3.367495563358316891e-04 3.368903171854257194e-04 3.382598644432446215e-04 3.376192399071931724e-04 3.352242698851768299e-04 3.361913316428087085e-04 3.374750224054397034e-04 3.375113875883290816e-04
3.383971101890386585e-04 3.360635906994382540e-04 3.355659197528096838e-04 3.351013307253625445e-04 3.329180119988962611e-04 3.359563819807077456e-04 3.382247400541858262e-04 3.381904988433315370e-04 3.380555844776767893e-04 3.382650845910832984e-04 3.387220822190145967e-04 3.354247313258312932e-04 3.343458770695828660e-04 3.347794428635365339e-04 3.377484246762636299e-04 3.377496016450853497e-04 3.369420138865943082e-04 3.337618583265451115e-04 3.345898975706431810e-04 3.358072763794506081e-04 3.379650764250950062e-04 3.379883393150691557e-04 3.362859067165208994e-04 3.377917765999896029e-04 3.353822957768832461e-04 3.349462454974214110e-04 3.349345020962267395e-04 3.344936914328204471e-04 3.330755996570982876e-04 3.352935186747690584e-04 3.361771792874731634e-04 3.382208556234153510e-04 3.373841903866749928e-04 3.375711628621204884e-04 3.377437418446042417e-04 3.363546677852056305e-04 3.337991735596971795e-04
3.386721890840589427e-04 3.362423159536273532e-04 3.360756176835779751e-04 3.360549343372561289e-04 3.354901638913253986e-04 3.373225360330566261e-04 3.366378737408316215e-04 3.344462031645226022e-04 3.366552516025748151e-04 3.339308570082852160e-04 3.351942765792755713e-04 3.378975920074023904e-04 3.362243793293632067e-04 3.379031005645249356e-04 3.382769099437011023e-04 3.378100411351784541e-04 3.367035721680758766e-04 3.326746802758052306e-04 3.364806250043331768e-04 3.363170233539502694e-04 3.353116711627840158e-04 3.342843574325461936e-04 3.353566014192445170e-04 3.330025130196727443e-04 3.353514935337365108e-04 3.344865789106174644e-04 3.342084555266170332e-04 3.349304180009912897e-04 3.365723689931493382e-04 3.349198463734444028e-04 3.361488902867874689e-04 3.380818789034873199e-04 3.339328080111542423e-04 3.336786848704414586e-04 3.332694466041208965e-04 3.330430604230587440e-04 3.328079926508339947e-04
3.355174698545756768e-04 3.384057276749340994e-04 3.385565078266096505e-04 3.377561980478495330e-04 3.373133225952529204e-04 3.360253293412379791e-04 3.364201149917693426e-04 3.351427436536212915e-04 3.354469480738394194e-04 3.346665964597289491e-04 3.333774449810833289e-04 3.351139406200664842e-04 3.382628950861447242e-04 3.365871535296486379e-04 3.375573582071481277e-04 3.353678540325183595e-04 3.347960773035699557e-04 3.360589237715656710e-04 3.346548244088631547e-04 3.339051084302835869e-04 3.325200643710261362e-04 3.350124987080562258e-04 3.365175277381458169e-04 3.345159575441892488e-04 3.326453527384514147e-04 3.352825864361505146e-04 3.352203836732971318e-04 3.339911665428951511e-04 3.354236338222984148e-04 3.376163751765393593e-04 3.379666004139468961e-04 3.379245698004682821e-04 3.359750209159972543e-04 3.361500603761210528e-04 3.348668564600606025e-04 3.341910826669629146e-04 3.371729835652240072e-04
3.368985267585384528e-04 3.353735342526725132e-04 3.356623411075660476e-04 3.377882017120046828e-04 3.355090344914187840e-04 3.336123499849481442e-04 3.339423016632985571e-04 3.327409161998416231e-04 3.346340945190982722e-04 3.364747836845989495e-04 3.362490308073660971e-04 3.365177139073582415e-04 3.391353504798303364e-04 3.369765600198668045e-04 3.359671721263074603e-04 3.368287578633451674e-04 3.339723325227155599e-04 3.346882485424141664e-04 3.354997589791210958e-04 3.345618951169774310e-04 3.363301570941245743e-04 3.345982072872304819e-04 3.334613956159272904e-04 3.345764812636533355e-04 3.364606581478272128e-04 3.355070863546396102e-04 3.352958351204136803e-04 3.341190918490037349e-04 3.353516660828672561e-04 3.350064000464326639e-04 3.372921656621717472e-04 3.376081483675653417e-04 3.333037039731427632e-04 3.348616293733505190e-04 3.365121675815627416e-04 3.342137849933006478e-04 3.341301147363908808e-04
3.356190913173967322e-04 3.336790242785275134e-04 3.354726697038000818e-04 3.382201323633197650e-04 3.336060324393166042e-04 3.351695855377512766e-04 3.335115786475965666e-04 3.367990797445082909e-04 3.357520004203183822e-04 3.354046717349329527e-04 3.347521133996710649e-04 3.348030225350974312e-04 3.387628601747800301e-04 3.340749250395854721e-04 3.335456508207985450e-04 3.335735296488657672e-04 3.369064334786341076e-04 3.331878314710460740e-04 3.367509218735542458e-04 3.351174137025175661e-04 3.378032508676334883e-04 3.346092640707841004e-04 3.331590983369816508e-04 3.366922098399278041e-04 3.378463663843769837e-04 3.362487175811682428e-04 3.365438614416810833e-04 3.369346067037043077e-04 3.346535008610060130e-04 3.334716339867242903e-04 3.380560094301516909e-04 3.358234077544837827e-04 3.368305845876896562e-04 3.375121202628868786e-04 3.357667694447605483e-04 3.356556520029006416e-04 3.375854529672935034e-04
3.330597359334328163e-04 3.345544488633390035e-04 3.377487660043254733e-04 3.382160007075097501e-04 3.367149110822580875e-04 3.363778679893077161e-04 3.333570682998515601e-04 3.368653894681524928e-04 3.338272777285610968e-04 3.374811525409205856e-04 3.323031048819045322e-04 3.353150077247313201e-04 3.384838050117267038e-04 3.344145038598974901e-04 3.359740972459688787e-04 3.374349014345562402e-04 3.323010415406143885e-04 3.341815499499413444e-04 3.373618358606649144e-04 3.355517774331876098e-04 3.379828066667628643e-04 3.334368045460994441e-04 3.365874717364897230e-04 3.344433980877927880e-04 3.362742970996019862e-04 3.375783700403269384e-04 3.344470024306421996e-04 3.358662469860516594e-04 3.377389573452028114e-04 3.358734584683130517e-04 3.385344101455016897e-04 3.373144801342117566e-04 3.376365920391224702e-04 3.362035634574179642e-04 3.379722722590703461e-04 3.378833482568503093e-04 3.355376541436967935e-04
3.348526982143550513e-04 3.373341955639226467e-04 3.355596584160267545e-04 3.361834482330514138e-04 3.377439871215360363e-04 3.337569264267035746e-04 3.362132841470110160e-04 3.343298530291783440e-04 3.376363505113974040e-04 3.330727120785132453e-04 3.352323835483469777e-04 3.368060477900342324e-04 3.349684941264736201e-04 3.382350170938820178e-04 3.371656047792018717e-04 3.361314212122988023e-04 3.320052418165184323e-04 3.355784303506114882e-04 3.374141285069801955e-04 3.367596061566351454e-04 3.379823551210773647e-04 3.343624196916475323e-04 3.347662640627182109e-04 3.360463034863086758e-04 3.367274316163306651e-04 3.349833975941641498e-04 3.372845285184449156e-04 3.368030409265091374e-04 3.379308160500000473e-04 3.378068659877047340e-04 3.385122766543966714e-04 3.380708859030299648e-04 3.358394728779616630e-04 3.348008015889909913e-04 3.329145106169491318e-04 3.347174846091665440e-04 3.372066401681713451e-04
3.375815667545841738e-04 3.346592594964041914e-04 3.354098002557964167e-04 3.340244979347431736e-04 3.377391999624666016e-04 3.354411420097768381e-04 3.350907390479018885e-04 3.381018842751960839e-04 3.346609418775392574e-04 3.354559755502672697e-04 3.334185389176870995e-04 3.324161644767090911e-04 3.331346100924311229e-04 3.358230589780839860e-04 3.362492441226862033e-04 3.344678060487624258e-04 3.341369060403519167e-04 3.355983684949072712e-04 3.369390654419173142e-04 3.375947071138135549e-04 3.382735770255559634e-04 3.363108015865843106e-04 3.338086398630546307e-04 3.340823740101896578e-04 3.342368056659352957e-04 3.339693837935286285e-04 3.366408893990563314e-04 3.376155107862562673e-04 3.371584146786765963e-04 3.376264093639736504e-04 3.372645297680945068e-04 3.355622659660123129e-04 3.375204255741328535e-04 3.334406277913435474e-04 3.369314093526731813e-04 3.347812836383170761e-04 3.338246362091526693e-04
