output_new_topo_ddd_2/finaltopo_soil_production__rate.asc
ncols 300
nrows 100
xllcorner 0.0
yllcorner 0.0
cellsize 10.0
[rows 0 to 16 of 100, columns 148 to 184 of 300]
0.000000000000000000e+00 0.000000000000000000e+00 0.000000000000000000e+00 0.000000000000000000e+00 0.000000000000000000e+00 0.000000000000000000e+00 0.000000000000000000e+00 0.000000000000000000e+00 0.000000000000000000e+00 0.000000000000000000e+00 0.000000000000000000e+00 0.000000000000000000e+00 0.000000000000000000e+00 0.000000000000000000e+00 0.000000000000000000e+00 0.000000000000000000e+00 0.000000000000000000e+00 0.000000000000000000e+00 0.000000000000000000e+00 0.000000000000000000e+00 0.000000000000000000e+00 0.000000000000000000e+00 0.000000000000000000e+00 0.000000000000000000e+00 0.000000000000000000e+00 0.000000000000000000e+00 0.000000000000000000e+00 0.000000000000000000e+00 0.000000000000000000e+00 0.000000000000000000e+00 0.000000000000000000e+00 0.000000000000000000e+00 0.000000000000000000e+00 0.000000000000000000e+00 0.000000000000000000e+00 0.000000000000000000e+00 0.000000000000000000e+00
3.367792755856728756e-04 3.360693315666396877e-04 3.335565327862978708e-04 3.351102754537349710e-04 3.345940553597600317e-04 3.337299015170432570e-04 3.334802715429816076e-04 3.339491253276683251e-04 3.336015298005848523e-04 3.331254982044516851e-04 3.344387732983277687e-04 3.341518316461741063e-04 3.381071585411408076e-04 3.382289992939834867e-04 3.374178714782967653e-04 3.356647165651773694e-04 3.361046611930053416e-04 3.348250049935151706e-04 3.353035004989623818e-04 3.337341953252471603e-04 3.353508407204955463e-04 3.351298180456585389e-04 3.344240992192360124e-04 3.337127556587800759e-04 3.342393149344809558e-04 3.351130975919545930e-04 3.348864637041715285e-04 3.340843218587182884e-04 3.349213921145548700e-04 3.343256885914468917e-04 3.354840001626334042e-04 3.343225497172424990e-04 3.331784715818709931e-04 3.355989083645315911e-04 3.348730722469881404e-04 3.329898869160860986e-04 3.331856693399032755e-04
3.341492498594288846e-04 3.338937932698942540e-04 3.368870997878066682e-04 3.335352460381300118e-04 3.355653632209643902e-04 3.355537069827014846e-04 3.362523152383900711e-04 3.336700938724169964e-04 3.332409933259826667e-04 3.360522572259631185e-04 3.343691199036067339e-04 3.377064692311729146e-04 3.366396327400383837e-04 3.331072042234791862e-04 3.350195180164177236e-04 3.356612136369222909e-04 3.347012347647975198e-04 3.349612245507383487e-04 3.359178311329084573e-04 3.369154841579811988e-04 3.363899316064479440e-04 3.355575496084833983e-04 3.361088362255671997e-04 3.371624264740416912e-04 3.364663847819686577e-04 3.352948226228384784e-04 3.341919945117236912e-04 3.366083668703023801e-04 3.365767734740199107e-04 3.343382770016810291e-04 3.358300519971833212e-04 3.331837196802951468e-04 3.369211637397031742e-04 3.360929987724167343e-04 3.353503502165842954e-04 3.327416726479904261e-04 3.358009182597368881e-04
3.344352628019824926e-04 3.357377113406229217e-04 3.346690233460519835e-04 3.372728682021264085e-04 3.369655922569856385e-04 3.376234638460923437e-04 3.351132673918157221e-04 3.340176810261804739e-04 3.344462717460286363e-04 3.359584966067225660e-04 3.379371970702655021e-04 3.341988853156451899e-04 3.351399666278574328e-04 3.355899907902906471e-04 3.316007976822564940e-04 3.329200493578827482e-04 3.345157278587173265e-04 3.356353114660651053e-04 3.370617002766064410e-04 3.377200728805312665e-04 3.339698251020866305e-04 3.362918442045174450e-04 3.377475280353773083e-04 3.344537889338513714e-04 3.376498730890917254e-04 3.340399695816625753e-04 3.346798998107812766e-04 3.375432448366261153e-04 3.357982633765878452e-04 3.342738296842777727e-04 3.351919642009194475e-04 3.375165004495823810e-04 3.357597605478283105e-04 3.330960672870544653e-04 3.322938158781767572e-04 3.340087659841827709e-04 3.352549162645548420e-04
3.370574495210044942e-04 3.348978487149544513e-04 3.337382559535128149e-04 3.373862605077584433e-04 3.354038763508558293e-04 3.378475968420615108e-04 3.364164166052653398e-04 3.323041012332120345e-04 3.344128953109380947e-04 3.342724876922630798e-04 3.381913337004788180e-04 3.338496832585358988e-04 3.329768727600342375e-04 3.336103307210442183e-04 3.351649248973998700e-04 3.330159526291085544e-04 3.344096168196089287e-04 3.353945874991558587e-04 3.348648884778635307e-04 3.363060159813230647e-04 3.371232850403702583e-04 3.358244546785882118e-04 3.375494341705044293e-04 3.335486012167365234e-04 3.370659142444733117e-04 3.348071552973609167e-04 3.368541977519445233e-04 3.377732638014654606e-04 3.363305455726327254e-04 3.324433207310928634e-04 3.339331214218834690e-04 3.376661139382325762e-04 3.346120779577751916e-04 3.359698237051819518e-04 3.345441365531231256e-04 3.331504654712131620e-04 3.355397027647168498e-04
3.373542506185422995e-04 3.359208005117581409e-04 3.348789652755173826e-04 3.354860736447164843e-04 3.372968588536027698e-04 3.341170954236986597e-04 3.341729176103167627e-04 3.354117088483222478e-04 3.317820779403620932e-04 3.368596111173177286e-04 3.381959046887734500e-04 3.350535013663901145e-04 3.352485890131356961e-04 3.356690928176615167e-04 3.371031448502031223e-04 3.361407762602805732e-04 3.320700527525559148e-04 3.352650253891972646e-04 3.342321570465783321e-04 3.359291828815811373e-04 3.360927707468797511e-04 3.375967383294554741e-04 3.348067129052003602e-04 3.361985506395173359e-04 3.365133413008234678e-04 3.358709927935681072e-04 3.377730846556551867e-04 3.355888158500606859e-04 3.357166580547560407e-04 3.347821186658042278e-04 3.361712576606522176e-04 3.361416091110139932e-04 3.373894891582915139e-04 3.345972613135000896e-04 3.338290217786960392e-04 3.333110371003226860e-04 3.371826073170215406e-04
3.344993290023818536e-04 3.371891164926514085e-04 3.355871688012559972e-04 3.374060595659289594e-04 3.352088758704497694e-04 3.350407140701120584e-04 3.353243189450831434e-04 3.333920174585123467e-04 3.356779784086373576e-04 3.331704213590436139e-04 3.358673149703582275e-04 3.373773354954542588e-04 3.362339618729780948e-04 3.370389020991391028e-04 3.327964158115585824e-04 3.338151581110531145e-04 3.342136918812535495e-04 3.328996888630777443e-04 3.361635512243949051e-04 3.369244957533576923e-04 3.376077803342502552e-04 3.383035245400810515e-04 3.339283526392838137e-04 3.353749255590237287e-04 3.372889055063653515e-04 3.362559843404462146e-04 3.382466236302522026e-04 3.375209591662670897e-04 3.345904622658905036e-04 3.338544947420135438e-04 3.336651585113594451e-04 3.349175939532894435e-04 3.346303410025218330e-04 3.373216768751927954e-04 3.354749365670167509e-04 3.371045426411927934e-04 3.345463086468770638e-04
3.356192569705500361e-04 3.350487180548950114e-04 3.378149522164456417e-04 3.354852515564626220e-04 3.359889495906137787e-04 3.363714150341574546e-04 3.337495555090167084e-04 3.341318566339410178e-04 3.357071091558315391e-04 3.324524136294894458e-04 3.377906617234574722e-04 3.366776182131622644e-04 3.370203824772234993e-04 3.330688845449892329e-04 3.329294009523439549e-04 3.353740314795453613e-04 3.358163777913824991e-04 3.330727967974163621e-04 3.347070106134879589e-04 3.357202930041718872e-04 3.359455537618645797e-04 3.380525635983532983e-04 3.350611191522052967e-04 3.346270852260692505e-04 3.379890189024975337e-04 3.379934764485142420e-04 3.381610337842287412e-04 3.377569884979026555e-04 3.373159130365160538e-04 3.358702358769654153e-04 3.322265457613372461e-04 3.342216267749061162e-04 3.366045762781824592e-04 3.347446686522863638e-04 3.372785046553797598e-04 3.359001896706113356e-04 3.349437629250871817e-04
3.367784773057847739e-04 3.355214974619627651e-04 3.379014748864053079e-04 3.333564983517586615e-04 3.348249002144707887e-04 3.335922776205711856e-04 3.338228781833980203e-04 3.367455905467097886e-04 3.340660489394268345e-04 3.343752888159590869e-04 3.377663104406016426e-04 3.320916269804383950e-04 3.332159087037433695e-04 3.331700880555693296e-04 3.355991647585150010e-04 3.370693713630077901e-04 3.361363595413721607e-04 3.326667226552580789e-04 3.352360818345026484e-04 3.375063606744838269e-04 3.377022152371099276e-04 3.380113784690917189e-04 3.368067278401692521e-04 3.373014577918548003e-04 3.353193674252572041e-04 3.343204053601790010e-04 3.365512606717862773e-04 3.350635604934400452e-04 3.357268780897798197e-04 3.345593630252687608e-04 3.329257030045559645e-04 3.349449047795159543e-04 3.348161723323760585e-04 3.336279360727533502e-04 3.346299789084175667e-04 3.380755988185471213e-04 3.379123903868306634e-04
3.366779161536276408e-04 3.376628757120287913e-04 3.365356630328071000e-04 3.349094571796146290e-04 3.361794606107839788e-04 3.335174735605750569e-04 3.335727508704439169e-04 3.370296158410740744e-04 3.355695982947276969e-04 3.373775356439157568e-04 3.338153981992121578e-04 3.316769229256881718e-04 3.374962228869482191e-04 3.342339521547408720e-04 3.372650944085103103e-04 3.346428768201175014e-04 3.334286992838010914e-04 3.332665206629716438e-04 3.354160171764493381e-04 3.336338601245119337e-04 3.340762517395078112e-04 3.351653849977800285e-04 3.377087946070740816e-04 3.357288868993498951e-04 3.352261524756558453e-04 3.350552681868901859e-04 3.341522644242498523e-04 3.345792835943215250e-04 3.334474417038596939e-04 3.328915288865432658e-04 3.358071864336363566e-04 3.345433868364986233e-04 3.320809102883734930e-04 3.335253297686108448e-04 3.335773070197112439e-04 3.381667665372663743e-04 3.343110724155521295e-04
3.337665122067691209e-04 3.339530880850466411e-04 3.377652130275736247e-04 3.376924372766037662e-04 3.339547504162046205e-04 3.363591653546075524e-04 3.334580422879304998e-04 3.356107492540293916e-04 3.373665579619383932e-04 3.342038453818829170e-04 3.332505864630722200e-04 3.365421258871014202e-04 3.332046387155477131e-04 3.379173887076781569e-04 3.342429159843117318e-04 3.354612034334151930e-04 3.336995797852492884e-04 3.354129999827708437e-04 3.349568655343630632e-04 3.359473268800794422e-04 3.361107306610819096e-04 3.327848404571603328e-04 3.380949304807694665e-04 3.339329313013630679e-04 3.351635194975805627e-04 3.358458250372661877e-04 3.334699681978188219e-04 3.338689338515947631e-04 3.342857509032703652e-04 3.361652486650523936e-04 3.368869341547152787e-04 3.359286149262725400e-04 3.334945225523576018e-04 3.356149240121826072e-04 3.356101080789605697e-04 3.379914282365453423e-04 3.352541341500866003e-04
3.344045376879929850e-04 3.342964631884167521e-04 3.348998950091762483e-04 3.381238848894915577e-04 3.328659143157555451e-04 3.344325680494196354e-04 3.367170068826472250e-04 3.375300908030595183e-04 3.347329035980398907e-04 3.351181195693786756e-04 3.339329574807522907e-04 3.345926132701666756e-04 3.381430417691838738e-04 3.383087652491493678e-04 3.343918200816905616e-04 3.334442916438299775e-04 3.361619091879871810e-04 3.375136207270958686e-04 3.331202891732552287e-04 3.347623516019948109e-04 3.375991494050006370e-04 3.345433348876755589e-04 3.383552698493037456e-04 3.372598467499963635e-04 3.358595148576072695e-04 3.352779163836382787e-04 3.366867767574736035e-04 3.356512172529311556e-04 3.322622037611909691e-04 3.341508492204597045e-04 3.368024132396926057e-04 3.377397093311119546e-04 3.358613740693463146e-04 3.348093939811599648e-04 3.377077680381648296e-04 3.360818610110616659e-04 3.344719655279267383e-04
3.367042215518464290e-04 3.347415459496611294e-04 3.338826944061554875e-04 3.382496771187307075e-04 3.340897359431088958e-04 3.350905285604058575e-04 3.376583442320799729e-04 3.366673742534697072e-04 3.365561185661420469e-04 3.380171664520340404e-04 3.383741397493536464e-04 3.379971087320114416e-04 3.349204089241666080e-04 3.358942966728681767e-04 3.375827835203081039e-04 3.357550524982440602e-04 3.331371984120610379e-04 3.361856311810479869e-04 3.373413790582751736e-04 3.351199110121435860e-04 3.371832796859258003e-04 3.361475168006724796e-04 3.376954827495285013e-04 3.335351876047515959e-04 3.368900828103811736e-04 3.370127381902567293e-04 3.366474147549014073e-04 3.358295180511374151e-04 3.330895494603567254e-04 3.368444901248216308e-04 3.355010057071838967e-04 3.340443324418187858e-04 3.378541043118259493e-04 3.383339269279929265e-04 3.387649168520298691e-04 3.377801495026288453e-04 3.351847697157931999e-04
3.350997321873866192e-04 3.371318532387990131e-04 3.363845257331799822e-04 3.379351805591843940e-04 3.370426823170218013e-04 3.375735740067664094e-04 3.363499906721156862e-04 3.380999795204647556e-04 3.384135958651092349e-04 3.346409061711917211e-04 3.339958905138434549e-04 3.340125494872742714e-04 3.354778528875594461e-04 3.331591431893924445e-04 3.368443432039046836e-04 3.366027987445535988e-04 3.329912623363359063e-04 3.351779294655207503e-04 3.348470453849553300e-04 3.374891027559611366e-04 3.375162855482764833e-04 3.373293450532645885e-04 3.347279623847109267e-04 3.366305668917143239e-04 3.374842505238563628e-04 3.353751943501893235e-04 3.352247507296669230e-04 3.344822669935503022e-04 3.331312604302682449e-04 3.340126875168069535e-04 3.323436363869801402e-04 3.323864740227396248e-04 3.364461628289222854e-04 3.349185119222892484e-04 3.354315692692334447e-04 3.353885902029782816e-04 3.378024653684829552e-04
3.348954190291125537e-04 3.359292172907328805e-04 3.375281953690931615e-04 3.365660436098178538e-04 3.376911128481248771e-04 3.354344535035926034e-04 3.340923932288673002e-04 3.340132937613572825e-04 3.381791146556928471e-04 3.345522729362715702e-04 3.352468468597316273e-04 3.347644404902865348e-04 3.329588254927841611e-04 3.317904066252280564e-04 3.381884413121088811e-04 3.329902740559752554e-04 3.353537234981288518e-04 3.355156738181763743e-04 3.359480224350642531e-04 3.375867830376655409e-04 3.375491083564107885e-04 3.366048697201908901e-04 3.347055375577033488e-04 3.344835170201131396e-04 3.375423298515751189e-04 3.363768012239989782e-04 3.367666715778465099e-04 3.357244220067619731e-04 3.317837112907898222e-04 3.343025692557874450e-04 3.358728250106229407e-04 3.364461111031826542e-04 3.332259219401581497e-04 3.333098458366784249e-04 3.320775878042541763e-04 3.353892122500491441e-04 3.382743947274285934e-04
3.367750640958117611e-04 3.375344705975103529e-04 3.342472110962438651e-04 3.338452105210631331e-04 3.355972368456390542e-04 3.361012465229843717e-04 3.330614367494370192e-04 3.349447502326707436e-04 3.369645688905360055e-04 3.379868802560067297e-04 3.378224227064264402e-04 3.328642171689726276e-04 3.354565428235363727e-04 3.355377138658712649e-04 3.323351724740390744e-04 3.331004889840783996e-04 3.343947952606543777e-04 3.367162741466661765e-04 3.342061337372068878e-04 3.343338671555255801e-04 3.357150804194860595e-04 3.376716440969709083e-04 3.352703297343291762e-04 3.375210308673055339e-04 3.382676534524067195e-04 3.369950953697433880e-04 3.367452996476134734e-04 3.329149911651601646e-04 3.358860377470116007e-04 3.354970641958505972e-04 3.340220308497684944e-04 3.352555126023840028e-04 3.364700499260615037e-04 3.356700321923088127e-04 3.377596240790100711e-04 3.379146235978420696e-04 3.363743546841286539e-04
3.380012517135799299e-04 3.351485086270914642e-04 3.337999221852356929e-04 3.373842250776001471e-04 3.345649751972490480e-04 3.341894446024589425e-04 3.326829049610861540e-04 3.352969748237494014e-04 3.340114193705464251e-04 3.329585407256860754e-04 3.348994587059314133e-04 3.375824498637317777e-04 3.369808057685062417e-04 3.336121171161411159e-04 3.329227289794482389e-04 3.354410919821570959e-04 3.365691680544921930e-04 3.363439402096648589e-04 3.353509120723896118e-04 3.340124158010235084e-04 3.350327754904739472e-04 3.378580499531190235e-04 3.370221900350546139e-04 3.378714273476273421e-04 3.375617476238031460e-04 3.365026956443908034e-04 3.343880305417086724e-04 3.355188251020465640e-04 3.367917579049141429e-04 3.346079104004184130e-04 3.351846454276064154e-04 3.350308988351496974e-04 3.346883938742478649e-04 3.376891948547650394e-04 3.356153280563158275e-04 3.336727039953728746e-04 3.335027631896875602e-04
