output_new_topo_ddd_2/finaltopo_soil__depth.asc
ncols 300
nrows 100
xllcorner 0.0
yllcorner 0.0
cellsize 10.0
[rows 68 to 84 of 100, columns 185 to 221 of 300]
1.119160381338349386e-01 1.108171051972254295e-01 1.102281361202796933e-01 1.102020814015870487e-01 1.105572944699597659e-01 1.095205618012365933e-01 1.090232799274704345e-01 1.087506937276240260e-01 1.085445889354893501e-01 1.090968354735236540e-01 1.089965366467933738e-01 1.101087446019646532e-01 1.086687668293266074e-01 1.085196062979618126e-01 1.088544392982380843e-01 1.099301128937164446e-01 1.097998970342796005e-01 1.101930450101330783e-01 1.096752457169363482e-01 1.086193050042213032e-01 1.095125684578496239e-01 1.094579824549484076e-01 1.096756324571178665e-01 1.088486342049547195e-01 1.087742900594218798e-01 1.087296149212624852e-01 1.087258289640203324e-01 1.093063328964580389e-01 1.097505795814375101e-01 1.094474423233041116e-01 1.084893691901821500e-01 1.080513336113192446e-01 1.086653989854430291e-01 1.081727559815404138e-01 1.089594537275305614e-01 1.083265579524018696e-01 1.094839016003240489e-01
1.118354286170839818e-01 1.111673613656320447e-01 1.110115229612624738e-01 1.099861314492282527e-01 1.093874038527455073e-01 1.093952305021105298e-01 1.098298311473014516e-01 1.090614586797973157e-01 1.085232201410104430e-01 1.087665184833655208e-01 1.089253644442720326e-01 1.101474226696360914e-01 1.092802748105269200e-01 1.086536965458051729e-01 1.097612388238288494e-01 1.092712318610195715e-01 1.096098274603643230e-01 1.092104892742837424e-01 1.099442066015979824e-01 1.089919811677337036e-01 1.086818631272378766e-01 1.090182428457957126e-01 1.090174303574627523e-01 1.096448375915621415e-01 1.099523974068950666e-01 1.103068810447187381e-01 1.102740893197050459e-01 1.100152402290072023e-01 1.066356239957018115e-01 1.082514217349626329e-01 1.083589139018797803e-01 1.083025490190539925e-01 1.080940735989459611e-01 1.083082521938895787e-01 1.084234014332159934e-01 1.082941788115788645e-01 1.084351918991155045e-01
1.090407142586664602e-01 1.096373408592243304e-01 1.096164860700926530e-01 1.098176614371234455e-01 1.093990088126093330e-01 1.093664243461371782e-01 1.095126852402787954e-01 1.096113723485419994e-01 1.092671099310196930e-01 1.085438610909408574e-01 1.091301890880806563e-01 1.099754822374821583e-01 1.082631175053827138e-01 1.094481265797203201e-01 1.088315987896804338e-01 1.095955342781023828e-01 1.093605611632120084e-01 1.083563499884400427e-01 1.084438401335486718e-01 1.095298496218878870e-01 1.088216022362084034e-01 1.086587934182199899e-01 1.091138880930225263e-01 1.095418739283807591e-01 1.098254856612983082e-01 1.097363463532814720e-01 1.121564768994240124e-01 1.116015372197100286e-01 1.058559480384855950e-01 1.077373867087362269e-01 1.084223522044918120e-01 1.085735446969181422e-01 1.084148643508195398e-01 1.085478046159127630e-01 1.093413832773089678e-01 1.087380817039883402e-01 1.088599851118046413e-01
1.089293434915046821e-01 1.088345368516707157e-01 1.084308294673576728e-01 1.084133026786773535e-01 1.084762920318301238e-01 1.098348746796526526e-01 1.093596299679310963e-01 1.099960456809771642e-01 1.093512835646597847e-01 1.085404093234456913e-01 1.093688552350267768e-01 1.097920414384908477e-01 1.097977184738382350e-01 1.100075720539236274e-01 1.093523415393041209e-01 1.086136224595926764e-01 1.084074358021846901e-01 1.095404742075938853e-01 1.094603787881140433e-01 1.084731209416164854e-01 1.083899666000196493e-01 1.090563657612656084e-01 1.085113065940093435e-01 1.103434480718213512e-01 1.101199854666688183e-01 1.098965209073268223e-01 1.118526092803768662e-01 1.249455816036153105e-01 1.029458809416361337e-01 9.561778505532861350e-02 1.061503021883712372e-01 1.078543037560358853e-01 1.080693341552255160e-01 1.091752164214546683e-01 1.096661733990634824e-01 1.100356302312934798e-01 1.097287370639592335e-01
1.098122904192998794e-01 1.085493502221430706e-01 1.097233006330385341e-01 1.094531775828758990e-01 1.097186762633157314e-01 1.086435538686412183e-01 1.094869004493486814e-01 1.098267684599710803e-01 1.085819673904968169e-01 1.091479401251793518e-01 1.097965847818380691e-01 1.090784181618373039e-01 1.091664642440863253e-01 1.093544452385652871e-01 1.083665521053274461e-01 1.082360368463016337e-01 1.093284275007930378e-01 1.099894366610792568e-01 1.097798277167973541e-01 1.093802452873412073e-01 1.087068557511970956e-01 1.095256457422249530e-01 1.085556216687575681e-01 1.092765060721840875e-01 1.088151179630746646e-01 1.090439782324136159e-01 1.105340375641274131e-01 1.106974174038015679e-01 1.107202766911678238e-01 1.078040982439338324e-01 1.086933317605354166e-01 1.075928142608580107e-01 1.093434988230771454e-01 1.090566594435761066e-01 1.089030909681946435e-01 1.092046287615802830e-01 1.089021900474566595e-01
1.092462458179184054e-01 1.101467513647361174e-01 1.089754394727299180e-01 1.096528791491447469e-01 1.092887673999029530e-01 1.095546643925853492e-01 1.086681050302309298e-01 1.087536984325972872e-01 1.085246548078693807e-01 1.093480106005172703e-01 1.094427670207847036e-01 1.099066691746451579e-01 1.093360512640560445e-01 1.084833688954662256e-01 1.093200549953671080e-01 1.090369370664988208e-01 1.091084391456523806e-01 1.099380687942133339e-01 1.098390691684947851e-01 1.088731201654728475e-01 1.094699009716801064e-01 1.099470322930990451e-01 1.100142757726055714e-01 1.087729953951487999e-01 1.097924480428466992e-01 1.100254618295977149e-01 1.096209373951277516e-01 1.097422985357304343e-01 1.106537733470106116e-01 1.113134719099254655e-01 1.093174156361566979e-01 1.089774099996347889e-01 1.088523393370385978e-01 1.096139753599634226e-01 1.096444969158725802e-01 1.085678550942313497e-01 1.088689708555373170e-01
1.081992026807260948e-01 1.096987680827930661e-01 1.088518624144912961e-01 1.087248849203123618e-01 1.086409014665247752e-01 1.091016107868576501e-01 1.093085382210778750e-01 1.085560422739319242e-01 1.090730623932623655e-01 1.096958801960813273e-01 1.093555679099741246e-01 1.092492927899735983e-01 1.083027623078872681e-01 1.093564127071007530e-01 1.097031565082014631e-01 1.091555481907891950e-01 1.098049418341624089e-01 1.098221934145323236e-01 1.098968002416421674e-01 1.099925986546303608e-01 1.087369860337630556e-01 1.099725104637174627e-01 1.100268809100158757e-01 1.095454579264575345e-01 1.093650995528144820e-01 1.103826476860097494e-01 1.101002459611289536e-01 1.109073520211953934e-01 1.105466578669684757e-01 1.047214458592976155e-01 1.088528495655779055e-01 1.090361699520334682e-01 1.088718688122539691e-01 1.085248474088792020e-01 1.084676941404969508e-01 1.083901660863187122e-01 1.083913949110987263e-01
1.082855827852631098e-01 1.091771428972652114e-01 1.100067451025916326e-01 1.088429929460600631e-01 1.096151692389091131e-01 1.086766011596109749e-01 1.088285854547331316e-01 1.084822603018573278e-01 1.090338311965443341e-01 1.099053483946072496e-01 1.096060225837263841e-01 1.093036472099424838e-01 1.082790025648368293e-01 1.093263837799184346e-01 1.098706324632845732e-01 1.100633153370439710e-01 1.097842754170920004e-01 1.098810206741857726e-01 1.095750351402826894e-01 1.097104866562612496e-01 1.087414439929515614e-01 1.097062040332413418e-01 1.098068433286857881e-01 1.106073171574995517e-01 1.095369271403144051e-01 1.104016745457986892e-01 1.097896986708080114e-01 1.085786494558998866e-01 1.089252060880514378e-01 1.072913467206952770e-01 1.071649057750934803e-01 1.092373052966818386e-01 1.099936474700328737e-01 1.096568331767979743e-01 1.094329030179999745e-01 1.095010559532935690e-01 1.095692179103777281e-01
1.084046243647620172e-01 1.087932371790425734e-01 1.088624597468843130e-01 1.094003679205770435e-01 1.097635931708651758e-01 1.090334663350219363e-01 1.086510687832823313e-01 1.095547738772592594e-01 1.098674206336098802e-01 1.092977366388366844e-01 1.093348327083421695e-01 1.095245606782994791e-01 1.089018309232385184e-01 1.083206213403461321e-01 1.086030613356063212e-01 1.086416044422285898e-01 1.087772270745152592e-01 1.089736686820369088e-01 1.099788020425612606e-01 1.093233701958734871e-01 1.101937477742129384e-01 1.087677896632509161e-01 1.101661767281112980e-01 1.098080787690196014e-01 1.102662858725114714e-01 1.088694215982187741e-01 1.097281153294362710e-01 1.086849429979006021e-01 1.083311477730174027e-01 1.081209687209409992e-01 1.081794694755188468e-01 1.071937197430686273e-01 1.096941384504724892e-01 1.090160171253576338e-01 1.089577473641974437e-01 1.090383892552041073e-01 1.093933289189888552e-01
1.088701172331209693e-01 1.086518698655677961e-01 1.086817958517880822e-01 1.092992012018784431e-01 1.093684956788874285e-01 1.086106826127746922e-01 1.094874863987176927e-01 1.100550544899121796e-01 1.092217679519588841e-01 1.101038560971452918e-01 1.098630091252325580e-01 1.089400867256735544e-01 1.083772216596929766e-01 1.088641830051628179e-01 1.097007350475934645e-01 1.090448965099680562e-01 1.087925461765743285e-01 1.088616372526951537e-01 1.094084629035962097e-01 1.105301627947203325e-01 1.093832394167669336e-01 1.090212300058382572e-01 1.090092339852754555e-01 1.093063442791765427e-01 1.092007967574337990e-01 1.091161076225212051e-01 1.088411317957099639e-01 1.082521917330314942e-01 1.082273827643904229e-01 1.083169573732198909e-01 1.082126600122147314e-01 1.081073067873859483e-01 1.091491914034399963e-01 1.088584166120453861e-01 1.094997431507135632e-01 1.084571722986651665e-01 1.084557434462999903e-01
1.087094844729593474e-01 1.091472171063628815e-01 1.090314339063504639e-01 1.089300982071755713e-01 1.085775809481078769e-01 1.088129652814776582e-01 1.096076726690312086e-01 1.088695039271556919e-01 1.099952083751286058e-01 1.090671253434215837e-01 1.091152694799435996e-01 1.084090169614088384e-01 1.092155138324756580e-01 1.097274729766638396e-01 1.092894251444419818e-01 1.096292631929845912e-01 1.095625909636838147e-01 1.097341767198434237e-01 1.100471916905730874e-01 1.101461190405166601e-01 1.090983236378244431e-01 1.100510185124577434e-01 1.091104112732984577e-01 1.090388473828727139e-01 1.090164685164783376e-01 1.086146990808820878e-01 1.084482894915123341e-01 1.088879781576220368e-01 1.085315056445484150e-01 1.088550647430703705e-01 1.105185436376467933e-01 1.097451402447457564e-01 1.092814581998820672e-01 1.092610277262981988e-01 1.086356851376968913e-01 1.093245768799706169e-01 1.096067483448212587e-01
1.074803571784535006e-01 1.092937010608954068e-01 1.089638388170483252e-01 1.089474554269752593e-01 1.089793118692961721e-01 1.086543411714980673e-01 1.087460130316229290e-01 1.095893460701781730e-01 1.095608355633452408e-01 1.082637819168125737e-01 1.083285792219418203e-01 1.085464511461741721e-01 1.088147170789955376e-01 1.086534098019864003e-01 1.087025425539122764e-01 1.086894249119528810e-01 1.097769416143526133e-01 1.095102734569555064e-01 1.093530609407829951e-01 1.098860327062016612e-01 1.100327217660440060e-01 1.096928221458847857e-01 1.103611743201447642e-01 1.094110627731980090e-01 1.087291513242038959e-01 1.084972164188436755e-01 1.084581679056264153e-01 1.086416831764226015e-01 1.083775797476042996e-01 1.085261713153326257e-01 1.088070105950444399e-01 1.092275597288775713e-01 1.095672801656325801e-01 1.093343516861586817e-01 1.094186456354829390e-01 1.093129466085292489e-01 1.094363617128142896e-01
1.048420575166801733e-01 1.099430234325677463e-01 1.100626061723595089e-01 1.093577843578515535e-01 1.093368672614628834e-01 1.089285379735941417e-01 1.086525855919027866e-01 1.088220818372799131e-01 1.084384644388993596e-01 1.093034431568371129e-01 1.094027859296494154e-01 1.085863821831855036e-01 1.091155080244141928e-01 1.093999595336018205e-01 1.099480721878019485e-01 1.105257744455333396e-01 1.089292974178127510e-01 1.090156598651211006e-01 1.093966507228896906e-01 1.090481963938214616e-01 1.097631244897123159e-01 1.095768108927735601e-01 1.089798115625453256e-01 1.095676344874699365e-01 1.092509236283511209e-01 1.092057478880446297e-01 1.089275768301798675e-01 1.088898601450568882e-01 1.085571429879879646e-01 1.089011922177798991e-01 1.088303450844098630e-01 1.091741801260334016e-01 1.091206919985024532e-01 1.099220399325722131e-01 1.096708466154005662e-01 1.092127297228409066e-01 1.096624252868317051e-01
1.166582094656559709e-01 1.046836437687634902e-01 1.096116340368591402e-01 1.093408346702179207e-01 1.098469682837164285e-01 1.091089618013429130e-01 1.091647258290319028e-01 1.086004894770547236e-01 1.088078361423756579e-01 1.095378362128870270e-01 1.093107228970403438e-01 1.096855281563860612e-01 1.084904141380083759e-01 1.083962068028478526e-01 1.085284968014821605e-01 1.096243776378578033e-01 1.094372624258908300e-01 1.085341958657972533e-01 1.086246614596757393e-01 1.091550282835104801e-01 1.091891942762682616e-01 1.097556696478132338e-01 1.085645351519169549e-01 1.095393994228062856e-01 1.092128354762834652e-01 1.089922129946190865e-01 1.085645900987267237e-01 1.089768238350637825e-01 1.084388269215039724e-01 1.083936143686785175e-01 1.085636098278223854e-01 1.086306560429652346e-01 1.091445056485254306e-01 1.100981265173943680e-01 1.089821695010229352e-01 1.085762759428844232e-01 1.084732077623694058e-01
1.130203884126712160e-01 9.856235096582166566e-02 1.095678257438798542e-01 1.098613974365892920e-01 1.099187296082039939e-01 1.099755711602457275e-01 1.100260207696384385e-01 1.093002879769492397e-01 1.084275995216051058e-01 1.093511410579455501e-01 1.095986509055726366e-01 1.091039386730808247e-01 1.097530683749011610e-01 1.099175453865944424e-01 1.093817867365304841e-01 1.084126251175500794e-01 1.085376030414643006e-01 1.092883322730136691e-01 1.093398658194983941e-01 1.096594140716455890e-01 1.095187398819709862e-01 1.095180953200814988e-01 1.084812639651058785e-01 1.093038164127967948e-01 1.093566228199149837e-01 1.087749405273862185e-01 1.083636577995736316e-01 1.085648037876795202e-01 1.088122876966277630e-01 1.092611124855658727e-01 1.085776128476117625e-01 1.093023332468230635e-01 1.094826814293327344e-01 1.092649024420316306e-01 1.097209395019755895e-01 1.091215164295707973e-01 1.088533920026704821e-01
1.109085698052200419e-01 1.090945450147479401e-01 1.091168904051491029e-01 1.102118971036014500e-01 1.094636942773405952e-01 1.092656807170193506e-01 1.092356118657744207e-01 1.098067010967528623e-01 1.084675042500257147e-01 1.091632271218636180e-01 1.098250696227182771e-01 1.098738576713682441e-01 1.091080563565903216e-01 1.091251777710851301e-01 1.094647569119394231e-01 1.084592928563135605e-01 1.090723790245751029e-01 1.086847924003611354e-01 1.099081201625668192e-01 1.090261490316254411e-01 1.101705780939722240e-01 1.088409453607108307e-01 1.084380516878159784e-01 1.096318828702264048e-01 1.096925818614248871e-01 1.091241978044642513e-01 1.092849233369265899e-01 1.089810545652004220e-01 1.085001035732477970e-01 1.088079044476559232e-01 1.090378540937675944e-01 1.085902084484252628e-01 1.088805638805665499e-01 1.091932011906266986e-01 1.095536100333763668e-01 1.097592077341429939e-01 1.095964367930281347e-01
1.103741276124463183e-01 1.100321343133505159e-01 1.085066934147359829e-01 1.094571066042339391e-01 1.097077579580904294e-01 1.093957469539306171e-01 1.089939378076296705e-01 1.085961332987936956e-01 1.090496298907999845e-01 1.085983238525996680e-01 1.090334232579028839e-01 1.088076858758456195e-01 1.094311819697514204e-01 1.101969849661116330e-01 1.092696538264221334e-01 1.084725060044022388e-01 1.095409213781763508e-01 1.098098728194728813e-01 1.085313990049695532e-01 1.101276549598435850e-01 1.092609332936236577e-01 1.089306975169981595e-01 1.084971307489766557e-01 1.084718879470887298e-01 1.096864909361716933e-01 1.089414556746942514e-01 1.093633074583378467e-01 1.090676938836041138e-01 1.083812092219067491e-01 1.085717975356517151e-01 1.085322748870476001e-01 1.085689700581296546e-01 1.087102798686313820e-01 1.094431236441119754e-01 1.091318194769418382e-01 1.097277386689813200e-01 1.093714491385694987e-01
