output_new_topo_ddd_2/finaltopo_topographic__elevation.asc
ncols 300
nrows 100
xllcorner 0.0
yllcorner 0.0
cellsize 10.0
[rows 0 to 16 of 100, columns 0 to 36 of 300]
8.014530874986237619e-01 6.812159718704344780e-01 9.964119607578102444e-01 7.188083478423294981e-01 6.483648996731756764e-01 2.323061939001799248e-01 8.534100808790686665e-01 1.231065048069979184e-01 2.248587460535729221e-01 5.216692022863017586e-01 3.055099435342896186e-01 8.873760079892690777e-01 4.108542447137589759e-01 2.504590543313440776e-01 7.519720243521397229e-01 4.923355881452462501e-02 4.741205596955209156e-01 7.628387862382470797e-01 1.328373547608866501e-01 4.815684514578171260e-01 6.862947511981132287e-02 4.740027274620314257e-01 4.292700981769720370e-01 7.161416509084743698e-01 9.302458552352932397e-01 1.090581305946438651e-01 6.061151721847175544e-01 2.611607064924552635e-01 4.920896143327291306e-02 5.194274599860156938e-01 3.178237495595881423e-01 7.620213494750851524e-01 3.126224914549835532e-01 5.214656619677485727e-01 7.562888610678131229e-01 4.379518147169609854e-01 1.501880043609941096e-01
1.950365454268616627e-01 1.106575923132043897e+02 1.048720750438072997e+02 1.030207842741941278e+02 9.736571137582274105e+01 1.030030937962418705e+02 1.030308895252445893e+02 9.730831501016531604e+01 9.636648711357202046e+01 1.020075220611308140e+02 1.014080327158452945e+02 1.072619326202168821e+02 1.164401405596056236e+02 1.085385071159044230e+02 1.025771029871195026e+02 1.008199152433539467e+02 1.064958246825112980e+02 1.123398993228478417e+02 1.102047799327384894e+02 9.623240793251184755e+01 8.649061040999404781e+01 8.932470021705739782e+01 9.499730958563702643e+01 9.624057101392334346e+01 9.671867070909807751e+01 9.124386469914654185e+01 9.688541987448238046e+01 9.576673897303523120e+01 9.010432444941564256e+01 9.583738592251617661e+01 1.001162246757785539e+02 9.447573442722195125e+01 9.510825434420033275e+01 8.933675132152239939e+01 8.371105300846787145e+01 8.820869765497617720e+01 8.271840137332061715e+01
9.025614761179876488e-01 1.049009076668267255e+02 9.081960211971667718e+01 9.496689197194692156e+01 8.319077025943374792e+01 9.602070157022686203e+01 9.521232276743678824e+01 8.324299952498797950e+01 8.227115168771540255e+01 9.253983408910796982e+01 8.731339462368427462e+01 9.702783289366414010e+01 1.043088001802952789e+02 1.025917517080770693e+02 8.852019076905659745e+01 8.671039638936598237e+01 9.266590522336628055e+01 1.020086739371523237e+02 1.076147772039798838e+02 9.914805215065734956e+01 8.509228421107536633e+01 7.529682278353767799e+01 8.253234167046930736e+01 8.227419923498499088e+01 8.329520733787627762e+01 7.707755360281011292e+01 9.120219144058543748e+01 8.893764117142038117e+01 7.593364219285459171e+01 8.885850278843875572e+01 9.418854227667944201e+01 8.039030660513753901e+01 8.463269820289580991e+01 7.540930423584877929e+01 6.956311292253963074e+01 7.536549766532968420e+01 6.865158573672606224e+01
1.944243236314286971e-01 1.048042405400989026e+02 9.083002979085894424e+01 8.111253963481358653e+01 7.632467297039956122e+01 8.529260281561887780e+01 8.891271292306468865e+01 7.533075643902459717e+01 7.435803754689251832e+01 7.865382213765565211e+01 9.276196089022587898e+01 9.989521523625643340e+01 9.027099560673482870e+01 1.000097597214214176e+02 9.277495069585032184e+01 7.880692197995898596e+01 9.190965439202553000e+01 8.791214487153486346e+01 1.019380901031089621e+02 9.817151165609307384e+01 9.099821117224176703e+01 8.229578900705321587e+01 6.846877494020343136e+01 7.691964097040427362e+01 6.921155928468273544e+01 8.339593990695090042e+01 9.641826130279811480e+01 8.343411523773160354e+01 6.905752845389778827e+01 7.677981106094129871e+01 8.264835439260465932e+01 8.446980251722800404e+01 7.070238914400862029e+01 6.590853514159387316e+01 6.163905753050583058e+01 6.138124525351322802e+01 7.052766450827334666e+01
4.018639191961389523e-01 1.040682154111503195e+02 8.997753786893679262e+01 8.206725365252999893e+01 7.599425832821589211e+01 7.121675106860158166e+01 8.105580522332476789e+01 6.924935749324778556e+01 8.312916715606824880e+01 9.254045981330139625e+01 9.838680280575195525e+01 9.416481294729456408e+01 8.038984393717346677e+01 9.381020136626951000e+01 8.872298406243876912e+01 7.470963649647340787e+01 7.819678284688885128e+01 9.212842184236588139e+01 1.023811650087302496e+02 9.258380159086611627e+01 7.825735271997508846e+01 7.137690047088996437e+01 7.666578774037121491e+01 6.311949994822960264e+01 7.712227822617630579e+01 8.895570058973494554e+01 9.574790847645347469e+01 8.875907050652054409e+01 7.676967828322946730e+01 6.262815171310251827e+01 7.158887605543088739e+01 7.761633724719651184e+01 8.444921157832423830e+01 7.978894729914111394e+01 7.074178915186217864e+01 5.687125491222710849e+01 7.078722756656773640e+01
6.712264934426740437e-01 1.096152279766575361e+02 1.018286700353772716e+02 9.579878780091327428e+01 8.994692470325533407e+01 8.135335579021428032e+01 6.729945325927431554e+01 6.636821064691250172e+01 7.615061800050366969e+01 9.011849140686615556e+01 9.818560183559455368e+01 8.855054235957176445e+01 7.427734969943095678e+01 8.190487125212956698e+01 8.129078116617390037e+01 7.095743532567600198e+01 7.606959197041085474e+01 8.288688944859609364e+01 9.706410625869874309e+01 9.796256012324360540e+01 9.098039942930793700e+01 7.826839583983040427e+01 6.409731234649665055e+01 6.051358887543434406e+01 7.453935623837084279e+01 8.449052341661722210e+01 8.198703453033932931e+01 8.226378221976202099e+01 8.214289046636824310e+01 7.143116517409271182e+01 5.747199546457371611e+01 7.157152901237758158e+01 8.195205851351292381e+01 7.825551239750798516e+01 6.423087425823719343e+01 5.440782181208528812e+01 6.488566162337944832e+01
6.376025007528187682e-01 1.031149847932407653e+02 9.727400008393108521e+01 9.650163821596055413e+01 9.075027956493464387e+01 8.696717188121476738e+01 7.761939340186724223e+01 6.367850076358910627e+01 7.749245014588032632e+01 7.862622500173696949e+01 9.259188051081754622e+01 9.051658679118362727e+01 8.168698248957409191e+01 6.785888342764799575e+01 6.734254831233094762e+01 8.139891322560397668e+01 9.011662992100694680e+01 9.602677435032899211e+01 1.023264322300072138e+02 9.451947317247190483e+01 8.852754686349163649e+01 8.392646959067904788e+01 7.205404540072980524e+01 5.801316373878781718e+01 6.480203078479881640e+01 7.519421847624651889e+01 8.194996401264472752e+01 6.818152947997059243e+01 7.347478615748657660e+01 6.825241720578432592e+01 5.435346190552660772e+01 6.226134965741622551e+01 7.630600253421742707e+01 7.576436395234112808e+01 6.977362001698857341e+01 6.488542143518988325e+01 5.107924309252481976e+01
1.188613364727654220e-01 9.718353453160112565e+01 8.312687420445111286e+01 8.730089505532541239e+01 7.674543543009271218e+01 7.955267958958621932e+01 7.591547520831545626e+01 6.187548506389086356e+01 6.741455299199226658e+01 8.154182829745157335e+01 8.786715291745588274e+01 8.107603531580647882e+01 7.084050116253190765e+01 6.395200718224967318e+01 7.799546608219118582e+01 8.730880255556934344e+01 9.664187506818016971e+01 1.023105149412352404e+02 9.361040347899525216e+01 8.637503186558251400e+01 7.448321160433123111e+01 8.534869958238709842e+01 7.175587552775358802e+01 6.884458983587562386e+01 5.509540060222605717e+01 6.925091954480696188e+01 7.596209750867218702e+01 7.343608880274750561e+01 5.952543137964762821e+01 5.500205046491642236e+01 5.159628817075864760e+01 6.551600316931552470e+01 7.512738298498321399e+01 7.002311602467125340e+01 5.586718529398964961e+01 5.997561630022632784e+01 4.901500231988153899e+01
8.701080356336977628e-01 9.545317910882647539e+01 8.134319175124515766e+01 7.340708651065237689e+01 6.930833818490245335e+01 6.555048673793594105e+01 7.386052511720843938e+01 6.019309637182534800e+01 7.424343795106848631e+01 8.665955344915566627e+01 7.853511171610020369e+01 6.818046457159732654e+01 6.112826557090756552e+01 7.490069647395917229e+01 8.276750592021434727e+01 8.704223781874408417e+01 8.282560284427610497e+01 9.675374108082694136e+01 8.772325197611137071e+01 7.340193569729729006e+01 6.649626450864317917e+01 7.446113717910839114e+01 7.662053082540482762e+01 6.288709377071097606e+01 5.316323091765926989e+01 6.705765791902895501e+01 6.203735233083074974e+01 7.198369033334788014e+01 7.319785648029657921e+01 6.305662321432956929e+01 4.895053329978205170e+01 5.557163311336513800e+01 6.584828548692310335e+01 6.969554339408587396e+01 5.588777914121428836e+01 4.616292140448281600e+01 5.722301595250618789e+01
4.105632630959453744e-01 1.011694350154994453e+02 9.336638669885716979e+01 8.756964471795122051e+01 8.331690635067168671e+01 7.498532180757567289e+01 6.102056679368721603e+01 5.854620499880249440e+01 7.258896868559487814e+01 7.613934454260837015e+01 7.022440450586614702e+01 5.845096993859067425e+01 6.170698737150646451e+01 6.518350623587689086e+01 6.892150293170713837e+01 7.319347327875922815e+01 8.294789071017743254e+01 9.675488197157474701e+01 9.323137093205376402e+01 8.619607797480021816e+01 7.441379829208038643e+01 6.039668252874928811e+01 6.894215599120825289e+01 6.510431163564719270e+01 5.131189868057737868e+01 6.474613739106230526e+01 5.221731112477760206e+01 6.513753918010372956e+01 6.608235017664384259e+01 6.850554046341846970e+01 5.991808327809125245e+01 4.588363741306145727e+01 5.706209591862852193e+01 6.296847584451614921e+01 6.148530536697289506e+01 5.552392991111472043e+01 4.352884900644554733e+01
9.473152235327131354e-02 1.027099065773696793e+02 9.692764644351029801e+01 9.663302403728344814e+01 8.878567151499291299e+01 7.480706585562813871e+01 7.068239439208774400e+01 5.692748502400445432e+01 7.083519713596935219e+01 6.798047671210613885e+01 5.619561736662858209e+01 7.016877857233745885e+01 7.559417799468437238e+01 7.914055031344194902e+01 8.285103640542985204e+01 8.715762736553435275e+01 9.268953085973211614e+01 8.960455074899839190e+01 9.072392074250096528e+01 8.683732383726844262e+01 7.274270415190339634e+01 6.293549442666432014e+01 5.504042833506073862e+01 5.220596046505597343e+01 4.949280194738306449e+01 5.906518427523852210e+01 4.534272601662431867e+01 5.723189720721175888e+01 5.195964646934797315e+01 6.200647628720669502e+01 6.544244237539420794e+01 5.693204231388658343e+01 4.302058395022732640e+01 5.697369955479631898e+01 5.405282861600173305e+01 4.179720727312916750e+01 5.147778456145809400e+01
4.011794916636030051e-01 9.696328507001692287e+01 8.290941600866129590e+01 8.292531787850404612e+01 8.607371298373480784e+01 7.217403195622442524e+01 6.237736622126772090e+01 5.553570883893115706e+01 6.725517285418378322e+01 5.400643589546695722e+01 6.787973746569637967e+01 7.562789613884207540e+01 7.162950127151293600e+01 7.728368551857384716e+01 7.889417011602292007e+01 8.463247283916896890e+01 8.531416523466059232e+01 7.543026760093954408e+01 7.677976405128885062e+01 9.052076587774072891e+01 7.897459509121230781e+01 6.480545963576125246e+01 6.903697304104913712e+01 6.610386575764371742e+01 6.114269984012832282e+01 4.736969400661425311e+01 5.696788474302044847e+01 4.340360050086711396e+01 4.208757157780773639e+01 5.426783738794752310e+01 6.006218074152415909e+01 5.522142913359693495e+01 4.110414004466397841e+01 5.212766298748991289e+01 4.010075748377082050e+01 5.394379423658585893e+01 6.175045239564829558e+01
9.815737516352232017e-01 9.527701457497445858e+01 8.116919486372958659e+01 7.324209350111127037e+01 8.139205438581215901e+01 8.194244422957805796e+01 7.520617692471675753e+01 6.736725686174307270e+01 5.362473216997188530e+01 5.249359603892447268e+01 6.503324911140359177e+01 6.439230488920630080e+01 5.741686026498289408e+01 6.918740834245571136e+01 6.477381763094038547e+01 7.654913900666817028e+01 7.290502162552648713e+01 6.557531530068942516e+01 7.957336092481044432e+01 9.107499285772038888e+01 8.500887815510523637e+01 7.907273122960668843e+01 7.715992229219540377e+01 6.318749942151174537e+01 5.527140529330238650e+01 6.121122373813609130e+01 5.309357972391244118e+01 5.732953199247499043e+01 5.399514134384631348e+01 4.026122378018187931e+01 5.248921554916994126e+01 5.673381427409945132e+01 5.077333106506650751e+01 3.844675439367996717e+01 5.228710523144446398e+01 4.982131465157642225e+01 6.397370116295192588e+01
2.502197730754348592e-01 1.009130777455824131e+02 9.294612672721261504e+01 8.146836020641971743e+01 6.745474303550398076e+01 7.617144240483213480e+01 7.067660233351034549e+01 5.670144602129996514e+01 6.753703366204760528e+01 6.513656245577345771e+01 5.121868388850133158e+01 5.032490543276160366e+01 4.943936898782055067e+01 6.200916047137253173e+01 5.682276166099540404e+01 6.777253741883048122e+01 5.877324386136324108e+01 6.484362681840210030e+01 7.163049649841588007e+01 8.136429738992302418e+01 9.501756132735744131e+01 9.227577231224559284e+01 8.294574961520237366e+01 7.515104639416777843e+01 6.949237082597737469e+01 6.683287988732854501e+01 6.705186680118303855e+01 6.151171256995471737e+01 4.757730812230324347e+01 5.222176234147757157e+01 3.851189314735013625e+01 5.046428728439200739e+01 3.705686638575175351e+01 5.094021551201441156e+01 5.830600289408553749e+01 6.389438783092052176e+01 6.950791034304320704e+01
7.010113772759428707e-01 9.911517785921301993e+01 9.115216777103829315e+01 7.987466021113981185e+01 6.581650405785310909e+01 6.232662801079161596e+01 5.993887555359197705e+01 7.074430131477720352e+01 7.631619176469875754e+01 7.122288669461043753e+01 6.529373034641226070e+01 6.419735293303088497e+01 6.067670888676640573e+01 4.819817028325795150e+01 5.101251208151889927e+01 5.397203487488815910e+01 6.806796746331832537e+01 7.824428793993843101e+01 7.782382082433142045e+01 8.366143647365638003e+01 8.785483933712737326e+01 8.686918264748199192e+01 7.276737609531389239e+01 7.554081606284762529e+01 8.092918614504833386e+01 8.056689534604606706e+01 7.146892099837484125e+01 5.731952236275132151e+01 6.151279613270586566e+01 5.238045708973715620e+01 5.057033776982704154e+01 3.679861990330804389e+01 3.608915241754964143e+01 5.004475334001745779e+01 5.566835163400008213e+01 6.940611966667465538e+01 6.735714705297749560e+01
3.175432131811665171e-01 9.337833841033074123e+01 7.928729803781564556e+01 7.135901860976879618e+01 7.978724958115864752e+01 7.642378116370815633e+01 7.396040199793462477e+01 7.934713846598384634e+01 7.492676672663650095e+01 7.352838814274406332e+01 6.572160199666194558e+01 5.980448789088635664e+01 4.702510687236609499e+01 6.096990251885888767e+01 6.513660744309632378e+01 6.819795256047501653e+01 7.376548963060605502e+01 7.545659330071637783e+01 6.383687125374192561e+01 7.554918128677437039e+01 7.383636758121387800e+01 8.742586240084744986e+01 7.573694278288819248e+01 6.151734393935829814e+01 6.886522555572908288e+01 7.461229707150897639e+01 7.693440899603710648e+01 7.155801660042546075e+01 7.207106503948345733e+01 6.219679332486846590e+01 4.811467323061127388e+01 4.886039690212528086e+01 3.513105246742433252e+01 4.194957201101731670e+01 5.389048178666616451e+01 6.252749118071546519e+01 5.947863806562695288e+01
2.329410151386381855e-01 9.396432670085366112e+01 7.999130516735692709e+01 8.543835746930324149e+01 9.073167398652154247e+01 8.220045236421711365e+01 6.822934741116894486e+01 6.835629222812301009e+01 6.086823176625995302e+01 6.762071026893990222e+01 5.376603801997361387e+01 4.585858783713953812e+01 5.974484829165314892e+01 6.695881236946790693e+01 7.455409013186735478e+01 8.008175203123558106e+01 6.996641482626081654e+01 6.394988319721384329e+01 5.587189510140758131e+01 6.267291041772049454e+01 6.980704253867808973e+01 7.589161002923158605e+01 8.104971839790243848e+01 6.886398708285820192e+01 5.470432402682580886e+01 6.349140485756752383e+01 6.963321036977700373e+01 8.115944645164856297e+01 7.575542165310912424e+01 6.819636451706386993e+01 6.042732207120815957e+01 4.642126942285333513e+01 4.776880300328739537e+01 3.408448443844049791e+01 4.276737133805125524e+01 5.300647194913734950e+01 5.319886575248011695e+01
