output_new_topo_ddd_2/finaltopo_topographic__steepest_slope.asc
ncols 300
nrows 100
xllcorner 0.0
yllcorner 0.0
cellsize 10.0
[rows 68 to 84 of 100, columns 148 to 184 of 300]
1.398299259048608079e+00 1.406574842247782620e+00 1.970993184843870122e-02 1.376762653290116267e+00 9.803849697022982701e-01 1.384400510287693509e+00 1.367301900025918560e+00 1.425666909566991380e+00 1.414040575818235279e+00 1.393485950483148272e+00 1.410741596621893024e+00 7.891541000511729242e-01 9.769678947527733470e-01 1.384130762850410701e+00 1.972911711952162750e-01 2.510258290548286197e-01 2.652386013379849916e-01 2.820058747556334344e-01 3.018897254510484740e-01 3.492875591892577458e-01 3.904852708881506596e-01 4.800116145084430963e-01 7.974777890868139929e-01 1.414882869368733420e+00 1.384863378308265336e+00 1.014974238562952991e+00 6.746477391317278194e-01 1.346428321436074826e+00 6.104703114147655985e-01 1.047328500968886633e+00 1.435688298783711181e+00 1.561370072410861898e+00 1.092922231666160870e+00 1.406562696655246691e+00 8.622506260002793521e-01 6.331848290705487381e-01 4.550860342937333991e-01
4.535323127859797188e-01 4.282404792779642699e-01 1.961064226882919606e-02 1.387090105136749019e+00 1.397287533373168023e+00 1.417032472413951805e+00 1.419299981304738001e+00 1.402697479638316036e+00 1.370008436741350311e+00 1.406061869784873242e+00 6.852473626130810569e-01 6.804178889683140108e-01 1.376655843584070116e+00 1.870264126241620029e-01 1.399634336489200326e+00 1.415987478665241550e+00 1.413060061968429704e+00 1.399699009834650010e+00 1.399210096007520665e+00 1.385000216610427604e+00 1.386440226912974749e+00 1.387407822507915167e+00 1.392555720825986665e+00 1.390107546767791691e+00 1.595804655129978933e+00 1.570329297159688053e+00 1.296126456975846164e+00 1.308118311539566037e+00 1.252485873888220080e+00 1.311250661602370471e+00 1.467742966957903406e+00 9.106640918319215405e-01 7.292031214934233674e-01 1.480495990533767126e+00 1.438262993207275908e+00 1.545223385933128579e+00 1.309251963081299319e+00
1.374713584551530143e+00 4.818253178426830097e-01 1.375631136802649035e+00 1.974196436554007117e-02 1.377482897970561559e+00 5.602648675816715995e-01 7.958152995925331652e-01 1.404920859090746932e+00 9.749519300510156583e-01 1.407492544841493665e+00 1.385516771646279066e+00 4.269430258595743877e-01 1.722959463067639252e-01 1.385136280980214796e+00 1.407530132891006813e+00 1.363065019304532610e+00 1.392364963986276072e+00 1.415556261984725950e+00 1.385250711703828630e+00 1.427033270470348558e+00 1.406785091737417392e+00 1.398903487189662842e+00 1.399428864808666351e+00 1.378301756464006989e+00 1.601185196464799398e+00 1.307900801344137331e+00 1.579323952563221889e+00 1.721887771157741387e+00 1.607267516277771202e+00 1.439084336500127348e+00 1.037742772704906002e+00 5.529020181606489892e-01 5.823355322118068944e-01 1.410697581416096025e+00 1.003092118448206893e+00 1.047183803831166715e+00 1.463282154233987997e+00
6.142489910168820177e-01 1.399064670748858319e+00 1.394311969179106825e+00 1.374227575107741295e+00 1.964024778134749669e-02 1.402878834390142604e+00 1.382534473174828138e+00 1.403614935515766105e+00 1.392311560951347449e+00 6.123056962832412742e-01 1.382247384525898237e+00 1.566206522088480213e-01 1.384276036206680827e+00 5.558571386862743990e-01 7.895388750829155367e-01 1.397912005496930732e+00 1.415436361075682381e+00 7.958698382323223797e-01 1.395495783194527162e+00 4.096241525492870239e-01 4.774266738556427470e-01 5.512174044502984316e-01 7.827601837753845881e-01 1.361948153823301810e+00 1.525304842178256459e+00 6.890914630317404033e-01 1.527218663317721603e+00 8.939287037419582083e-01 1.598368610974885140e+00 1.579536812261442824e+00 1.374234448269477493e+00 9.903577280577664510e-01 3.539373490686601453e-01 1.419916916416154695e+00 6.952777943131508431e-01 7.129807330182288405e-01 1.436861107427305440e+00
9.789032063144749163e-01 1.395355362878466066e+00 7.947266967993907860e-01 6.116792115996814161e-01 1.957654221489920840e-02 1.371450234484619113e+00 6.840227963506776421e-01 1.406796641155050764e+00 1.410589537970815099e+00 1.384865805256717319e+00 1.492291932672463461e-01 1.395789070089973105e+00 1.397900695844763064e+00 1.406417979194716894e+00 1.392793710649809391e+00 1.403282809375340223e+00 1.412125368335758413e+00 5.557042195532584383e-01 3.629984629473680391e-01 1.375870643780005675e+00 1.415543151923413401e+00 1.408363115837443447e+00 1.417050039286398055e+00 1.412036230573189277e+00 1.518667335814389840e+00 4.660028667322976270e-01 1.498538335612460859e+00 7.496008663325752774e-01 7.448893329182444401e-01 1.581451413090925850e+00 1.418338113896592700e+00 7.794974472148702427e-01 6.582450931466027333e-01 2.648650981117718350e-01 2.387682130237770706e-01 2.205817211058449245e-01 1.425750407117096996e+00
1.385508473481579683e+00 1.408552315412199496e+00 1.407940827044677379e+00 1.399198379789053925e+00 1.386273409535308421e+00 1.956767586848790971e-02 7.879358598747037146e-01 1.405806618812409425e+00 1.424284534848912820e+00 1.450546329367405074e-01 1.373801765531929009e+00 1.390501870423084707e+00 9.782796932804976864e-01 1.375886332244592225e+00 1.396447896413909096e+00 1.406060071420932811e+00 9.774514385666577265e-01 2.761513565143243198e-01 1.380398343148877327e+00 1.413539927814521757e+00 4.846007721846812277e-01 5.567348234469460255e-01 7.935055611196272229e-01 1.396465662027436938e+00 1.483541830583390508e+00 4.185775747357375343e-01 1.447790098737231634e+00 4.401381676212579031e-01 1.028780394408253418e+00 1.493819235604691098e+00 1.403575346581649841e+00 1.504237824615549446e+00 7.997736369370068710e-01 9.990835079413195041e-01 1.428118942045735196e+00 1.418919889701084625e+00 2.083979374524522477e-01
1.389026612675951844e+00 1.415042286105582470e+00 1.394292357103871893e+00 1.416836515278906861e+00 1.387748752345588699e+00 1.960114917840306142e-02 1.421193584381798880e+00 1.382905062836985666e+00 1.402726321656899255e+00 1.390973969315627556e+00 1.380303521716594872e-01 6.856580035725745592e-01 1.401703989709587983e+00 1.407746928960388333e+00 9.757102589770759726e-01 1.414486904681597101e+00 9.742698612410567449e-01 2.655911016785283407e-01 1.376883846741286277e+00 4.341240873224997410e-01 1.393813428089063944e+00 1.420162870462450488e+00 1.442117126580255704e+00 1.453862208173405612e+00 1.443246393093913671e+00 2.407658670353264863e-01 3.040068693904089403e-01 6.628395983072750131e-01 7.584811964028126408e-01 1.165483159723552209e+00 1.719333122100771716e+00 1.542428642727287524e+00 1.605107688486120399e+00 1.422888273840844375e+00 1.400519319539472285e+00 1.405807591774075771e+00 1.406103427142090467e+00
1.405519935115946639e+00 1.420498279604514469e+00 6.863662783865959183e-01 1.393792446267071439e+00 1.958986620631115658e-02 1.386578461629728309e+00 1.411613468317260089e+00 1.384736914770637428e+00 1.397115394945102285e+00 1.408886597202079205e+00 1.357133530018296841e-01 1.396540234393419011e+00 1.387731587848923809e+00 9.836139689640301942e-01 7.946943793573779669e-01 1.405981459991754390e+00 2.443738107185639552e-01 1.378937738049624162e+00 1.394256913550081078e+00 1.576476476965967266e-01 1.704561869739983082e-01 1.781425761220905568e-01 1.837371788764873004e-01 1.406055095263052168e+00 2.228378487822096354e-01 1.225940533469501714e+00 1.420773503603590671e+00 7.671093951979560677e-01 1.620614301181330319e+00 1.589606713933524595e+00 1.328436731625580736e+00 1.149120547044142127e+00 1.296862677408428421e+00 1.419783509639971353e+00 9.871887451920458023e-01 6.892321203023672460e-01 1.391293690858122378e+00
1.374283511677810932e+00 1.421260345940925429e+00 9.858949421167162441e-01 4.546319607059823298e-01 1.951080886907211043e-02 1.387214722868814976e+00 1.393474034626346336e+00 9.787974469282125778e-01 9.785488968782901642e-01 1.376849592720230664e+00 1.349247805654867349e-01 1.390568769496908441e+00 1.394095471245648810e+00 4.534828081966127966e-01 1.391642279807325355e+00 1.397319494654778005e+00 1.377779032100130419e+00 1.282899553754710820e-01 1.528882549209004682e-01 1.395204290417113580e+00 7.999678990386289712e-01 1.431089862676881097e+00 1.418748527983979768e+00 1.929224471989021417e-01 1.330870073154039046e+00 9.253540468085558190e-01 1.668804193679031211e+00 1.686788812427046480e+00 1.667066165209641460e+00 1.343432838804177853e+00 1.320660943940741516e+00 5.191402046773184731e-01 1.290000228325291598e+00 1.424479916669390889e+00 9.926352804737504920e-01 6.914401085651238343e-01 4.129535174585168278e-01
1.410711640632970498e+00 1.397528241102045099e+00 1.410810267102526439e+00 1.414697716121465110e+00 1.385127583982584509e+00 1.963862075083032052e-02 1.386115939697468269e+00 1.377718391302357626e+00 1.566504162998194616e-02 1.561626170662693339e-02 1.544930285260495174e-02 1.557042129104414287e-02 1.363188474505771852e+00 1.554261390930309315e-02 1.384728821810360611e+00 1.392275203094694547e+00 1.264266343218507782e-01 1.394329572320780475e+00 1.420028441629463289e+00 1.427886456967671025e+00 1.423298018239466556e+00 1.416728415858198753e+00 1.437028922182227220e+00 4.968107216367190770e-01 8.603684583745996317e-01 1.607777535298667626e+00 1.613617572034006686e+00 1.305531210958430721e+00 1.351549803498621971e+00 1.329125720033907498e+00 9.396972178801185072e-01 4.294718039918510866e-01 1.362534911383136205e+00 1.339799626389430509e+00 1.425180772568317877e+00 1.417570158514664058e+00 1.399878158688432350e+00
1.408167358845556105e+00 7.977635425272293634e-01 1.375968298295296766e+00 1.365249588923225676e+00 9.726773731362741149e-01 1.377567896958824978e+00 1.946613166206416848e-02 1.569261253719444679e-02 1.387712655774635540e+00 1.417523280500285310e+00 1.403315996506958374e+00 1.361133588675014661e+00 1.559789983089059258e-02 1.365321818063973236e+00 1.551901503891883749e-02 1.539741241815713486e-02 1.367983746530383904e+00 1.404453340695601238e+00 1.386854524227912222e+00 1.388257149724307693e+00 1.387265437677581703e+00 1.371592717727442068e+00 1.443796963944270928e+00 8.198201150134284410e-01 1.055343160996193408e+00 1.602576361180816589e+00 1.114470501627935262e+00 7.563163474230094607e-01 1.294829209534475778e+00 9.402321795981350983e-01 1.294598154601051876e+00 1.341195031563202633e+00 3.356785739987948602e-01 9.338219184084877167e-01 1.314948384489446953e+00 1.429759000517821566e+00 9.913050804829118823e-01
1.406782882090181541e+00 5.156720407103984050e-01 1.408585003702661487e+00 1.419326894161726749e+00 1.397376296917432814e+00 1.377985899167694539e+00 2.628764316875529389e-02 1.397905116881086984e+00 1.422884122190992473e+00 1.361735901389083292e+00 1.392046349894345836e+00 2.295254000510775771e-01 1.405393374653047145e+00 1.399823227995564912e+00 1.399569855380030203e+00 1.357054431604091116e+00 1.545706425123886084e-02 1.389497329600590581e+00 4.273567866332884657e-01 4.773987632112888235e-01 6.793001369931538358e-01 9.661464898098159892e-01 1.352117371261586154e+00 1.459022242529194102e+00 1.470387695394160588e+00 1.538075452601385562e+00 1.327098201867880078e+00 4.544768324806537363e-01 1.337417114671288987e+00 6.549577357120694998e-01 1.367449200871832193e+00 1.366193508032624404e+00 2.921152315413302891e-01 7.718501987151036303e-01 1.373103910004566997e+00 1.482697884224278839e+00 7.096397297131329385e-01
1.395250307100845077e+00 1.376441551297262755e+00 2.643041508593633321e-02 2.630907619953824078e-02 2.629162205021433676e-02 2.623182897109515091e-02 9.685197493722561557e-01 1.422199924052245601e+00 1.385248273651622952e+00 7.951175774107361871e-01 2.434387997531088921e-01 1.381426499909051087e+00 1.400129868397703481e+00 1.397318051190096222e+00 9.775318507228402121e-01 1.543112549912041900e-02 1.342331067780067944e+00 3.763850620180997919e-01 1.411270086465761464e+00 1.377862552399504725e+00 1.391898140018122287e+00 1.420976948700319209e+00 1.422505393031666898e+00 1.440902905270107892e+00 1.440600390252755769e+00 1.460356149178637875e+00 1.295618274797593061e+00 1.340745413604022218e+00 3.152854920031744612e-01 1.336759003974778981e+00 1.368640810925263240e+00 2.690947324231897642e-01 1.360055419455494574e+00 1.355135317963277242e+00 1.353644986059439503e+00 1.504813147929547235e+00 1.482227329101443392e+00
1.365360688496026764e+00 2.658904919068626541e-02 1.365667948131805254e+00 1.409611891858335131e+00 1.399675106496301558e+00 4.317146448176297224e-01 1.392325688628919034e+00 1.391570950856646505e+00 1.402085372065444702e+00 1.409849646972422432e+00 1.383777171566906716e+00 2.770927797697702033e-01 1.406312101409008974e+00 1.407540658159405211e+00 7.975306694368482496e-01 1.363880867698884947e+00 1.537100929510382130e-02 1.402522820538031789e+00 1.390277098475023232e+00 1.398084134606231821e+00 9.849048410472256432e-01 8.001987236407600568e-01 1.422989631317098658e+00 8.090770910181966924e-01 1.013089340613115397e+00 1.519166736746737856e+00 1.534720600285397918e+00 8.744996149713959444e-01 1.353589321515676902e+00 2.845797907680669425e-01 1.913178403395249805e-01 1.351160700590031682e+00 1.379078382572590078e+00 1.382467760440876159e+00 1.320701529918294259e+00 1.371495710681833957e+00 1.320246676962715693e+00
2.665760857305956438e-02 1.347241162059712449e+00 4.552538659664478460e-01 1.381266040697193720e+00 1.400184766223881105e+00 1.420558803354721400e+00 5.614614797315445882e-01 1.431716251060854317e+00 1.368089463384501991e+00 1.399149108589536450e+00 3.033223125428223810e-01 1.393688893165905940e+00 1.415783626443803067e+00 1.414029056027328535e+00 1.408277305478056407e+00 7.968010133835696784e-01 1.534009460797670227e-02 1.387897253693137101e+00 1.411021025354254332e+00 1.405320391227457888e+00 2.572951455387931796e-01 2.772821974164308978e-01 3.400211306171197490e-01 4.099664416436141212e-01 5.128165196563955197e-01 7.662481077555195474e-01 1.708729126211361748e+00 1.196717594613293301e+00 1.365384438736558348e+00 1.373847991882280573e+00 1.353570953357845497e+00 1.810524318473807903e-01 7.823736513448963370e-01 1.372739408881714862e+00 9.405145485243229242e-01 9.625099661969891418e-01 1.302133655244890775e+00
1.374966775373492878e+00 1.623977328599653658e-01 1.387487158234719464e+00 5.166806768238526582e-01 1.389425024554261423e+00 1.389894715308437556e+00 9.946707311888193237e-01 1.409051906362277062e+00 1.396041150236870809e+00 3.767511725958653801e-01 1.396601896994835501e+00 6.837451036317252484e-01 1.397571925783785529e+00 1.368397481472791055e+00 1.412114434418219933e+00 1.409627490629107305e+00 1.387527592885332783e+00 1.536369530729864152e-02 1.376377562103657137e+00 2.413653894036228986e-01 1.409275359990202592e+00 1.415179551252701673e+00 8.011446330604068411e-01 1.450247839911587011e+00 1.492982425446045980e+00 1.520990796680089741e+00 1.583095463804192304e+00 1.372131720452143711e+00 1.350116343675232145e+00 1.388514412539188170e+00 1.606842918130340636e-01 1.356424736951461485e+00 1.376396740335947388e+00 1.371697289467151970e+00 1.389218083124659886e+00 5.057415822420666673e-01 1.368634033251494575e+00
1.671686698154175033e-01 1.378615297454115485e+00 1.412035209226336629e+00 1.394435507899667304e+00 6.885258380825136637e-01 1.394569887557000287e+00 1.428008112899354476e+00 1.376645166141185594e+00 4.811557046401027660e-01 1.416948926088428262e+00 1.398274882054909796e+00 1.408971749482589519e+00 1.372157067357670845e+00 1.429842011837351157e+00 9.690317872389053733e-01 1.382359485673648747e+00 1.412052814447593008e+00 1.520015915182506595e-02 2.096238193814342066e-01 1.388176867260170200e+00 1.402032393286279044e+00 1.383977625453486571e+00 1.421345627213511431e+00 1.409641628343017095e+00 1.402138854844872551e+00 1.398573193749852228e+00 1.272925618533123027e+00 9.169986057615041597e-01 4.976659848867079350e-01 3.983716528827558334e-01 1.361255022093253775e+00 1.553012674503331525e-01 1.379955851387566934e+00 1.386827831662886812e+00 3.878077120945613299e-01 1.398776879795771366e+00 1.342567173118116353e+00
