output_new_topo_ddd_2/finaltopo_flow__link_to_receiver_node.asc
ncols 300
nrows 100
xllcorner 0.0
yllcorner 0.0
cellsize 10.0
[rows 0 to 16 of 100, columns 185 to 221 of 300]
-1.000000000000000000e+00 -1.000000000000000000e+00 -1.000000000000000000e+00 -1.000000000000000000e+00 -1.000000000000000000e+00 -1.000000000000000000e+00 -1.000000000000000000e+00 -1.000000000000000000e+00 -1.000000000000000000e+00 -1.000000000000000000e+00 -1.000000000000000000e+00 -1.000000000000000000e+00 -1.000000000000000000e+00 -1.000000000000000000e+00 -1.000000000000000000e+00 -1.000000000000000000e+00 -1.000000000000000000e+00 -1.000000000000000000e+00 -1.000000000000000000e+00 -1.000000000000000000e+00 -1.000000000000000000e+00 -1.000000000000000000e+00 -1.000000000000000000e+00 -1.000000000000000000e+00 -1.000000000000000000e+00 -1.000000000000000000e+00 -1.000000000000000000e+00 -1.000000000000000000e+00 -1.000000000000000000e+00 -1.000000000000000000e+00 -1.000000000000000000e+00 -1.000000000000000000e+00 -1.000000000000000000e+00 -1.000000000000000000e+00 -1.000000000000000000e+00 -1.000000000000000000e+00 -1.000000000000000000e+00
5.858700000000000000e+04 5.858800000000000000e+04 1.179780000000000000e+05 1.179830000000000000e+05 5.859100000000000000e+04 1.179840000000000000e+05 1.179860000000000000e+05 1.179910000000000000e+05 1.179930000000000000e+05 1.179950000000000000e+05 5.859700000000000000e+04 1.179960000000000000e+05 1.179980000000000000e+05 1.180030000000000000e+05 5.860100000000000000e+04 1.180070000000000000e+05 5.860300000000000000e+04 1.180080000000000000e+05 5.890400000000000000e+04 1.180150000000000000e+05 1.180170000000000000e+05 5.860800000000000000e+04 1.180180000000000000e+05 5.861000000000000000e+04 1.180220000000000000e+05 1.180270000000000000e+05 5.861300000000000000e+04 1.180310000000000000e+05 5.861500000000000000e+04 1.180320000000000000e+05 1.180340000000000000e+05 1.180390000000000000e+05 1.180410000000000000e+05 5.862000000000000000e+04 5.862100000000000000e+04 5.862200000000000000e+04 5.862300000000000000e+04
5.798800000000000000e+04 1.173780000000000000e+05 5.828900000000000000e+04 1.173850000000000000e+05 5.799200000000000000e+04 1.173860000000000000e+05 5.799400000000000000e+04 1.173900000000000000e+05 1.173950000000000000e+05 1.173970000000000000e+05 5.799800000000000000e+04 1.173980000000000000e+05 1.174000000000000000e+05 5.830100000000000000e+04 1.174070000000000000e+05 5.800300000000000000e+04 1.174080000000000000e+05 5.830400000000000000e+04 5.830500000000000000e+04 1.174170000000000000e+05 1.174190000000000000e+05 5.800900000000000000e+04 1.174200000000000000e+05 5.801100000000000000e+04 1.174240000000000000e+05 5.801300000000000000e+04 1.174310000000000000e+05 5.801500000000000000e+04 1.174320000000000000e+05 5.831600000000000000e+04 5.831700000000000000e+04 5.831900000000000000e+04 5.832000000000000000e+04 5.832100000000000000e+04 5.832200000000000000e+04 5.832300000000000000e+04 1.174510000000000000e+05
5.738900000000000000e+04 5.768900000000000000e+04 1.167850000000000000e+05 5.769200000000000000e+04 5.739300000000000000e+04 5.769300000000000000e+04 5.739500000000000000e+04 1.167920000000000000e+05 5.769700000000000000e+04 5.769800000000000000e+04 1.168010000000000000e+05 5.740000000000000000e+04 5.740100000000000000e+04 1.168040000000000000e+05 5.770300000000000000e+04 5.740400000000000000e+04 5.770400000000000000e+04 5.740600000000000000e+04 1.168140000000000000e+05 5.770800000000000000e+04 5.770900000000000000e+04 1.168230000000000000e+05 5.741100000000000000e+04 1.168240000000000000e+05 5.771200000000000000e+04 1.168310000000000000e+05 5.741500000000000000e+04 1.168320000000000000e+05 5.771600000000000000e+04 5.771700000000000000e+04 1.174370000000000000e+05 1.168430000000000000e+05 1.168450000000000000e+05 5.742200000000000000e+04 5.742300000000000000e+04 5.742400000000000000e+04 5.772500000000000000e+04
1.161800000000000000e+05 5.709000000000000000e+04 5.709200000000000000e+04 1.161890000000000000e+05 5.679400000000000000e+04 5.709400000000000000e+04 5.679600000000000000e+04 1.161940000000000000e+05 5.709700000000000000e+04 1.167980000000000000e+05 5.710000000000000000e+04 1.162050000000000000e+05 5.680200000000000000e+04 1.162060000000000000e+05 5.710400000000000000e+04 5.680500000000000000e+04 5.680600000000000000e+04 1.162140000000000000e+05 5.710700000000000000e+04 1.162210000000000000e+05 5.681000000000000000e+04 5.711100000000000000e+04 5.681200000000000000e+04 5.711200000000000000e+04 1.162310000000000000e+05 5.681500000000000000e+04 1.162320000000000000e+05 5.711600000000000000e+04 1.168350000000000000e+05 1.168370000000000000e+05 5.712000000000000000e+04 5.712100000000000000e+04 5.712200000000000000e+04 5.712300000000000000e+04 5.712400000000000000e+04 5.712500000000000000e+04 5.712600000000000000e+04
5.649000000000000000e+04 1.161830000000000000e+05 1.155890000000000000e+05 5.649400000000000000e+04 1.155930000000000000e+05 5.619600000000000000e+04 1.155940000000000000e+05 5.649700000000000000e+04 1.156010000000000000e+05 5.620000000000000000e+04 1.156050000000000000e+05 5.620200000000000000e+04 1.156060000000000000e+05 5.650300000000000000e+04 5.650500000000000000e+04 1.156150000000000000e+05 5.620700000000000000e+04 5.650700000000000000e+04 1.156180000000000000e+05 5.651000000000000000e+04 1.156250000000000000e+05 5.651200000000000000e+04 5.621300000000000000e+04 5.651300000000000000e+04 5.621500000000000000e+04 1.156320000000000000e+05 5.651600000000000000e+04 1.162350000000000000e+05 1.156380000000000000e+05 1.156430000000000000e+05 5.622100000000000000e+04 1.162440000000000000e+05 1.162460000000000000e+05 5.682300000000000000e+04 5.682400000000000000e+04 5.682500000000000000e+04 5.682600000000000000e+04
5.559200000000000000e+04 1.149860000000000000e+05 1.149910000000000000e+05 1.149930000000000000e+05 5.559600000000000000e+04 1.149940000000000000e+05 5.589700000000000000e+04 1.155970000000000000e+05 5.590000000000000000e+04 1.150050000000000000e+05 5.560200000000000000e+04 1.150060000000000000e+05 5.590300000000000000e+04 1.156090000000000000e+05 1.156120000000000000e+05 5.590700000000000000e+04 5.560800000000000000e+04 5.590800000000000000e+04 5.590900000000000000e+04 1.150250000000000000e+05 5.591200000000000000e+04 1.150290000000000000e+05 5.561400000000000000e+04 5.561500000000000000e+04 1.150320000000000000e+05 5.591600000000000000e+04 1.156350000000000000e+05 5.561900000000000000e+04 1.150400000000000000e+05 1.150450000000000000e+05 5.562200000000000000e+04 1.150460000000000000e+05 1.150510000000000000e+05 5.562500000000000000e+04 5.592600000000000000e+04 5.592700000000000000e+04 5.592800000000000000e+04
1.143860000000000000e+05 5.529300000000000000e+04 5.529500000000000000e+04 5.529600000000000000e+04 1.143970000000000000e+05 5.499800000000000000e+04 1.143980000000000000e+05 1.144030000000000000e+05 5.500100000000000000e+04 5.530200000000000000e+04 5.500300000000000000e+04 5.530300000000000000e+04 1.150090000000000000e+05 1.144150000000000000e+05 1.144170000000000000e+05 5.500800000000000000e+04 1.144180000000000000e+05 5.530900000000000000e+04 5.531000000000000000e+04 1.144270000000000000e+05 5.501300000000000000e+04 5.531400000000000000e+04 5.501500000000000000e+04 1.144320000000000000e+05 5.531600000000000000e+04 1.150350000000000000e+05 1.144410000000000000e+05 5.502000000000000000e+04 5.502100000000000000e+04 5.502200000000000000e+04 1.144460000000000000e+05 5.532300000000000000e+04 1.144530000000000000e+05 5.502600000000000000e+04 1.144540000000000000e+05 1.144590000000000000e+05 5.502900000000000000e+04
5.469300000000000000e+04 5.469400000000000000e+04 1.143920000000000000e+05 1.143940000000000000e+05 5.469800000000000000e+04 5.439900000000000000e+04 5.469900000000000000e+04 5.470100000000000000e+04 1.138070000000000000e+05 5.440300000000000000e+04 1.138080000000000000e+05 5.470400000000000000e+04 5.470500000000000000e+04 5.470700000000000000e+04 5.470800000000000000e+04 1.138210000000000000e+05 5.441000000000000000e+04 1.138220000000000000e+05 1.138240000000000000e+05 1.138290000000000000e+05 5.441400000000000000e+04 5.471500000000000000e+04 5.441600000000000000e+04 5.471600000000000000e+04 1.144350000000000000e+05 1.138410000000000000e+05 5.442000000000000000e+04 1.138420000000000000e+05 5.472100000000000000e+04 5.472200000000000000e+04 5.472300000000000000e+04 1.138530000000000000e+05 5.472600000000000000e+04 5.442700000000000000e+04 5.472700000000000000e+04 5.472900000000000000e+04 1.138630000000000000e+05
1.137890000000000000e+05 1.131950000000000000e+05 1.131970000000000000e+05 5.379800000000000000e+04 5.409900000000000000e+04 5.380000000000000000e+04 5.410000000000000000e+04 1.132070000000000000e+05 5.380300000000000000e+04 1.132080000000000000e+05 5.410400000000000000e+04 1.132120000000000000e+05 1.132140000000000000e+05 1.138160000000000000e+05 1.138180000000000000e+05 5.411000000000000000e+04 1.132250000000000000e+05 5.381200000000000000e+04 1.132260000000000000e+05 5.411400000000000000e+04 5.381500000000000000e+04 5.411600000000000000e+04 1.132370000000000000e+05 5.381800000000000000e+04 1.132380000000000000e+05 5.382000000000000000e+04 1.132420000000000000e+05 5.412100000000000000e+04 5.442200000000000000e+04 5.442300000000000000e+04 1.138490000000000000e+05 5.412600000000000000e+04 5.412700000000000000e+04 1.132590000000000000e+05 5.382900000000000000e+04 5.383000000000000000e+04 5.413100000000000000e+04
5.349500000000000000e+04 5.349700000000000000e+04 5.349800000000000000e+04 1.126010000000000000e+05 5.320000000000000000e+04 1.126020000000000000e+05 5.350100000000000000e+04 5.350300000000000000e+04 1.126110000000000000e+05 5.320500000000000000e+04 1.126120000000000000e+05 5.350600000000000000e+04 5.350700000000000000e+04 5.350800000000000000e+04 1.132200000000000000e+05 1.132220000000000000e+05 5.351200000000000000e+04 1.126290000000000000e+05 5.321400000000000000e+04 5.351500000000000000e+04 5.321600000000000000e+04 5.321700000000000000e+04 5.321800000000000000e+04 1.126380000000000000e+05 5.351900000000000000e+04 5.322100000000000000e+04 5.352100000000000000e+04 1.132450000000000000e+05 1.132470000000000000e+05 5.382400000000000000e+04 5.352600000000000000e+04 5.352700000000000000e+04 5.352800000000000000e+04 5.352900000000000000e+04 5.353000000000000000e+04 1.126650000000000000e+05 5.323200000000000000e+04
5.259700000000000000e+04 1.119960000000000000e+05 5.289900000000000000e+04 5.290000000000000000e+04 1.120050000000000000e+05 5.260200000000000000e+04 1.120060000000000000e+05 1.120110000000000000e+05 5.260500000000000000e+04 1.120120000000000000e+05 5.290600000000000000e+04 5.290700000000000000e+04 5.290800000000000000e+04 5.290900000000000000e+04 1.120250000000000000e+05 5.261200000000000000e+04 1.126260000000000000e+05 5.291400000000000000e+04 5.261500000000000000e+04 5.261600000000000000e+04 1.120340000000000000e+05 5.291700000000000000e+04 5.291800000000000000e+04 5.291900000000000000e+04 5.292000000000000000e+04 1.120440000000000000e+05 5.292200000000000000e+04 5.292300000000000000e+04 5.292400000000000000e+04 5.262600000000000000e+04 1.120570000000000000e+05 1.120590000000000000e+05 5.262900000000000000e+04 1.126600000000000000e+05 5.323000000000000000e+04 5.293200000000000000e+04 5.293300000000000000e+04
1.113960000000000000e+05 5.229800000000000000e+04 1.120000000000000000e+05 1.120020000000000000e+05 5.230200000000000000e+04 1.114090000000000000e+05 5.200400000000000000e+04 5.230500000000000000e+04 5.200600000000000000e+04 5.230600000000000000e+04 5.260700000000000000e+04 1.120170000000000000e+05 1.120190000000000000e+05 5.201100000000000000e+04 1.114270000000000000e+05 5.201300000000000000e+04 1.114310000000000000e+05 5.201500000000000000e+04 1.114320000000000000e+05 5.231600000000000000e+04 5.231700000000000000e+04 5.261800000000000000e+04 5.261900000000000000e+04 5.262000000000000000e+04 1.120430000000000000e+05 5.232200000000000000e+04 5.202400000000000000e+04 5.202500000000000000e+04 1.114520000000000000e+05 1.114540000000000000e+05 1.114590000000000000e+05 5.232900000000000000e+04 1.114630000000000000e+05 5.203100000000000000e+04 5.203200000000000000e+04 5.203300000000000000e+04 5.233400000000000000e+04
5.169800000000000000e+04 1.108000000000000000e+05 5.170100000000000000e+04 5.170200000000000000e+04 1.114060000000000000e+05 5.170400000000000000e+04 1.108130000000000000e+05 5.140600000000000000e+04 5.140700000000000000e+04 5.170700000000000000e+04 1.108180000000000000e+05 1.108200000000000000e+05 5.171100000000000000e+04 1.108270000000000000e+05 5.171300000000000000e+04 1.108310000000000000e+05 5.141500000000000000e+04 1.108320000000000000e+05 5.171600000000000000e+04 5.201700000000000000e+04 1.114370000000000000e+05 5.171900000000000000e+04 5.172100000000000000e+04 1.114440000000000000e+05 5.202200000000000000e+04 1.114470000000000000e+05 5.172400000000000000e+04 5.172500000000000000e+04 5.172600000000000000e+04 5.172700000000000000e+04 5.172900000000000000e+04 5.173000000000000000e+04 5.173100000000000000e+04 5.173200000000000000e+04 5.173300000000000000e+04 5.173400000000000000e+04 5.173500000000000000e+04
5.109900000000000000e+04 5.110000000000000000e+04 5.110100000000000000e+04 1.108060000000000000e+05 5.140300000000000000e+04 1.108100000000000000e+05 5.110600000000000000e+04 1.102170000000000000e+05 5.080800000000000000e+04 5.110800000000000000e+04 5.110900000000000000e+04 5.111000000000000000e+04 1.102240000000000000e+05 5.111300000000000000e+04 1.102310000000000000e+05 5.111500000000000000e+04 5.081600000000000000e+04 5.111600000000000000e+04 1.108350000000000000e+05 5.111800000000000000e+04 5.141900000000000000e+04 1.108410000000000000e+05 1.108440000000000000e+05 5.142200000000000000e+04 1.108480000000000000e+05 5.142400000000000000e+04 5.142500000000000000e+04 1.108530000000000000e+05 1.102590000000000000e+05 5.082900000000000000e+04 1.102600000000000000e+05 1.108620000000000000e+05 5.143100000000000000e+04 5.143200000000000000e+04 5.143300000000000000e+04 5.143400000000000000e+04 5.113600000000000000e+04
5.080000000000000000e+04 1.102030000000000000e+05 5.050200000000000000e+04 1.096110000000000000e+05 1.096130000000000000e+05 5.020600000000000000e+04 1.102140000000000000e+05 5.050800000000000000e+04 5.020900000000000000e+04 5.050900000000000000e+04 5.021100000000000000e+04 5.021200000000000000e+04 1.096260000000000000e+05 1.102280000000000000e+05 5.051500000000000000e+04 5.051600000000000000e+04 5.021700000000000000e+04 5.051700000000000000e+04 5.051800000000000000e+04 1.096400000000000000e+05 5.082000000000000000e+04 1.102430000000000000e+05 1.102460000000000000e+05 5.082300000000000000e+04 1.102500000000000000e+05 5.082500000000000000e+04 1.102530000000000000e+05 1.096590000000000000e+05 1.096610000000000000e+05 5.023000000000000000e+04 1.096620000000000000e+05 1.096670000000000000e+05 5.023300000000000000e+04 5.023400000000000000e+04 5.053500000000000000e+04 5.053600000000000000e+04 5.053700000000000000e+04
1.096030000000000000e+05 5.020200000000000000e+04 4.960400000000000000e+04 4.990500000000000000e+04 4.990600000000000000e+04 1.090170000000000000e+05 4.960800000000000000e+04 4.990900000000000000e+04 4.961000000000000000e+04 4.991000000000000000e+04 4.961200000000000000e+04 1.090260000000000000e+05 4.991300000000000000e+04 4.961500000000000000e+04 1.090350000000000000e+05 4.961700000000000000e+04 1.090360000000000000e+05 4.991800000000000000e+04 4.991900000000000000e+04 4.992000000000000000e+04 4.992100000000000000e+04 4.962300000000000000e+04 1.090480000000000000e+05 1.090530000000000000e+05 1.090550000000000000e+05 4.962700000000000000e+04 4.962800000000000000e+04 4.962900000000000000e+04 4.993000000000000000e+04 4.963100000000000000e+04 4.993100000000000000e+04 4.993300000000000000e+04 1.090710000000000000e+05 4.963500000000000000e+04 1.090720000000000000e+05 1.090770000000000000e+05 1.096760000000000000e+05
