output_new_topo_ddd_2/finaltopo_soil__depth.asc
ncols 300
nrows 100
xllcorner 0.0
yllcorner 0.0
cellsize 10.0
[rows 34 to 50 of 100, columns 259 to 295 of 300]
1.082830410715364677e-01 1.091242644181092819e-01 1.096601195340327212e-01 1.090288937932782920e-01 1.090259612140967588e-01 1.087633760889499118e-01 1.088606661902730144e-01 1.094309142009321223e-01 1.100647839888977270e-01 1.098550933013213576e-01 1.095944277859858124e-01 1.091701057415983001e-01 1.084727644828800130e-01 1.094844756166639121e-01 1.094722703991876656e-01 1.093912044341727174e-01 1.097580727731881506e-01 1.084665674163348692e-01 1.089397614432835310e-01 1.093058704961272776e-01 1.095331201251987380e-01 1.097121778696902861e-01 1.098175563522447162e-01 1.086306452526629301e-01 1.097925052217123415e-01 1.087756966593892705e-01 1.099252852538987607e-01 1.084365993627288277e-01 1.091281183754255341e-01 1.092355348990747405e-01 1.085528204239453454e-01 1.094222388400432344e-01 1.092690271293581122e-01 1.084406271435168767e-01 1.094375080709659165e-01 1.096846100976090616e-01 1.095454485025973840e-01
1.084539746418871076e-01 1.091211308849571876e-01 1.096712641298245999e-01 1.096812475037576146e-01 1.086347759217382719e-01 1.092878052860582483e-01 1.091806149130205850e-01 1.089612736411705723e-01 1.098255928031576789e-01 1.096996094682073930e-01 1.089322535667832242e-01 1.091963265450230786e-01 1.084444027030836699e-01 1.098299042225243660e-01 1.087842814412309372e-01 1.093864064417873205e-01 1.093919207443279640e-01 1.084305563227723895e-01 1.085454200133388059e-01 1.085804294680833976e-01 1.090199351803434746e-01 1.101349019002483831e-01 1.095925061976871229e-01 1.087316629783101618e-01 1.085117563115969158e-01 1.093024857075874379e-01 1.095337748550610502e-01 1.083106448491864271e-01 1.097267216339505441e-01 1.089431755973364474e-01 1.095686743109763328e-01 1.083591116058687104e-01 1.083338851725087482e-01 1.083909702011313647e-01 1.095539363722782683e-01 1.096803737091606445e-01 1.089988225087924062e-01
1.087349683335201433e-01 1.085796015829469385e-01 1.088954280823005993e-01 1.085260156675213472e-01 1.091622595097804793e-01 1.092480121337290611e-01 1.086912621356695835e-01 1.092809752124835054e-01 1.097166878380426980e-01 1.094466389736140910e-01 1.091011624273999642e-01 1.085496703403590613e-01 1.088316518817089157e-01 1.090558508567793655e-01 1.094657726762505584e-01 1.094582023899288714e-01 1.086347310969644209e-01 1.096345237824964958e-01 1.096008807333499063e-01 1.097528466071006348e-01 1.097829248838539939e-01 1.097154585917923114e-01 1.090088669244694275e-01 1.093843647736383873e-01 1.095939667329909328e-01 1.085703237401826754e-01 1.088092215623399639e-01 1.083724392526748820e-01 1.091419613430200802e-01 1.101770832980602244e-01 1.092860557255105197e-01 1.087150382077940319e-01 1.097345366986588328e-01 1.094644177079297509e-01 1.086497657627924635e-01 1.098762561400671994e-01 1.099047045041071924e-01
1.094289842165644955e-01 1.094173675096985765e-01 1.083628025354722441e-01 1.083478093850732543e-01 1.088599581240178998e-01 1.087160460923327909e-01 1.097894491781047643e-01 1.090611743440815379e-01 1.092895537909887305e-01 1.093753250970541241e-01 1.096149238904395307e-01 1.088703433171533536e-01 1.085841720779888303e-01 1.090740935020950569e-01 1.093617033853468840e-01 1.084912198008163992e-01 1.093660755567217868e-01 1.092646472886739800e-01 1.095463885933301990e-01 1.094211229963057974e-01 1.094459862859215038e-01 1.095131759699437962e-01 1.101356177679629345e-01 1.094867794791520438e-01 1.097364380417000379e-01 1.089831936718507893e-01 1.085558735507960171e-01 1.094025089050828792e-01 1.094832542786175894e-01 1.096135435887119480e-01 1.091704336530113645e-01 1.098417387881681084e-01 1.091859946657052077e-01 1.094608460037198860e-01 1.098529118175829711e-01 1.086673731211222765e-01 1.100036762639228227e-01
1.097337057235195923e-01 1.095048923397664020e-01 1.085400747666676324e-01 1.087070102446742459e-01 1.084510909175374488e-01 1.095241050465150662e-01 1.089923321356157243e-01 1.089456085653830036e-01 1.091000505363433071e-01 1.094162570973379184e-01 1.092782216845260002e-01 1.085871657667093759e-01 1.087857909530848266e-01 1.084500114490083988e-01 1.083249296169658121e-01 1.082473536913047679e-01 1.090418697289198824e-01 1.090603012817871476e-01 1.093709381085524596e-01 1.088708006634751674e-01 1.097452752396931297e-01 1.095989643811936809e-01 1.090550275332704405e-01 1.096096955323584421e-01 1.089396411169588075e-01 1.085326870328093829e-01 1.087193327521102648e-01 1.093809382016784348e-01 1.098670223627448428e-01 1.102581019250589017e-01 1.090551575494291686e-01 1.098590423277121114e-01 1.093470414243026545e-01 1.092420295471324965e-01 1.091611967590063736e-01 1.099646714604451125e-01 1.086497409717322171e-01
1.096162405549429564e-01 1.093672883914883487e-01 1.087607718514719268e-01 1.092229876642212549e-01 1.084533117993931040e-01 1.087745523389350155e-01 1.086266306909958734e-01 1.098245946979412579e-01 1.096413723694962539e-01 1.092784206442692085e-01 1.085904469871897815e-01 1.095000062658467721e-01 1.097115721009212230e-01 1.102140343595034988e-01 1.091584477937452696e-01 1.083357018477347361e-01 1.084932732178126441e-01 1.091299070249992509e-01 1.093021889602779767e-01 1.087340304914954647e-01 1.094256006720429747e-01 1.092440286147629003e-01 1.089163644503317319e-01 1.091056165862939464e-01 1.085316339006145991e-01 1.084242432703107356e-01 1.084746866369537266e-01 1.083340854868505843e-01 1.085053986594570752e-01 1.094471509648596297e-01 1.096576265755367097e-01 1.087444564443431627e-01 1.095755989336859165e-01 1.098159610302317235e-01 1.102319984628288285e-01 1.086629304309726374e-01 1.096799823061747614e-01
1.094701164410299549e-01 1.091253899566191204e-01 1.092965199278922994e-01 1.091531988243042151e-01 1.089688215561319951e-01 1.084536934187069063e-01 1.097631203210902850e-01 1.089086773726741231e-01 1.099488710807896424e-01 1.084617464512641211e-01 1.089069061124749577e-01 1.094713612491803600e-01 1.093077596779988281e-01 1.091376910368658804e-01 1.085551121189599899e-01 1.093940136856724754e-01 1.090487059160353961e-01 1.084908598823713377e-01 1.083990650263241262e-01 1.090893240033630057e-01 1.098057084999011918e-01 1.090876554663248871e-01 1.086939393544918420e-01 1.085755457543432501e-01 1.091011809342396915e-01 1.086486705490810056e-01 1.092007749817632684e-01 1.092077656505330285e-01 1.091668164003689045e-01 1.084510445299567971e-01 1.082748125314933613e-01 1.084371686140596369e-01 1.092468580373964215e-01 1.091331623919056248e-01 1.101103235237360506e-01 1.093308109529601557e-01 1.101712330312664689e-01
1.095080887063441949e-01 1.089082923822125570e-01 1.099995951899273572e-01 1.092618550441918912e-01 1.097415094979323630e-01 1.084581769745045776e-01 1.092594139055559910e-01 1.097657383585747548e-01 1.095309456050794772e-01 1.082356322935338344e-01 1.085940850405596181e-01 1.087367433982050074e-01 1.101313583973052429e-01 1.088169030750625182e-01 1.088972943290528045e-01 1.093072479057234925e-01 1.089857723619060831e-01 1.091262572675371634e-01 1.084873777873833767e-01 1.087026380659271985e-01 1.084422734029372865e-01 1.081619914329069315e-01 1.084554765772697132e-01 1.088702226413907764e-01 1.095404632318434796e-01 1.092818829114782786e-01 1.086419954277995092e-01 1.096037966895024030e-01 1.097649445216590386e-01 1.091126487145747115e-01 1.082989323797238224e-01 1.088874364290036562e-01 1.086492276994632661e-01 1.092601111758246812e-01 1.096244326775378808e-01 1.095330187287956031e-01 1.085768994439075819e-01
1.091399657138524132e-01 1.099399076607915915e-01 1.092442319821731317e-01 1.090770993733303773e-01 1.090210452509452477e-01 1.084415024508788988e-01 1.085912355777141070e-01 1.099646655358567787e-01 1.089507745321428162e-01 1.084574416477106368e-01 1.098152266887124640e-01 1.091581197383239971e-01 1.092271004253577149e-01 1.098251584930932112e-01 1.088436606075796065e-01 1.099468545587543589e-01 1.099011962913649249e-01 1.095356233768433329e-01 1.089535337249913360e-01 1.085850583571345285e-01 1.088455350333963623e-01 1.082643980494444186e-01 1.087501462266258490e-01 1.086506253574745506e-01 1.095903435468146281e-01 1.099106356043335619e-01 1.088903585344933866e-01 1.089164564351047942e-01 1.095267924703915707e-01 1.094258569988556390e-01 1.083997087458898057e-01 1.093094902017585773e-01 1.095699781516031035e-01 1.086374642393584528e-01 1.090674454207495592e-01 1.086540547553625918e-01 1.096022540356999947e-01
1.097030701737985725e-01 1.094303784370508625e-01 1.097516267564058734e-01 1.093274352812257377e-01 1.094148734896958769e-01 1.084458054417588163e-01 1.091448843783129619e-01 1.088175337029411438e-01 1.085872577483200790e-01 1.089203610924772969e-01 1.097910342510132892e-01 1.093030971159687503e-01 1.094751682033159590e-01 1.097996883645290106e-01 1.090239175753162648e-01 1.092253156130383873e-01 1.091983186975830356e-01 1.088760823768907954e-01 1.086661788838972770e-01 1.097268070137180501e-01 1.086999983302093797e-01 1.084238268624018037e-01 1.095752807486496949e-01 1.094626694491690339e-01 1.086507720198958415e-01 1.095307216090755098e-01 1.100030392915834210e-01 1.102359972099706820e-01 1.093166578267711214e-01 1.093296972344258711e-01 1.085346501597947988e-01 1.091804591873875574e-01 1.098949814975012096e-01 1.096655015266407851e-01 1.085998994675790447e-01 1.090507894290482921e-01 1.093841170041723043e-01
1.092914587933772746e-01 1.089995207956499235e-01 1.102819564605076463e-01 1.090857175566442572e-01 1.085572270854612970e-01 1.083597086279996929e-01 1.084965184599418486e-01 1.085783859199752066e-01 1.089143101827561716e-01 1.086787234618069031e-01 1.091303010137935070e-01 1.086566323988115423e-01 1.099440790121824219e-01 1.094080495665654962e-01 1.094577534835466381e-01 1.101858323747804125e-01 1.089095596483061756e-01 1.085633542405622792e-01 1.097997448570930401e-01 1.091289628999790873e-01 1.083912056060891138e-01 1.095535196346422713e-01 1.100135228874109111e-01 1.099355807900425364e-01 1.095749314918452316e-01 1.084236152476455439e-01 1.084622771446022843e-01 1.089414303219831681e-01 1.096901189109324160e-01 1.097633430032511903e-01 1.093943179406348803e-01 1.087836241872561643e-01 1.091171969353055965e-01 1.099938667331468167e-01 1.091349780867542640e-01 1.084033690291482110e-01 1.085775989363536032e-01
1.088874487377927136e-01 1.095673373831538289e-01 1.098032102220098394e-01 1.088870623802652704e-01 1.094989917478546987e-01 1.092626791234273531e-01 1.084626241281027303e-01 1.093306128956632872e-01 1.095865842043586280e-01 1.094741452616046218e-01 1.087045615569403323e-01 1.093739107962728857e-01 1.086472379215325523e-01 1.090466648945268846e-01 1.101919013310935225e-01 1.097243102141295668e-01 1.096982695267982449e-01 1.092733757246689974e-01 1.088250393147386641e-01 1.093315849857031119e-01 1.084013219162067165e-01 1.092994208441411125e-01 1.090383059721931336e-01 1.086708414727284577e-01 1.099859815283068393e-01 1.086731579069330489e-01 1.083854986693422728e-01 1.084676552125855981e-01 1.085327974861690636e-01 1.097724457752825150e-01 1.096461211552405834e-01 1.093413111539184301e-01 1.093725037513652576e-01 1.097813814894766093e-01 1.095699126465683737e-01 1.085787659021484608e-01 1.089934500848243615e-01
1.084940839393456341e-01 1.099552159331333989e-01 1.094064922203580592e-01 1.098176042586776618e-01 1.092025781846190924e-01 1.094760953917019164e-01 1.083428492137230442e-01 1.097490151228288496e-01 1.094676780102249308e-01 1.092513868600136218e-01 1.098953200710052203e-01 1.099175256155301983e-01 1.095704621935738032e-01 1.096917146714422864e-01 1.100870253603253301e-01 1.085462529411460042e-01 1.099862703823977078e-01 1.100312585592621573e-01 1.089136332163225113e-01 1.085208793060663535e-01 1.091613876493660595e-01 1.083070715080833024e-01 1.084810732078279466e-01 1.095918892670617595e-01 1.101197409129516802e-01 1.098543960295211702e-01 1.086212259885141473e-01 1.093412195432976325e-01 1.094390668380342685e-01 1.086427543025146325e-01 1.097684639353834063e-01 1.095369502067516793e-01 1.097322921549869768e-01 1.090767821206311272e-01 1.098454149316223649e-01 1.088659161691022947e-01 1.092504772603384577e-01
1.095229037462295135e-01 1.087752691188269144e-01 1.092261755300723697e-01 1.092975006233658369e-01 1.098220330816553070e-01 1.085007507701915286e-01 1.083568454926383540e-01 1.086737275535540892e-01 1.085408492089242477e-01 1.094843017389633827e-01 1.095302118290293614e-01 1.098185884803830892e-01 1.094435154953632416e-01 1.099348373839676984e-01 1.088844027296074907e-01 1.091331379240117611e-01 1.094309570014885269e-01 1.089284354996442605e-01 1.097741678412023636e-01 1.085078180544180038e-01 1.090215407001983855e-01 1.084554597130401588e-01 1.087318262213285425e-01 1.088335071900802808e-01 1.090081108244271707e-01 1.096391215937632391e-01 1.086046325942432028e-01 1.090043443339843154e-01 1.094697446905092963e-01 1.098140876025995027e-01 1.084828486293390598e-01 1.085222801741853593e-01 1.088549581131216942e-01 1.101037573850162793e-01 1.095279993413017378e-01 1.094335446675729628e-01 1.097232968490527566e-01
1.097421679702898917e-01 1.087324050684332077e-01 1.095207284094283778e-01 1.094340698448649229e-01 1.085264538134177309e-01 1.094382528353364248e-01 1.093889768601451068e-01 1.084726793360253627e-01 1.087108225988244747e-01 1.084189108793185002e-01 1.084451958904673607e-01 1.092801113027227489e-01 1.089889748770807992e-01 1.099810554074185653e-01 1.089724514927386256e-01 1.086200128963548672e-01 1.095416693325902413e-01 1.096276658900807999e-01 1.096601035147304198e-01 1.086389265679501837e-01 1.095973895590790365e-01 1.097602356632634557e-01 1.086762719320636672e-01 1.095930643971497337e-01 1.092529377323680495e-01 1.098875305153947379e-01 1.089966156078363835e-01 1.097527707151523119e-01 1.092705718958249250e-01 1.096159436313440261e-01 1.089086232730184789e-01 1.096191749507165192e-01 1.096924140650465396e-01 1.093533615806440845e-01 1.091312719425293620e-01 1.093927354347439540e-01 1.092606833593487980e-01
1.097929724079129560e-01 1.097142439510597201e-01 1.094373602867163148e-01 1.095890515346264887e-01 1.085066620798924575e-01 1.089713552298046811e-01 1.095086103272992634e-01 1.084443363884949607e-01 1.088074619454674763e-01 1.098257258237500394e-01 1.093719424886424596e-01 1.085123837887170678e-01 1.091818307078950001e-01 1.095576604062599851e-01 1.094961163205123295e-01 1.084113557711393894e-01 1.089642778634496018e-01 1.103562495629726303e-01 1.089160944146224247e-01 1.097123925392200772e-01 1.089407233173405737e-01 1.088452074908858452e-01 1.097319655752079792e-01 1.090127064476478225e-01 1.088434164957322176e-01 1.096263554785965044e-01 1.101590955000335548e-01 1.096031430151582775e-01 1.091877658491171854e-01 1.095210314518557104e-01 1.101381310997841950e-01 1.093534286776781522e-01 1.093461088403933773e-01 1.101211678342041422e-01 1.092121946000955274e-01 1.097746893292467774e-01 1.092004308791130751e-01
1.085617842218058737e-01 1.089763720527425761e-01 1.102174668882391906e-01 1.093062501593405067e-01 1.087627249096072418e-01 1.091863977172765482e-01 1.086448240022860889e-01 1.086097233751831537e-01 1.094048062409844202e-01 1.088820462206462197e-01 1.097725045310673775e-01 1.088632943707976558e-01 1.082898094616205481e-01 1.083271794463250282e-01 1.084004069101026091e-01 1.094509601962143502e-01 1.093585822994927459e-01 1.092502600432578436e-01 1.097500958723154618e-01 1.101701884074929583e-01 1.101807402651140411e-01 1.082860610482264258e-01 1.096057481457309024e-01 1.098189070680899992e-01 1.101308797320948579e-01 1.097934321856105788e-01 1.091236421503030130e-01 1.096917851646952713e-01 1.092215454249313711e-01 1.094123623842300219e-01 1.091276807396669435e-01 1.098924406424297007e-01 1.098500408042961257e-01 1.088182076451017777e-01 1.089007268307898429e-01 1.094472915639430610e-01 1.093477556754720026e-01
