output_new_topo_ddd_2/finaltopo_bedrock__elevation.asc
ncols 300
nrows 100
xllcorner 0.0
yllcorner 0.0
cellsize 10.0
[rows 51 to 67 of 100, columns 148 to 184 of 300]
5.228301262985604581e+01 5.060626619045243046e+01 4.493975063216336707e+01 4.115409270690999222e+01 3.391740246987871643e+01 1.998463243219138619e+01 3.406656450164895489e+01 4.333232996777277179e+01 4.312565360656458324e+01 4.330805747244484394e+01 2.937880389224502053e+01 3.599004808378376197e+01 3.052434422832185490e+01 1.646131713761185722e+01 3.002290195752848234e+01 1.706175504175714508e+01 1.727452328940068682e+01 1.748580320588727233e+01 1.769787339630771683e+01 1.790999222512633438e+01 3.172573039796706595e+01 3.796819729670090737e+01 3.014107652003642812e+01 3.794769926484488565e+01 2.984054862815934328e+01 4.372098039351254783e+01 4.846318424842185379e+01 5.439641021620382588e+01 5.174101961951647866e+01 6.189155217607072501e+01 6.876611981503545223e+01 6.335215101809795613e+01 5.306133251735319334e+01 6.280683357645808940e+01 7.458272501629637929e+01 7.831687228117819188e+01 8.402849016705002327e+01
3.829045387861503258e+01 4.828060582622882180e+01 4.937686662181421582e+01 4.356488205984681628e+01 3.218929519393400085e+01 1.800322994330176840e+01 3.196934734580954185e+01 2.945813112216351470e+01 3.398152800511357441e+01 3.956450890689328048e+01 3.590329844203870380e+01 2.206238466206354332e+01 2.960980317606070855e+01 1.624918525880729447e+01 3.034818734867755197e+01 3.106697087151828995e+01 2.204645873868030037e+01 3.148444839591833500e+01 3.150761386919825568e+01 1.869985710435991066e+01 2.846869526617210866e+01 4.238625527006643523e+01 4.421221684613908565e+01 4.947780326411243834e+01 4.401680599669406035e+01 3.713342908577626389e+01 4.508982167268757024e+01 5.920699616992889247e+01 6.568399574543377639e+01 6.550561575464126918e+01 5.989818660176400300e+01 4.930146115983627908e+01 6.336432962729931972e+01 7.303187057125012416e+01 8.259434623069593329e+01 8.339562411049381296e+01 7.794395514171935702e+01
2.840428580195279551e+01 4.258959441026723169e+01 4.172366856552775261e+01 2.970126752525091618e+01 3.007035273894074123e+01 1.608352342894816900e+01 3.013472380368798653e+01 3.360205458810472834e+01 1.981848514739693101e+01 2.924354950557099286e+01 2.953049129505608406e+01 2.930421669758839087e+01 1.594926443131472027e+01 2.985956437513199546e+01 3.632309085483997535e+01 4.161113096854008120e+01 2.814709225195945663e+01 4.139825588707135040e+01 3.346294259905489099e+01 1.949627180475292931e+01 3.331285476935386924e+01 4.060156881584721589e+01 4.550890035749361573e+01 5.143363929382143596e+01 5.649148562700213461e+01 5.132804157216662588e+01 5.693973844411939211e+01 6.503067658150631303e+01 6.940070837288710948e+01 5.559344349611254188e+01 4.585596176681185199e+01 5.977429712300720865e+01 6.899409557555121353e+01 7.772469448579994378e+01 8.609198091159417743e+01 7.244564965069251627e+01 6.380979650451256191e+01
3.514588154038799672e+01 4.759335751381529889e+01 3.605479800719945871e+01 2.181506951196077537e+01 2.763890818939011496e+01 1.421886557442538468e+01 2.803196338138543453e+01 2.856726814575241491e+01 1.502164355475619573e+01 1.523161857926287333e+01 1.544144736347961633e+01 1.565079091841388781e+01 1.807853850673771845e+01 3.201926806674363490e+01 4.139697361347335658e+01 4.765052481625092895e+01 3.604903539244009636e+01 4.035463749050534688e+01 2.632362885052063106e+01 3.327181351237050677e+01 2.065024889098768313e+01 3.447575360204498196e+01 3.152722131176514964e+01 4.555518004542554422e+01 4.724877271231949294e+01 5.268428357306922294e+01 5.306100424357489231e+01 6.698251222634212354e+01 6.722861602998362685e+01 5.335004696984928074e+01 4.363737978380586924e+01 5.743570912746510260e+01 5.789449884906790800e+01 7.129823274273529421e+01 7.726546393265574864e+01 7.282231088137497466e+01 5.867397744803172088e+01
2.958763774615495379e+01 3.568774357704077005e+01 3.356747915126491222e+01 2.740849622352525827e+01 1.392329830305219396e+01 2.755735340247416332e+01 1.451523022896576975e+01 1.472438258567607683e+01 2.838351417929272458e+01 2.918637684675949018e+01 2.227620949138445283e+01 2.966416065852074269e+01 3.196913236814504700e+01 2.170418239605018584e+01 3.157895663484438842e+01 4.566139922050165723e+01 4.569603870884854047e+01 4.611914336977793738e+01 3.244010459169207650e+01 4.018076265175664474e+01 2.852621125277110536e+01 2.181941300199535050e+01 3.560252044914793856e+01 4.048807351665901422e+01 3.304854320175216031e+01 3.918441420421852683e+01 5.344058505015259186e+01 6.473162267751767729e+01 5.939258667453951546e+01 5.321096621447495778e+01 4.153763946107147831e+01 4.392647433515617195e+01 5.773197386544366339e+01 5.733549525821381110e+01 7.152475344053226536e+01 7.823124529338429056e+01 6.725917353485488093e+01
1.559425766370699584e+01 2.962505867473067056e+01 2.724664603260866969e+01 1.362781439536249195e+01 2.757212036751732143e+01 3.221060781085059688e+01 1.827480708599280490e+01 2.836365558344089877e+01 2.083086568751243917e+01 3.465476643134882551e+01 3.633310155176548051e+01 3.603989461947658413e+01 3.842397769243344641e+01 2.447461530822554110e+01 3.837584304367881316e+01 4.892537793181708849e+01 5.932527723354949956e+01 5.246449010445813599e+01 4.036838610401662208e+01 4.222772679337486323e+01 4.157325288584885925e+01 3.571775396318463436e+01 2.300097094822208277e+01 2.662897391596930063e+01 4.067999973414360682e+01 5.273391693579178252e+01 5.875122958500708847e+01 5.099307984178340547e+01 5.108270518485353762e+01 3.932418850465348470e+01 5.328040069484786301e+01 5.781639903389535107e+01 4.761612515712334215e+01 6.153557589675119033e+01 7.168325335267373077e+01 7.783333165843643542e+01 7.287695706860513667e+01
1.471692279861270158e+01 2.715814673470396556e+01 1.333352871612918733e+01 2.719885257335495510e+01 3.351344228309010020e+01 3.800089400229626335e+01 3.242859922090964631e+01 2.467889837875720005e+01 3.452278090439111935e+01 2.816160321214649898e+01 4.211951729548391654e+01 4.985246425525125602e+01 4.455376700904923126e+01 3.417074085696367547e+01 2.901979823328167996e+01 4.316570472363597588e+01 5.478389550288216725e+01 6.008107194643147864e+01 5.448473371199499127e+01 5.590129631029585511e+01 4.505159901918596432e+01 3.771414648964048411e+01 2.386241759925440675e+01 3.769803000853747932e+01 4.054930215704456486e+01 5.448776804488316117e+01 5.496921881913239361e+01 4.902973764815151014e+01 3.716851199055140142e+01 5.101652366405189554e+01 5.931513892298093538e+01 6.727416997255801334e+01 6.147705611746834364e+01 5.200344432989324162e+01 5.812053844200913488e+01 7.212910461358809755e+01 6.837993808412466024e+01
1.384602098517104096e+01 2.689475753150149728e+01 1.312575421084201821e+01 2.668491971444395006e+01 3.120610357310400218e+01 3.718117153507057537e+01 4.423770457191559302e+01 3.887141285151572845e+01 3.250663237856753085e+01 4.209776251056449325e+01 3.792310464206812526e+01 5.201014711012447123e+01 5.385205029845400304e+01 4.029532882906079294e+01 4.300951699939895434e+01 3.483459864255731731e+01 4.920234401814566638e+01 6.156730691959980106e+01 5.503338773189132382e+01 4.925146927909798933e+01 3.918545821574724641e+01 2.509657727433671681e+01 3.766058639433106947e+01 3.768137802413702531e+01 5.145122609259320257e+01 5.291255767204647498e+01 4.713286818404757383e+01 3.512660613347730276e+01 4.896433208655865599e+01 4.689688431078192110e+01 6.111893923337820667e+01 7.186859148170326250e+01 5.805229724310584771e+01 6.594752007333165977e+01 7.183089925888320693e+01 7.192324717603935369e+01 7.391654883603690962e+01
1.297936222694672459e+01 2.612037926648796571e+01 2.609743399846808387e+01 1.283162059050440540e+01 1.714799110463185272e+01 3.135854146078083104e+01 4.478275763205624571e+01 5.181635027297394913e+01 4.043264184742987766e+01 5.228730764174321877e+01 5.217615598000497812e+01 5.780143880159315017e+01 6.007460044707002567e+01 5.453996118411543392e+01 5.357980591366901990e+01 3.964556011683256287e+01 5.370451009242813001e+01 5.619847855459870090e+01 4.207399686971642438e+01 3.523335654460849753e+01 3.045416058224362743e+01 2.597260303033733209e+01 3.973821479287300207e+01 4.222329493309924686e+01 4.809275347917535015e+01 4.531618642420760779e+01 3.314139643354616283e+01 4.688411650967112365e+01 5.493673602280182422e+01 6.084559180996064498e+01 6.687419921696603353e+01 7.743606126799458877e+01 7.207268214993518995e+01 6.587520461601398836e+01 7.977520333480983084e+01 8.569727449568107147e+01 7.427656231000023013e+01
1.212614999397260185e+01 1.233248326748318213e+01 1.253878855051232044e+01 2.640940907343209076e+01 2.656350151430970286e+01 2.505692490426531549e+01 3.496723876491647331e+01 4.909746360228662354e+01 5.426536763396262586e+01 6.003335134669197259e+01 6.191092724222659882e+01 5.653418120691919313e+01 5.963047470554590035e+01 6.502624273514840070e+01 5.955822228604524327e+01 4.762351149593515487e+01 5.958172048893032269e+01 6.182965457355757621e+01 5.495044784055812670e+01 4.384544355754860590e+01 2.978680247780263457e+01 3.967994130459749869e+01 2.732158773099417814e+01 2.828362917307407187e+01 4.196335314516191772e+01 3.138609186044649135e+01 4.511717246615548760e+01 3.724237171147841252e+01 5.124470807253183580e+01 5.898183729524816954e+01 6.287983999837174309e+01 6.881132628098603732e+01 7.539835483634966806e+01 7.973781214647378590e+01 7.698498299517839882e+01 9.057622612750853364e+01 7.992267215713893336e+01
2.571233866284956093e+01 2.638035181218949177e+01 1.865548105143617263e+01 3.239154485887575419e+01 4.050319769175137452e+01 3.932372316259257161e+01 4.488334840200828069e+01 4.926360123054191575e+01 4.389140659351463114e+01 4.970679923979703574e+01 5.413336786562389591e+01 4.237559658138516738e+01 4.558900192388549044e+01 5.753317966298239838e+01 6.311683341676354075e+01 6.179305026687504210e+01 6.726668356384958258e+01 6.178169123008176200e+01 5.583443629996190083e+01 4.653848975539003163e+01 3.260812428728601020e+01 4.641989003576973261e+01 3.709006964869352174e+01 4.200681303515484899e+01 2.966191372963418260e+01 4.356714618867911781e+01 5.120259251582627513e+01 5.121880795498442041e+01 4.164783050268117393e+01 4.503797435270290350e+01 4.880175693833831474e+01 5.566367726172258301e+01 6.556186728384112428e+01 7.976170866660244485e+01 9.043765227805137386e+01 8.249157700758262024e+01 7.440784304490341583e+01
3.113906265946653562e+01 3.804666856024116584e+01 3.285039069096637121e+01 3.258920684967168313e+01 4.652685054193882053e+01 4.887358532756007889e+01 4.339065132159002758e+01 4.242429938552545110e+01 2.953540257560076299e+01 4.251100091667736791e+01 4.392804423225826582e+01 3.445060897883428908e+01 3.872461358730602399e+01 4.351806677885002017e+01 5.145456857322485433e+01 6.548406183589963803e+01 6.576710544500089384e+01 5.174104944892961555e+01 4.192188639390823113e+01 3.711445478423740241e+01 4.667257829036464756e+01 5.252721297856138705e+01 5.089093255268287663e+01 4.514896469034460580e+01 3.131460875672792099e+01 4.517741668940195154e+01 5.378936935479568149e+01 6.110798904297789136e+01 5.578500154140559886e+01 5.913796677275070124e+01 5.852542260872042590e+01 5.849216667645880108e+01 7.261025591221451236e+01 8.233702056181533635e+01 7.707481002810030191e+01 7.625871190452104997e+01 6.232170320151728049e+01
2.496328630063688792e+01 3.109206662818602496e+01 3.992809259874597672e+01 4.090575216727073382e+01 4.668385301557859179e+01 4.332991454139608578e+01 2.929349068256115629e+01 3.349088794633755839e+01 2.263055526834221709e+01 3.644730467620867387e+01 2.994196474249273621e+01 4.388415821803091177e+01 5.269929194460583233e+01 5.759844900653437350e+01 6.324997038564981722e+01 7.085920394011178303e+01 6.708651036593491312e+01 5.312845880443125424e+01 5.544424733286496831e+01 4.162833505917146937e+01 5.560250788266301214e+01 5.842009705411352627e+01 4.450414754011561058e+01 3.661063681039896522e+01 4.500178807169059780e+01 3.401379387313944846e+01 4.816798891758827494e+01 5.704915074110103745e+01 5.688426048406053326e+01 7.057793445475876126e+01 7.249330216270993787e+01 7.268942293634546559e+01 7.830553462403896958e+01 7.584676709993946986e+01 6.278441141337960119e+01 6.560006611390892317e+01 6.192841121591779796e+01
1.098960271615431417e+01 2.038354669702440347e+01 3.057641117891496307e+01 2.696810471747521731e+01 3.875202781806269314e+01 3.679802236443302377e+01 3.070970683035559290e+01 1.959501115301220509e+01 3.339165643403155315e+01 2.602231306278745748e+01 3.981047444019627335e+01 4.116788476822439691e+01 5.531917480574408330e+01 6.188375589883668226e+01 5.653567980200616461e+01 5.737605936108396776e+01 6.306098893219632373e+01 6.689080430249413212e+01 6.126328495781752537e+01 4.719171450272567370e+01 6.122678370862759323e+01 6.417834565994259322e+01 5.498764701403256083e+01 4.111819259895364809e+01 4.971370245940711641e+01 3.597500429561224422e+01 4.952968323071849710e+01 4.328213968011455393e+01 5.289085356638930335e+01 6.676576972943367139e+01 7.371955217492261170e+01 8.040979577328076289e+01 7.983645634828361892e+01 6.585855951804713015e+01 5.605864703155530293e+01 5.153789561826291532e+01 4.792088196666031052e+01
2.451675506181588560e+01 1.070724373244944694e+01 2.421714211662353478e+01 1.905468994120434800e+01 2.658328886485845644e+01 2.809011373242935150e+01 1.681999652117397659e+01 3.080229460024337129e+01 3.942653549151039272e+01 3.576765646618689232e+01 3.575075936864823944e+01 4.987674722020789631e+01 6.068928703851890560e+01 5.441992166503537476e+01 4.232836723199038431e+01 4.307911701261188853e+01 5.504667066338162584e+01 6.300996534670374416e+01 6.674838179185540810e+01 6.139659237360066868e+01 6.698530079273470506e+01 6.486308985516102155e+01 5.077913978016756147e+01 4.901105566455211004e+01 5.562448381252967522e+01 4.556175686021767035e+01 3.893778363186070379e+01 5.257724610113249497e+01 4.854895844753708190e+01 5.403453386423756655e+01 6.084774060249549166e+01 7.504190224113068552e+01 7.976971958203547786e+01 6.575781870902797266e+01 6.994804122161316684e+01 5.908158402102980489e+01 5.764265120308285617e+01
2.043407094928235779e+01 2.422484836608171221e+01 1.042490183030040640e+01 2.365774934447920330e+01 1.248516862983524511e+01 1.416189362876939661e+01 1.844685360559833853e+01 3.251364733178994015e+01 4.529938614572898103e+01 4.969523219297658301e+01 4.993134496021520619e+01 5.553828721904595511e+01 5.779783209653124487e+01 4.823728878545672671e+01 3.440611650188980519e+01 3.511449841701931263e+01 4.304087356440276579e+01 5.698831661546311267e+01 5.817058612892888192e+01 6.373342674263771102e+01 6.719840170415965019e+01 7.033885733281989872e+01 6.479250574414963637e+01 5.876441885286153166e+01 6.502641206261051821e+01 5.558945930565469951e+01 4.192971745767693648e+01 5.558428583936026257e+01 6.222453138684149110e+01 5.716014204643438745e+01 6.697617373581756794e+01 8.068624414545399759e+01 8.549748967211714046e+01 7.985888533224914454e+01 7.878020432694744102e+01 7.307822695174596106e+01 7.151265155559107711e+01
3.441814189660465217e+01 2.968874634611896823e+01 2.352250663353986582e+01 1.014273606413788364e+01 2.401925473962500845e+01 2.831374696979612438e+01 3.247045077729936224e+01 2.574288208553707946e+01 3.564928898971358961e+01 4.975979419934372316e+01 5.558830182097552353e+01 5.027945055980184463e+01 4.997780446468441795e+01 3.807662330498214942e+01 2.831034147060011819e+01 4.125661836056664811e+01 4.415912874773563601e+01 4.706246874764642030e+01 4.396331890639260820e+01 5.351395745984809338e+01 5.321755136898396188e+01 6.228753262125878365e+01 6.795463121618476521e+01 7.252664269543191722e+01 6.690435125998065757e+01 5.292248525453261010e+01 4.722223051333362065e+01 4.868799263640762831e+01 6.228126236599526067e+01 7.090184415553515862e+01 7.704403222205723978e+01 8.628986221235452092e+01 8.332912703072717875e+01 8.337190549891529656e+01 7.616733500780976840e+01 7.037209683408414662e+01 6.525405169666063898e+01
