output_new_topo_ddd_2/finaltopo_topographic__elevation.asc
ncols 300
nrows 100
xllcorner 0.0
yllcorner 0.0
cellsize 10.0
[rows 51 to 67 of 100, columns 74 to 110 of 300]
3.531304170562860634e+01 4.071646761091116673e+01 3.372017303942749322e+01 1.962453806111089705e+01 3.262917590911067123e+01 2.287508969380019153e+01 3.681064068082891794e+01 4.420937378202347645e+01 4.777601989457325971e+01 4.741629149970229662e+01 5.652414919218512068e+01 6.238620774725495011e+01 6.410852511824582223e+01 5.347862353614194575e+01 3.920348100320096307e+01 5.276515646159795381e+01 5.720558775990262745e+01 6.201663535371109504e+01 6.769067180007336049e+01 7.410203753136451610e+01 8.159294645498604837e+01 8.444671931733338965e+01 8.553260341752601903e+01 7.755760230201408945e+01 6.362064082090508066e+01 5.394803690337679569e+01 6.168321607592974942e+01 4.819359538564157219e+01 6.058847200668061816e+01 6.656159925230150520e+01 6.848972568916835257e+01 7.439341286429620936e+01 8.368943634442103985e+01 8.441147334349669507e+01 8.454454437353636820e+01 7.272543419078682803e+01 5.851291111716676596e+01
2.126457262506336221e+01 3.378006356075371031e+01 3.839098854564650054e+01 3.241692734708006185e+01 1.915667163881900947e+01 3.295790893270885391e+01 3.157748594132946351e+01 3.955551397804340041e+01 5.373828250706858256e+01 6.134694782915094180e+01 6.227481395269024489e+01 6.767921217435910819e+01 5.859189606082885149e+01 4.418423504808540514e+01 3.617627974685371584e+01 3.887520415203442781e+01 4.308866515958589360e+01 4.777855597525773135e+01 5.314809329307368557e+01 6.041553702194360653e+01 7.114007054930493723e+01 8.700345788171389927e+01 9.078410975581897446e+01 8.065061463697492172e+01 6.698030636590249287e+01 5.749220845761590937e+01 6.759834254655775965e+01 6.086260258628482944e+01 4.712229341543284278e+01 5.963345358752099656e+01 5.460740057289788041e+01 6.418900649332501018e+01 7.585984232607501099e+01 8.332393963816352311e+01 7.095857573462888013e+01 7.262913083716951235e+01 5.864655269042935259e+01
3.364507577214931189e+01 1.973820661421143896e+01 3.196903195808132736e+01 1.869341466907670934e+01 3.255367639964749316e+01 2.892679224898422419e+01 4.304019098507969687e+01 5.164613000205461901e+01 5.936869772548277524e+01 6.010993898249914480e+01 4.821319640775513449e+01 5.458911077616089358e+01 5.984645741075328829e+01 4.760467775618962349e+01 3.342556232955924855e+01 4.728624377985683225e+01 5.279509105802920743e+01 5.716263696945888029e+01 6.203719593929162812e+01 6.787984292937322550e+01 7.427346200598329062e+01 8.244473281844041423e+01 8.535162713945909729e+01 7.152906317264935865e+01 6.376161670111580548e+01 7.135240351490503485e+01 7.660972569113465624e+01 6.686461312771305643e+01 5.978163596854648176e+01 4.605906700357357408e+01 5.846214745878808827e+01 5.612948468404734825e+01 6.994089458521339964e+01 7.143178989445463856e+01 6.427136915260892636e+01 7.788461410926362305e+01 6.872408715134106671e+01
3.961272167646688303e+01 3.206645397496105687e+01 1.823070281095754908e+01 3.151366291296623245e+01 3.772066604258711209e+01 4.296548450246302053e+01 4.902490812536121467e+01 5.826976095421136392e+01 5.489328683441014078e+01 5.439244707412745328e+01 4.026995285567232941e+01 4.030874100065845056e+01 4.865787810607696429e+01 4.274517556105566740e+01 3.127020011701349844e+01 3.491891213451516762e+01 3.886680956235282025e+01 4.319662100797027193e+01 4.804584874851646958e+01 5.422807069704476390e+01 6.227738588533444641e+01 7.662576952969355659e+01 8.807110684330699257e+01 7.469413139627499731e+01 7.758600605735593092e+01 8.276680924470522882e+01 7.560308278684271954e+01 6.960756925020248786e+01 6.357205398565629650e+01 5.747737343240714125e+01 4.500882226526725560e+01 5.868821571458890674e+01 6.574174786399251502e+01 5.761709814873840685e+01 7.154113166951243841e+01 8.327935257699333249e+01 7.550883528899865382e+01
3.338201926542399178e+01 2.360611900303067756e+01 3.149469859211496470e+01 1.779102395733211495e+01 3.206421561366860828e+01 4.081862214212913642e+01 4.670714642128445604e+01 4.453305777761356410e+01 4.071231479043779444e+01 5.063653354102475390e+01 4.639589269533314564e+01 3.237856369598682704e+01 4.044045759951094254e+01 2.867057049017918757e+01 4.250698318219038185e+01 4.875110700250206719e+01 5.220390568926500663e+01 5.544297703932841870e+01 5.899068452045703026e+01 6.297800035854045575e+01 6.761959089607100282e+01 7.364371424935610833e+01 8.083868050710759690e+01 8.815563464452878861e+01 8.185437232654196293e+01 7.623613274599321699e+01 6.983991587771527065e+01 5.587741105584791512e+01 5.765431326782282184e+01 4.400004587002793244e+01 5.742287394794624333e+01 4.911663727006737190e+01 5.216426059216629341e+01 6.605893915012080697e+01 7.685524378294111614e+01 7.529612868589632058e+01 7.509074274462125231e+01
3.006523038388640146e+01 3.757877474304331145e+01 3.162865873078908763e+01 1.748116479714848737e+01 3.082531765511210509e+01 2.677740051633783480e+01 4.072955382801657009e+01 3.760948371109358845e+01 3.080755429447518523e+01 4.480620805136454265e+01 4.456557517044472405e+01 3.848478817846383038e+01 2.655624063416811254e+01 4.040948874820784908e+01 3.253227977629541101e+01 3.537026404519498612e+01 3.833987762450667702e+01 4.155119592252731309e+01 4.507403107932752562e+01 4.902030288752528264e+01 5.359225703198048052e+01 6.055859298862287687e+01 7.501710548393867839e+01 8.573352115358491687e+01 7.203448983650740445e+01 6.236333581056555175e+01 6.872663580598283772e+01 5.999334125857495792e+01 4.628089104946774768e+01 4.329536129158206847e+01 5.709505649510902003e+01 6.278886705099991872e+01 5.991566759228924610e+01 7.169996154031181845e+01 7.122279975094113524e+01 6.124581146035249901e+01 6.109049448202809884e+01
4.421483478907141773e+01 4.542280437620012634e+01 3.148608663257577334e+01 3.086786896114660550e+01 1.704259978550084398e+01 3.039514621933403404e+01 3.181163483458105645e+01 2.350039403206592681e+01 3.403907042228869528e+01 3.564965165594148289e+01 3.670332436747657567e+01 2.461254709186498246e+01 3.438558665198403475e+01 4.655378407999557311e+01 4.680965184714069949e+01 4.947928275830000899e+01 5.245084976250819153e+01 5.566912879446638840e+01 5.920133461362386385e+01 6.316179790328125421e+01 6.776556016624505219e+01 7.367962923540198972e+01 8.074950077115130398e+01 8.918338195510524713e+01 7.579521139589238032e+01 6.905290750863493088e+01 5.518121847299529747e+01 5.132332397073294317e+01 5.615230586144085834e+01 4.261448219244624624e+01 5.221955091073110822e+01 6.596599994587026572e+01 7.362460958384103549e+01 7.888080589995975345e+01 6.560566542475574181e+01 5.146589876989349932e+01 6.521410088454022969e+01
4.183086701662610096e+01 4.728771042260902391e+01 4.392224957876341307e+01 3.004892642008131176e+01 2.980246379077224717e+01 1.660485368616101454e+01 1.777398537881826712e+01 1.895286779721423542e+01 2.018481784617612718e+01 2.144568443885084719e+01 2.272638795392429145e+01 3.668038470569403842e+01 4.471856444598937230e+01 5.419967565024546730e+01 5.589470485947666845e+01 5.048237675791173018e+01 5.354409578243687662e+01 5.704535751654668729e+01 6.096786579814889961e+01 6.551341460790014537e+01 7.131930833237740330e+01 7.828825754527946401e+01 8.283689821573273093e+01 7.746939374559859459e+01 7.712513137947071584e+01 7.455324613277863932e+01 6.887150252762968705e+01 6.492204087590532424e+01 5.587150508997677179e+01 4.193613205569997149e+01 4.974895022118547416e+01 5.939475963948982695e+01 7.307276676405655280e+01 7.005443367285994327e+01 6.113346275602508939e+01 4.719116065452995912e+01 5.769722009112275174e+01
2.759868834392120363e+01 3.705795220530893630e+01 4.249131046181076954e+01 3.049852596610025657e+01 1.618173836404002230e+01 2.941170541721847442e+01 3.177637094281372754e+01 3.305923265123547594e+01 2.814742913642598410e+01 3.554119526235151483e+01 3.255144601820455819e+01 3.403652381640940661e+01 4.812125279194547289e+01 5.192922848346575648e+01 4.624896907364897913e+01 3.630474097283254054e+01 3.950260331042431261e+01 4.300925910511435291e+01 4.693544724585711947e+01 5.148082402321027473e+01 5.839364378366754949e+01 7.270245204268876194e+01 7.724254211957831728e+01 6.338235166903373852e+01 6.338177017886593489e+01 6.461681827584006044e+01 6.179522273867343785e+01 5.917967496306627595e+01 5.494932084338630318e+01 4.126178982163560249e+01 5.507667754503005852e+01 6.296707469269755109e+01 6.883254050551150272e+01 6.429953974015813856e+01 5.013740454720282713e+01 4.329989235330125297e+01 4.391371792200906299e+01
3.702941107491754735e+01 2.291137592782527932e+01 3.286088131614821606e+01 3.507496778207485733e+01 2.904680198000619029e+01 1.575828778668376629e+01 2.993017673715867843e+01 4.246547282086922337e+01 4.235193264919784895e+01 4.801665025246104079e+01 4.667487940146805414e+01 4.805875423154277826e+01 4.872493958545213388e+01 4.300266349909518482e+01 3.210617448390576101e+01 4.598605965996981126e+01 5.330792267904113402e+01 5.690292252700687925e+01 6.086926203435800886e+01 6.548235454651657506e+01 7.148660229260295296e+01 7.840642549565370700e+01 7.906031848318282584e+01 6.757675228688603397e+01 5.377720777364761062e+01 5.071107439459007793e+01 4.786669157450287315e+01 4.530400763668379938e+01 4.291110856517228456e+01 4.058894924414867234e+01 5.324550013832597983e+01 4.924629160512247950e+01 6.316599441801673720e+01 6.970339592293893816e+01 6.298146601292597069e+01 5.273014460686936644e+01 3.881596140203399870e+01
4.264629941800085788e+01 3.289838657893471918e+01 1.878555989944732474e+01 2.867805483935809718e+01 1.533589469147746698e+01 2.914160185691149962e+01 2.306420271774222996e+01 3.106872946439906968e+01 4.528697233987195858e+01 5.287397872264534016e+01 4.734227212942642637e+01 4.604429793721476472e+01 4.020553835332706427e+01 2.888658470400036649e+01 4.257440460128933779e+01 3.793621712575516369e+01 4.224875426145887047e+01 4.707514746137756845e+01 5.320597157080937478e+01 6.117089454570270135e+01 7.536955019057691629e+01 8.304077281213616857e+01 6.940946009537672978e+01 5.976067904321829616e+01 6.759488582538774892e+01 6.459570447293204154e+01 5.565760849841237246e+01 5.488490070907727869e+01 5.672651546031028147e+01 5.326327882278282289e+01 3.967534013139415094e+01 4.749686092794249959e+01 5.715936962518171782e+01 7.083658127622238965e+01 6.638680254810206804e+01 5.251797711091838039e+01 4.891261330998860757e+01
3.090494967188834963e+01 3.729096653068155121e+01 2.896480359711482677e+01 1.491396125330208555e+01 2.820215684968697545e+01 3.418819017971684815e+01 3.706704143641186988e+01 4.307209284528887849e+01 5.081022237038689582e+01 4.732974637648292315e+01 3.323018059394356527e+01 3.743756472109924260e+01 2.610123467267068165e+01 3.986167898148282518e+01 3.571388080430084244e+01 4.959614836002053551e+01 5.623834055585317060e+01 6.124726653038257496e+01 6.689064068076996250e+01 7.307643426403792830e+01 8.086273411554400070e+01 8.435309252106591771e+01 7.076145718821121022e+01 6.942887140468874918e+01 7.899899348439890900e+01 7.512567358702247589e+01 6.947586538211676555e+01 6.849504749714240859e+01 6.245583166914995132e+01 4.869914646866817520e+01 3.903634493575348330e+01 5.289771169582368771e+01 6.232544393682825756e+01 6.814675044620307176e+01 6.357671221246962290e+01 4.955650138801868820e+01 3.976134063887269576e+01
3.774164921716134558e+01 2.356725717289669930e+01 3.124380651404782938e+01 2.774305975485066611e+01 1.449524319043464615e+01 2.137941195810859085e+01 3.124112940436459951e+01 4.521701367907275682e+01 4.827881554602098646e+01 4.114626760315652376e+01 3.500328069804216824e+01 2.349934650850056173e+01 3.746335269008727664e+01 3.738614486068447462e+01 4.960198153649466946e+01 4.437435795191023402e+01 5.416277015567220587e+01 6.792367293278798002e+01 6.370269291710913961e+01 6.942153626618527085e+01 6.960345358236580182e+01 7.556393548734165222e+01 8.426983602652103400e+01 8.314511876242509913e+01 7.810980299954653105e+01 7.149769533228543139e+01 6.581100034679475641e+01 6.211010444333284397e+01 5.856553961249091600e+01 5.211041646255684867e+01 3.840055713898555467e+01 5.114003669874691838e+01 4.863802733081437424e+01 5.962386352332598705e+01 6.351022128347073448e+01 5.946510625719062659e+01 5.252871823540453278e+01
4.033916046377308362e+01 3.142191185649473795e+01 1.742888538072477900e+01 1.407796397707063818e+01 2.808749722099748780e+01 3.458564628579207323e+01 4.091468226192276347e+01 4.021977979678722193e+01 3.875789087574058556e+01 2.848504131690053498e+01 2.106865734975701088e+01 3.508559474793012356e+01 4.351568098114432814e+01 5.140215261204985353e+01 5.715556576855434656e+01 5.839831214270453330e+01 6.392246424718585729e+01 6.137769928416935272e+01 4.935539222112453217e+01 6.119741557385604125e+01 5.510993851262755072e+01 6.722278007406191591e+01 7.537437717543556914e+01 8.185345577414679497e+01 6.831920329189838981e+01 5.886319623845074744e+01 5.227747162330189212e+01 4.841739550173150519e+01 4.484469774494103689e+01 4.198743795345709628e+01 5.100553623228652356e+01 3.752615635545081574e+01 5.019206748868571566e+01 4.575404609138800538e+01 4.979235611966406339e+01 6.028698846002004785e+01 5.101629391685165871e+01
2.655761815197121578e+01 2.761543928079249355e+01 1.366120020302232518e+01 2.695491623408129556e+01 3.326949723564518990e+01 4.363881219177995519e+01 3.006508927013013377e+01 2.610438126964693950e+01 3.114840395780106164e+01 1.871438289950959444e+01 3.244131909978700179e+01 3.603542754889777200e+01 4.203914619438248224e+01 5.137553814768684646e+01 5.093385615794408494e+01 5.240630271798968209e+01 5.414087217188785672e+01 5.533424497412470089e+01 4.126308045785786049e+01 5.411667342203656261e+01 4.689292522462985602e+01 5.446130561876021403e+01 6.665444191829188014e+01 8.210445792477567295e+01 7.191267146985236991e+01 6.175358634540116753e+01 6.555035194181265013e+01 5.334910447600802996e+01 5.843810266697317957e+01 4.799887445690470145e+01 5.113854909358405365e+01 5.040581234449409465e+01 3.665691728477307976e+01 3.604738996250942762e+01 4.894430614203229624e+01 5.463691846129911056e+01 4.094290086706444498e+01
3.379563580526110655e+01 1.974389684199551809e+01 2.675183694679764557e+01 1.324705228139826119e+01 2.748502531968227203e+01 3.476124777996130888e+01 2.880217920589428005e+01 1.625504025434525346e+01 1.726388680824309318e+01 3.103704915675587728e+01 2.059414209851687261e+01 2.194299211035730224e+01 3.166825752037395958e+01 3.946125475084022582e+01 3.670766020886430425e+01 3.820246135024844847e+01 3.987654713751452107e+01 4.570250034995624588e+01 3.605344571414830313e+01 4.011617717738900524e+01 5.411681307795551277e+01 6.008562776878582667e+01 6.480826648286682712e+01 7.079764432819824549e+01 7.681582590542166145e+01 7.300344178420921537e+01 7.278948359129351786e+01 6.119944139500505997e+01 6.736985713773046314e+01 5.586888502579431304e+01 6.478711665143835319e+01 5.667516380913724561e+01 5.072505442504336770e+01 4.896225254984472031e+01 3.518931831593334181e+01 4.813516301221796567e+01 5.062348208775299696e+01
3.059953812757593283e+01 1.668226042163254874e+01 1.480073784336582321e+01 1.295549351320209119e+01 2.639520798264776857e+01 2.742705257903604377e+01 1.484822503369007407e+01 2.859633163335591988e+01 3.141378420082285672e+01 3.723388752238249566e+01 3.048597101024351375e+01 3.584532706254407231e+01 2.390544710385313110e+01 2.535295176628228830e+01 2.684463012447810826e+01 2.837073802978730086e+01 2.999546067454669540e+01 3.166916343120275101e+01 3.496446491980989180e+01 3.837527104175450177e+01 4.191399574191797228e+01 4.572200153035849013e+01 5.006823921121940657e+01 5.531570481512822113e+01 6.461679435924192205e+01 8.100020103983393938e+01 8.090152468354501991e+01 7.524030341792602883e+01 7.550515061227038416e+01 6.985380253191482325e+01 7.092145759259285853e+01 6.526984972443267452e+01 5.978606564602762319e+01 5.482727666074406869e+01 4.791863022888222901e+01 3.433193287270635352e+01 4.628080458678735454e+01
