output_new_topo_ddd_2/finaltopo_flow__link_to_receiver_node.asc
ncols 300
nrows 100
xllcorner 0.0
yllcorner 0.0
cellsize 10.0
[rows 0 to 16 of 100, columns 222 to 258 of 300]
-1.000000000000000000e+00 -1.000000000000000000e+00 -1.000000000000000000e+00 -1.000000000000000000e+00 -1.000000000000000000e+00 -1.000000000000000000e+00 -1.000000000000000000e+00 -1.000000000000000000e+00 -1.000000000000000000e+00 -1.000000000000000000e+00 -1.000000000000000000e+00 -1.000000000000000000e+00 -1.000000000000000000e+00 -1.000000000000000000e+00 -1.000000000000000000e+00 -1.000000000000000000e+00 -1.000000000000000000e+00 -1.000000000000000000e+00 -1.000000000000000000e+00 -1.000000000000000000e+00 -1.000000000000000000e+00 -1.000000000000000000e+00 -1.000000000000000000e+00 -1.000000000000000000e+00 -1.000000000000000000e+00 -1.000000000000000000e+00 -1.000000000000000000e+00 -1.000000000000000000e+00 -1.000000000000000000e+00 -1.000000000000000000e+00 -1.000000000000000000e+00 -1.000000000000000000e+00 -1.000000000000000000e+00 -1.000000000000000000e+00 -1.000000000000000000e+00 -1.000000000000000000e+00 -1.000000000000000000e+00
5.862400000000000000e+04 5.862500000000000000e+04 1.180550000000000000e+05 5.862700000000000000e+04 5.862800000000000000e+04 5.862900000000000000e+04 5.863000000000000000e+04 1.180620000000000000e+05 1.180640000000000000e+05 1.180690000000000000e+05 5.863400000000000000e+04 5.863500000000000000e+04 1.180750000000000000e+05 1.180770000000000000e+05 5.863800000000000000e+04 1.180780000000000000e+05 5.864000000000000000e+04 5.864100000000000000e+04 1.180840000000000000e+05 1.180890000000000000e+05 5.864400000000000000e+04 1.180900000000000000e+05 5.894600000000000000e+04 5.894700000000000000e+04 1.180990000000000000e+05 5.864900000000000000e+04 1.181000000000000000e+05 5.865100000000000000e+04 1.181070000000000000e+05 5.865300000000000000e+04 5.865400000000000000e+04 5.865500000000000000e+04 1.181150000000000000e+05 5.865700000000000000e+04 1.181160000000000000e+05 5.865900000000000000e+04 5.866000000000000000e+04
5.802500000000000000e+04 1.174520000000000000e+05 1.174570000000000000e+05 5.802800000000000000e+04 1.174580000000000000e+05 5.832900000000000000e+04 5.833000000000000000e+04 5.833100000000000000e+04 5.833200000000000000e+04 5.833400000000000000e+04 1.174730000000000000e+05 5.803600000000000000e+04 1.174740000000000000e+05 5.833800000000000000e+04 1.174810000000000000e+05 5.804000000000000000e+04 5.804100000000000000e+04 1.174840000000000000e+05 5.834200000000000000e+04 1.174910000000000000e+05 5.804500000000000000e+04 1.174920000000000000e+05 5.834700000000000000e+04 1.180960000000000000e+05 5.834900000000000000e+04 1.175030000000000000e+05 5.805100000000000000e+04 1.175040000000000000e+05 1.175060000000000000e+05 1.175110000000000000e+05 5.805500000000000000e+04 1.175120000000000000e+05 1.175170000000000000e+05 5.805800000000000000e+04 1.175180000000000000e+05 5.806000000000000000e+04 1.175220000000000000e+05
5.742600000000000000e+04 5.772600000000000000e+04 5.742800000000000000e+04 1.168580000000000000e+05 5.772900000000000000e+04 5.803000000000000000e+04 5.803100000000000000e+04 1.174650000000000000e+05 1.174670000000000000e+05 5.773500000000000000e+04 5.773600000000000000e+04 1.168770000000000000e+05 5.743800000000000000e+04 1.168780000000000000e+05 5.774000000000000000e+04 1.168850000000000000e+05 5.744200000000000000e+04 1.168860000000000000e+05 5.774300000000000000e+04 5.774500000000000000e+04 5.744600000000000000e+04 5.774600000000000000e+04 1.168960000000000000e+05 5.774900000000000000e+04 5.775000000000000000e+04 5.775100000000000000e+04 1.169070000000000000e+05 5.745300000000000000e+04 1.169080000000000000e+05 5.775500000000000000e+04 1.169150000000000000e+05 5.745700000000000000e+04 5.775800000000000000e+04 5.745900000000000000e+04 5.746000000000000000e+04 1.169220000000000000e+05 5.776100000000000000e+04
1.162570000000000000e+05 5.682800000000000000e+04 1.162580000000000000e+05 5.712900000000000000e+04 5.713000000000000000e+04 5.683200000000000000e+04 5.683300000000000000e+04 1.162680000000000000e+05 5.683500000000000000e+04 1.162720000000000000e+05 1.168740000000000000e+05 5.713800000000000000e+04 1.162810000000000000e+05 5.684000000000000000e+04 1.162820000000000000e+05 5.714200000000000000e+04 5.684300000000000000e+04 5.714300000000000000e+04 1.162930000000000000e+05 5.714600000000000000e+04 5.684700000000000000e+04 5.714700000000000000e+04 5.684900000000000000e+04 1.163000000000000000e+05 1.169020000000000000e+05 1.169040000000000000e+05 5.715300000000000000e+04 1.163110000000000000e+05 5.685500000000000000e+04 1.163120000000000000e+05 5.715700000000000000e+04 5.685800000000000000e+04 5.715900000000000000e+04 5.686000000000000000e+04 1.163220000000000000e+05 5.686200000000000000e+04 5.686300000000000000e+04
5.652800000000000000e+04 5.622900000000000000e+04 5.652900000000000000e+04 1.156650000000000000e+05 5.623200000000000000e+04 5.623300000000000000e+04 1.156680000000000000e+05 5.623500000000000000e+04 1.156720000000000000e+05 5.653600000000000000e+04 1.156790000000000000e+05 5.623900000000000000e+04 5.654000000000000000e+04 1.156850000000000000e+05 5.624200000000000000e+04 5.654300000000000000e+04 5.624400000000000000e+04 5.654400000000000000e+04 1.156950000000000000e+05 5.624700000000000000e+04 1.156960000000000000e+05 5.654800000000000000e+04 5.625000000000000000e+04 1.157020000000000000e+05 1.157040000000000000e+05 5.655300000000000000e+04 1.163080000000000000e+05 5.655500000000000000e+04 1.157150000000000000e+05 5.625700000000000000e+04 5.655800000000000000e+04 1.157210000000000000e+05 5.626000000000000000e+04 1.157220000000000000e+05 5.656100000000000000e+04 5.656200000000000000e+04 5.656300000000000000e+04
5.592900000000000000e+04 5.563000000000000000e+04 5.593000000000000000e+04 5.563200000000000000e+04 1.150660000000000000e+05 5.593300000000000000e+04 5.593400000000000000e+04 5.593500000000000000e+04 5.593600000000000000e+04 5.593700000000000000e+04 5.593900000000000000e+04 5.594000000000000000e+04 5.594100000000000000e+04 5.594200000000000000e+04 1.150890000000000000e+05 5.594400000000000000e+04 1.150930000000000000e+05 5.564600000000000000e+04 5.564700000000000000e+04 5.564800000000000000e+04 5.594800000000000000e+04 5.565000000000000000e+04 1.151020000000000000e+05 5.595100000000000000e+04 5.595200000000000000e+04 1.151110000000000000e+05 1.151130000000000000e+05 1.151150000000000000e+05 5.565700000000000000e+04 1.151160000000000000e+05 5.595800000000000000e+04 5.566000000000000000e+04 1.151220000000000000e+05 5.596100000000000000e+04 5.626200000000000000e+04 5.626300000000000000e+04 5.626400000000000000e+04
5.533000000000000000e+04 1.144650000000000000e+05 5.503200000000000000e+04 1.144660000000000000e+05 5.533300000000000000e+04 5.563400000000000000e+04 5.563500000000000000e+04 5.563600000000000000e+04 1.150750000000000000e+05 1.150770000000000000e+05 1.150800000000000000e+05 5.564000000000000000e+04 5.564100000000000000e+04 5.564200000000000000e+04 5.534400000000000000e+04 1.150900000000000000e+05 5.534600000000000000e+04 5.534700000000000000e+04 5.534800000000000000e+04 1.145010000000000000e+05 5.505000000000000000e+04 1.145020000000000000e+05 5.535100000000000000e+04 5.535200000000000000e+04 1.145110000000000000e+05 5.505500000000000000e+04 5.535600000000000000e+04 5.535700000000000000e+04 1.145190000000000000e+05 5.505900000000000000e+04 5.506000000000000000e+04 1.145220000000000000e+05 5.536100000000000000e+04 1.151250000000000000e+05 5.536300000000000000e+04 5.536400000000000000e+04 5.566500000000000000e+04
5.443100000000000000e+04 5.443200000000000000e+04 1.138660000000000000e+05 5.473300000000000000e+04 5.473400000000000000e+04 5.473500000000000000e+04 5.473600000000000000e+04 5.473700000000000000e+04 5.443900000000000000e+04 5.444000000000000000e+04 1.138820000000000000e+05 1.138870000000000000e+05 5.444300000000000000e+04 1.144880000000000000e+05 1.144900000000000000e+05 5.504500000000000000e+04 1.144940000000000000e+05 5.504700000000000000e+04 5.504800000000000000e+04 5.475000000000000000e+04 1.139050000000000000e+05 5.445200000000000000e+04 1.139060000000000000e+05 1.139080000000000000e+05 5.475500000000000000e+04 1.139150000000000000e+05 5.445700000000000000e+04 1.145160000000000000e+05 5.475900000000000000e+04 1.139230000000000000e+05 5.446100000000000000e+04 5.476100000000000000e+04 1.145250000000000000e+05 5.506300000000000000e+04 1.145290000000000000e+05 1.145310000000000000e+05 1.139370000000000000e+05
5.413200000000000000e+04 5.383300000000000000e+04 5.413300000000000000e+04 5.443400000000000000e+04 5.443500000000000000e+04 1.138730000000000000e+05 1.138750000000000000e+05 1.138770000000000000e+05 5.384000000000000000e+04 1.132820000000000000e+05 5.414100000000000000e+04 5.414300000000000000e+04 1.132910000000000000e+05 5.384500000000000000e+04 1.132950000000000000e+05 5.384700000000000000e+04 1.132960000000000000e+05 1.133010000000000000e+05 5.385000000000000000e+04 1.133050000000000000e+05 5.385200000000000000e+04 1.133060000000000000e+05 5.415300000000000000e+04 5.415400000000000000e+04 1.133150000000000000e+05 5.415700000000000000e+04 5.385800000000000000e+04 5.415800000000000000e+04 1.139200000000000000e+05 5.416100000000000000e+04 5.386200000000000000e+04 5.416200000000000000e+04 5.416300000000000000e+04 5.416400000000000000e+04 5.416500000000000000e+04 5.386700000000000000e+04 5.416800000000000000e+04
5.323300000000000000e+04 1.126680000000000000e+05 5.353400000000000000e+04 5.353500000000000000e+04 5.353600000000000000e+04 5.353700000000000000e+04 1.126810000000000000e+05 5.324000000000000000e+04 1.126820000000000000e+05 5.354100000000000000e+04 5.354200000000000000e+04 5.324400000000000000e+04 5.354500000000000000e+04 1.126950000000000000e+05 5.324700000000000000e+04 5.324800000000000000e+04 1.126980000000000000e+05 5.355000000000000000e+04 1.127050000000000000e+05 5.325200000000000000e+04 1.127060000000000000e+05 5.355300000000000000e+04 1.133090000000000000e+05 1.133110000000000000e+05 5.355700000000000000e+04 5.355800000000000000e+04 1.127210000000000000e+05 5.326000000000000000e+04 1.127250000000000000e+05 5.326200000000000000e+04 1.127260000000000000e+05 5.356300000000000000e+04 1.133290000000000000e+05 1.133310000000000000e+05 1.127370000000000000e+05 5.326800000000000000e+04 1.127410000000000000e+05
5.263400000000000000e+04 5.293400000000000000e+04 5.323500000000000000e+04 1.126730000000000000e+05 1.126750000000000000e+05 1.126770000000000000e+05 5.294000000000000000e+04 1.120850000000000000e+05 5.264200000000000000e+04 5.264300000000000000e+04 1.120880000000000000e+05 1.120930000000000000e+05 5.264600000000000000e+04 5.294700000000000000e+04 1.120990000000000000e+05 5.264900000000000000e+04 5.294900000000000000e+04 5.295100000000000000e+04 5.295200000000000000e+04 5.265300000000000000e+04 5.295300000000000000e+04 1.127090000000000000e+05 1.127110000000000000e+05 5.295700000000000000e+04 1.121190000000000000e+05 1.127180000000000000e+05 5.296000000000000000e+04 1.121250000000000000e+05 5.266200000000000000e+04 1.121260000000000000e+05 5.296300000000000000e+04 1.127290000000000000e+05 5.266600000000000000e+04 1.121340000000000000e+05 5.296800000000000000e+04 1.121410000000000000e+05 5.267000000000000000e+04
5.203500000000000000e+04 5.233500000000000000e+04 1.114740000000000000e+05 5.203800000000000000e+04 1.114780000000000000e+05 1.114800000000000000e+05 1.120820000000000000e+05 5.234200000000000000e+04 1.114890000000000000e+05 5.204400000000000000e+04 1.114900000000000000e+05 5.234600000000000000e+04 1.114970000000000000e+05 5.204800000000000000e+04 5.234900000000000000e+04 1.115030000000000000e+05 5.205100000000000000e+04 1.115040000000000000e+05 5.235300000000000000e+04 5.205400000000000000e+04 5.235400000000000000e+04 1.115120000000000000e+05 1.115140000000000000e+05 5.235800000000000000e+04 5.235900000000000000e+04 1.115230000000000000e+05 5.236100000000000000e+04 5.236200000000000000e+04 1.115290000000000000e+05 5.206400000000000000e+04 1.115300000000000000e+05 5.206600000000000000e+04 1.115340000000000000e+05 5.206800000000000000e+04 1.115380000000000000e+05 5.237000000000000000e+04 5.207100000000000000e+04
5.143600000000000000e+04 5.173600000000000000e+04 5.173700000000000000e+04 5.143900000000000000e+04 1.108800000000000000e+05 1.108820000000000000e+05 1.108870000000000000e+05 1.108890000000000000e+05 5.174400000000000000e+04 5.144500000000000000e+04 5.174500000000000000e+04 5.174700000000000000e+04 5.174800000000000000e+04 1.109010000000000000e+05 5.145000000000000000e+04 5.175100000000000000e+04 1.109070000000000000e+05 5.145300000000000000e+04 5.175400000000000000e+04 5.145500000000000000e+04 5.175500000000000000e+04 5.175600000000000000e+04 5.175700000000000000e+04 1.109210000000000000e+05 1.109230000000000000e+05 5.176100000000000000e+04 1.115240000000000000e+05 5.206200000000000000e+04 5.176400000000000000e+04 1.109330000000000000e+05 5.146600000000000000e+04 5.146700000000000000e+04 5.146800000000000000e+04 5.146900000000000000e+04 1.109400000000000000e+05 5.177100000000000000e+04 5.147200000000000000e+04
5.083700000000000000e+04 5.113700000000000000e+04 5.083900000000000000e+04 1.102800000000000000e+05 5.114000000000000000e+04 5.114100000000000000e+04 5.114300000000000000e+04 5.114400000000000000e+04 5.114500000000000000e+04 1.102950000000000000e+05 5.084700000000000000e+04 1.102960000000000000e+05 1.108980000000000000e+05 5.115000000000000000e+04 1.103050000000000000e+05 5.085200000000000000e+04 5.115300000000000000e+04 5.085400000000000000e+04 5.085500000000000000e+04 1.103120000000000000e+05 5.115600000000000000e+04 1.109150000000000000e+05 1.109170000000000000e+05 5.116000000000000000e+04 5.116100000000000000e+04 1.109240000000000000e+05 5.146200000000000000e+04 1.103310000000000000e+05 1.103330000000000000e+05 5.086600000000000000e+04 1.103340000000000000e+05 5.116700000000000000e+04 5.116800000000000000e+04 5.116900000000000000e+04 5.117000000000000000e+04 5.087200000000000000e+04 1.103460000000000000e+05
1.096790000000000000e+05 5.023900000000000000e+04 1.096800000000000000e+05 5.054000000000000000e+04 5.054100000000000000e+04 5.054200000000000000e+04 1.096880000000000000e+05 1.102900000000000000e+05 5.084500000000000000e+04 5.054700000000000000e+04 1.096990000000000000e+05 5.024900000000000000e+04 1.097000000000000000e+05 1.103020000000000000e+05 5.055200000000000000e+04 1.097090000000000000e+05 5.025400000000000000e+04 1.097100000000000000e+05 5.055500000000000000e+04 5.055600000000000000e+04 1.103150000000000000e+05 5.025900000000000000e+04 1.097230000000000000e+05 5.026100000000000000e+04 1.097240000000000000e+05 5.086200000000000000e+04 5.056400000000000000e+04 5.056500000000000000e+04 5.056600000000000000e+04 1.097370000000000000e+05 5.026800000000000000e+04 5.086800000000000000e+04 5.086900000000000000e+04 5.087000000000000000e+04 1.103430000000000000e+05 5.057200000000000000e+04 5.057300000000000000e+04
4.993900000000000000e+04 4.964000000000000000e+04 4.994000000000000000e+04 4.964200000000000000e+04 4.964300000000000000e+04 1.090880000000000000e+05 1.090900000000000000e+05 1.090920000000000000e+05 1.090970000000000000e+05 1.096960000000000000e+05 4.994900000000000000e+04 1.091030000000000000e+05 4.965100000000000000e+04 1.091040000000000000e+05 1.091090000000000000e+05 4.965400000000000000e+04 1.091100000000000000e+05 4.995500000000000000e+04 5.025600000000000000e+04 1.097150000000000000e+05 1.091210000000000000e+05 4.966000000000000000e+04 1.091250000000000000e+05 4.966200000000000000e+04 1.091260000000000000e+05 1.091310000000000000e+05 4.966500000000000000e+04 1.097320000000000000e+05 1.097340000000000000e+05 4.996800000000000000e+04 4.966900000000000000e+04 4.996900000000000000e+04 4.997000000000000000e+04 1.097440000000000000e+05 5.027200000000000000e+04 5.027300000000000000e+04 1.097490000000000000e+05
