output_new_topo_ddd_2/finaltopo_flow__link_to_receiver_node.asc
ncols 300
nrows 100
xllcorner 0.0
yllcorner 0.0
cellsize 10.0
[rows 68 to 84 of 100, columns 148 to 184 of 300]
1.841700000000000000e+04 1.871800000000000000e+04 1.841900000000000000e+04 1.871900000000000000e+04 7.844100000000000000e+04 1.872100000000000000e+04 7.844600000000000000e+04 1.902300000000000000e+04 7.844900000000000000e+04 7.785500000000000000e+04 1.842700000000000000e+04 1.842800000000000000e+04 7.786100000000000000e+04 1.843000000000000000e+04 7.786200000000000000e+04 1.873100000000000000e+04 1.873200000000000000e+04 1.873300000000000000e+04 1.873400000000000000e+04 1.873500000000000000e+04 1.873600000000000000e+04 1.873700000000000000e+04 1.873800000000000000e+04 1.873900000000000000e+04 7.848200000000000000e+04 7.848400000000000000e+04 1.904200000000000000e+04 1.904300000000000000e+04 7.848900000000000000e+04 1.874500000000000000e+04 7.789700000000000000e+04 1.844800000000000000e+04 1.844900000000000000e+04 7.790000000000000000e+04 1.875100000000000000e+04 1.875200000000000000e+04 1.875300000000000000e+04
1.811800000000000000e+04 1.811900000000000000e+04 7.724300000000000000e+04 1.782100000000000000e+04 7.724400000000000000e+04 1.782300000000000000e+04 7.724800000000000000e+04 7.725000000000000000e+04 1.782600000000000000e+04 1.812700000000000000e+04 7.725900000000000000e+04 1.782900000000000000e+04 1.783000000000000000e+04 7.726200000000000000e+04 1.813100000000000000e+04 1.843200000000000000e+04 1.843300000000000000e+04 1.843400000000000000e+04 1.843500000000000000e+04 1.843600000000000000e+04 1.843700000000000000e+04 1.843800000000000000e+04 7.787900000000000000e+04 7.788100000000000000e+04 7.728700000000000000e+04 1.784300000000000000e+04 1.844300000000000000e+04 7.788900000000000000e+04 1.844500000000000000e+04 7.789300000000000000e+04 7.729900000000000000e+04 1.784900000000000000e+04 1.785000000000000000e+04 7.730200000000000000e+04 1.785200000000000000e+04 1.785300000000000000e+04 1.845300000000000000e+04
1.751900000000000000e+04 7.724000000000000000e+04 1.752100000000000000e+04 7.664700000000000000e+04 1.722300000000000000e+04 7.664800000000000000e+04 1.752400000000000000e+04 1.752500000000000000e+04 7.665700000000000000e+04 1.722800000000000000e+04 1.752900000000000000e+04 1.723000000000000000e+04 7.666200000000000000e+04 1.753100000000000000e+04 7.726500000000000000e+04 7.666800000000000000e+04 7.667300000000000000e+04 1.723600000000000000e+04 7.667700000000000000e+04 1.723800000000000000e+04 1.723900000000000000e+04 1.724000000000000000e+04 7.668200000000000000e+04 7.668400000000000000e+04 7.668900000000000000e+04 1.724400000000000000e+04 7.669000000000000000e+04 1.724600000000000000e+04 7.669400000000000000e+04 1.754800000000000000e+04 1.754900000000000000e+04 7.670300000000000000e+04 1.725100000000000000e+04 7.670700000000000000e+04 1.725300000000000000e+04 1.725400000000000000e+04 7.671000000000000000e+04
7.664000000000000000e+04 1.722000000000000000e+04 7.664400000000000000e+04 1.692300000000000000e+04 1.662400000000000000e+04 1.692400000000000000e+04 1.662600000000000000e+04 7.605400000000000000e+04 1.692800000000000000e+04 7.606100000000000000e+04 1.663000000000000000e+04 7.606200000000000000e+04 1.693100000000000000e+04 7.666500000000000000e+04 1.693300000000000000e+04 1.693400000000000000e+04 7.607500000000000000e+04 1.663700000000000000e+04 1.663800000000000000e+04 7.607800000000000000e+04 1.693900000000000000e+04 1.694000000000000000e+04 1.694100000000000000e+04 1.694200000000000000e+04 7.609100000000000000e+04 1.664500000000000000e+04 7.609200000000000000e+04 1.664700000000000000e+04 1.664800000000000000e+04 7.609800000000000000e+04 1.695000000000000000e+04 1.695100000000000000e+04 7.610700000000000000e+04 1.665300000000000000e+04 1.665400000000000000e+04 1.665500000000000000e+04 7.611200000000000000e+04
1.662000000000000000e+04 1.632200000000000000e+04 1.632300000000000000e+04 1.632400000000000000e+04 7.545300000000000000e+04 1.602600000000000000e+04 7.545400000000000000e+04 1.632700000000000000e+04 7.546100000000000000e+04 1.603000000000000000e+04 7.546200000000000000e+04 1.633100000000000000e+04 7.606500000000000000e+04 1.663300000000000000e+04 7.606900000000000000e+04 7.547500000000000000e+04 1.633700000000000000e+04 1.603800000000000000e+04 7.547800000000000000e+04 1.633900000000000000e+04 1.604100000000000000e+04 1.604200000000000000e+04 7.548600000000000000e+04 7.548800000000000000e+04 1.634500000000000000e+04 1.604600000000000000e+04 1.634600000000000000e+04 1.604800000000000000e+04 7.549800000000000000e+04 1.634900000000000000e+04 1.635100000000000000e+04 1.635200000000000000e+04 1.635300000000000000e+04 1.635400000000000000e+04 1.635500000000000000e+04 7.551500000000000000e+04 1.605700000000000000e+04
1.602100000000000000e+04 7.544600000000000000e+04 7.544800000000000000e+04 7.545000000000000000e+04 1.572600000000000000e+04 1.542700000000000000e+04 1.572700000000000000e+04 1.572800000000000000e+04 1.573000000000000000e+04 7.486500000000000000e+04 1.543200000000000000e+04 7.486600000000000000e+04 7.486800000000000000e+04 1.573400000000000000e+04 1.543600000000000000e+04 7.487700000000000000e+04 1.573800000000000000e+04 1.543900000000000000e+04 1.573900000000000000e+04 1.544100000000000000e+04 7.488400000000000000e+04 1.574200000000000000e+04 1.574300000000000000e+04 1.574400000000000000e+04 1.574600000000000000e+04 1.544700000000000000e+04 1.544800000000000000e+04 7.489800000000000000e+04 1.574900000000000000e+04 1.575000000000000000e+04 7.550400000000000000e+04 1.575300000000000000e+04 7.550800000000000000e+04 1.605400000000000000e+04 1.605500000000000000e+04 1.575700000000000000e+04 7.491900000000000000e+04
7.424600000000000000e+04 7.425100000000000000e+04 1.482500000000000000e+04 7.425500000000000000e+04 1.482700000000000000e+04 7.425600000000000000e+04 1.512800000000000000e+04 7.485900000000000000e+04 7.486200000000000000e+04 1.513200000000000000e+04 1.483300000000000000e+04 1.513300000000000000e+04 1.513400000000000000e+04 1.483600000000000000e+04 1.483700000000000000e+04 7.427900000000000000e+04 1.483900000000000000e+04 7.428000000000000000e+04 1.514000000000000000e+04 1.484200000000000000e+04 1.484300000000000000e+04 1.484400000000000000e+04 1.484500000000000000e+04 7.429200000000000000e+04 1.484700000000000000e+04 7.429600000000000000e+04 1.514800000000000000e+04 1.514900000000000000e+04 1.515000000000000000e+04 1.515100000000000000e+04 1.515200000000000000e+04 7.490800000000000000e+04 1.545400000000000000e+04 1.545500000000000000e+04 7.431700000000000000e+04 7.491600000000000000e+04 1.515900000000000000e+04
1.452300000000000000e+04 1.452500000000000000e+04 7.365500000000000000e+04 1.452700000000000000e+04 1.422800000000000000e+04 1.452800000000000000e+04 7.425900000000000000e+04 1.423100000000000000e+04 1.423200000000000000e+04 1.453300000000000000e+04 1.423400000000000000e+04 1.453400000000000000e+04 7.367500000000000000e+04 1.423700000000000000e+04 7.367600000000000000e+04 1.453900000000000000e+04 7.368300000000000000e+04 1.424100000000000000e+04 1.424200000000000000e+04 7.368600000000000000e+04 1.454300000000000000e+04 1.454400000000000000e+04 1.454500000000000000e+04 1.454600000000000000e+04 7.369600000000000000e+04 1.454800000000000000e+04 1.484900000000000000e+04 7.430100000000000000e+04 1.455100000000000000e+04 7.430500000000000000e+04 7.371100000000000000e+04 1.425500000000000000e+04 7.371200000000000000e+04 1.455700000000000000e+04 1.455800000000000000e+04 7.372100000000000000e+04 1.456000000000000000e+04
7.364900000000000000e+04 1.392600000000000000e+04 1.392700000000000000e+04 1.392800000000000000e+04 7.306100000000000000e+04 1.363000000000000000e+04 7.306200000000000000e+04 7.306700000000000000e+04 1.363300000000000000e+04 1.363400000000000000e+04 1.363500000000000000e+04 1.363600000000000000e+04 1.393700000000000000e+04 1.363800000000000000e+04 1.393800000000000000e+04 7.308300000000000000e+04 1.364100000000000000e+04 7.308400000000000000e+04 1.394200000000000000e+04 1.394300000000000000e+04 1.424400000000000000e+04 1.424500000000000000e+04 1.424600000000000000e+04 7.369500000000000000e+04 1.394800000000000000e+04 7.369900000000000000e+04 1.395000000000000000e+04 1.425100000000000000e+04 7.370500000000000000e+04 7.311100000000000000e+04 1.395500000000000000e+04 1.365600000000000000e+04 1.395600000000000000e+04 1.395800000000000000e+04 1.395900000000000000e+04 1.396000000000000000e+04 1.396100000000000000e+04
7.245500000000000000e+04 1.302700000000000000e+04 7.305600000000000000e+04 1.362800000000000000e+04 1.333000000000000000e+04 7.246500000000000000e+04 1.303200000000000000e+04 1.333300000000000000e+04 1.333400000000000000e+04 1.333500000000000000e+04 1.333600000000000000e+04 7.247700000000000000e+04 1.333800000000000000e+04 7.248100000000000000e+04 1.304000000000000000e+04 1.304100000000000000e+04 7.248400000000000000e+04 1.334200000000000000e+04 1.364300000000000000e+04 7.308900000000000000e+04 1.364500000000000000e+04 7.309300000000000000e+04 1.334800000000000000e+04 1.364800000000000000e+04 7.309900000000000000e+04 1.335000000000000000e+04 7.310300000000000000e+04 1.305300000000000000e+04 7.250800000000000000e+04 1.305500000000000000e+04 1.335600000000000000e+04 7.251700000000000000e+04 1.305800000000000000e+04 7.251800000000000000e+04 7.312000000000000000e+04 7.312200000000000000e+04 1.366100000000000000e+04
7.185700000000000000e+04 1.242800000000000000e+04 7.185800000000000000e+04 1.273000000000000000e+04 7.246200000000000000e+04 1.273200000000000000e+04 1.273300000000000000e+04 7.246800000000000000e+04 1.303400000000000000e+04 1.303500000000000000e+04 1.303600000000000000e+04 1.273800000000000000e+04 7.247800000000000000e+04 1.274000000000000000e+04 1.274100000000000000e+04 7.188700000000000000e+04 1.244300000000000000e+04 7.188800000000000000e+04 1.244500000000000000e+04 1.244600000000000000e+04 7.189400000000000000e+04 7.189600000000000000e+04 7.249800000000000000e+04 1.304900000000000000e+04 7.250100000000000000e+04 7.250300000000000000e+04 7.190900000000000000e+04 1.245400000000000000e+04 7.191000000000000000e+04 1.245600000000000000e+04 7.191400000000000000e+04 1.275800000000000000e+04 1.245900000000000000e+04 1.275900000000000000e+04 1.276000000000000000e+04 1.276200000000000000e+04 1.276300000000000000e+04
1.212800000000000000e+04 7.126100000000000000e+04 1.183000000000000000e+04 1.183100000000000000e+04 1.183200000000000000e+04 1.213300000000000000e+04 7.186800000000000000e+04 1.243400000000000000e+04 7.187100000000000000e+04 7.127700000000000000e+04 1.213800000000000000e+04 7.187800000000000000e+04 1.243900000000000000e+04 7.188200000000000000e+04 1.244100000000000000e+04 1.184300000000000000e+04 7.128800000000000000e+04 1.214400000000000000e+04 7.129200000000000000e+04 1.214600000000000000e+04 1.214700000000000000e+04 1.214800000000000000e+04 1.214900000000000000e+04 1.245000000000000000e+04 7.190300000000000000e+04 7.190500000000000000e+04 1.215400000000000000e+04 7.131300000000000000e+04 1.185600000000000000e+04 7.131400000000000000e+04 7.131900000000000000e+04 1.185900000000000000e+04 7.132000000000000000e+04 1.216000000000000000e+04 1.216100000000000000e+04 1.216300000000000000e+04 7.192800000000000000e+04
7.066100000000000000e+04 1.153000000000000000e+04 1.153100000000000000e+04 1.153200000000000000e+04 1.153300000000000000e+04 7.126800000000000000e+04 1.183400000000000000e+04 7.127100000000000000e+04 1.153700000000000000e+04 1.153800000000000000e+04 7.127800000000000000e+04 1.183900000000000000e+04 7.128100000000000000e+04 1.154200000000000000e+04 1.154300000000000000e+04 7.069100000000000000e+04 1.124500000000000000e+04 7.069200000000000000e+04 1.154600000000000000e+04 1.184700000000000000e+04 1.124900000000000000e+04 1.125000000000000000e+04 7.070200000000000000e+04 1.125200000000000000e+04 7.070600000000000000e+04 7.070800000000000000e+04 7.131000000000000000e+04 1.155600000000000000e+04 7.071700000000000000e+04 1.125800000000000000e+04 1.125900000000000000e+04 7.072000000000000000e+04 1.156000000000000000e+04 7.132300000000000000e+04 7.132500000000000000e+04 7.132800000000000000e+04 1.186400000000000000e+04
1.093000000000000000e+04 7.066200000000000000e+04 1.123100000000000000e+04 1.123200000000000000e+04 1.123300000000000000e+04 1.123400000000000000e+04 1.093500000000000000e+04 7.067300000000000000e+04 7.067600000000000000e+04 7.067800000000000000e+04 1.123900000000000000e+04 7.068100000000000000e+04 1.094100000000000000e+04 1.094300000000000000e+04 7.068800000000000000e+04 1.094500000000000000e+04 1.064600000000000000e+04 1.094600000000000000e+04 7.069500000000000000e+04 7.010100000000000000e+04 1.065000000000000000e+04 1.065100000000000000e+04 1.065200000000000000e+04 7.010600000000000000e+04 7.010800000000000000e+04 7.011000000000000000e+04 7.011200000000000000e+04 7.071400000000000000e+04 1.095800000000000000e+04 1.095900000000000000e+04 7.012300000000000000e+04 1.066100000000000000e+04 7.012400000000000000e+04 7.012600000000000000e+04 1.066400000000000000e+04 1.066500000000000000e+04 7.013500000000000000e+04
7.006200000000000000e+04 1.063100000000000000e+04 7.006500000000000000e+04 1.033300000000000000e+04 7.007000000000000000e+04 1.063500000000000000e+04 7.007300000000000000e+04 1.033700000000000000e+04 6.948100000000000000e+04 1.034000000000000000e+04 7.008200000000000000e+04 1.064100000000000000e+04 7.008500000000000000e+04 7.008800000000000000e+04 1.034500000000000000e+04 1.034600000000000000e+04 6.949700000000000000e+04 1.004800000000000000e+04 6.949800000000000000e+04 1.005000000000000000e+04 6.950200000000000000e+04 1.035100000000000000e+04 1.035200000000000000e+04 1.035300000000000000e+04 1.035400000000000000e+04 1.035500000000000000e+04 1.035600000000000000e+04 1.065700000000000000e+04 7.011800000000000000e+04 6.952300000000000000e+04 1.006100000000000000e+04 6.952400000000000000e+04 1.036200000000000000e+04 1.036300000000000000e+04 6.953300000000000000e+04 1.006600000000000000e+04 1.036700000000000000e+04
1.003100000000000000e+04 6.946500000000000000e+04 9.733000000000000000e+03 6.946900000000000000e+04 9.735000000000000000e+03 6.947400000000000000e+04 1.003700000000000000e+04 6.947700000000000000e+04 9.740000000000000000e+03 6.948200000000000000e+04 1.004100000000000000e+04 6.948500000000000000e+04 9.743000000000000000e+03 6.889300000000000000e+04 6.949200000000000000e+04 6.949400000000000000e+04 9.748000000000000000e+03 9.449000000000000000e+03 9.749000000000000000e+03 6.890200000000000000e+04 9.751000000000000000e+03 1.005200000000000000e+04 6.950700000000000000e+04 1.005400000000000000e+04 1.005500000000000000e+04 6.951300000000000000e+04 6.951500000000000000e+04 6.892100000000000000e+04 9.460000000000000000e+03 9.761000000000000000e+03 6.892700000000000000e+04 9.463000000000000000e+03 6.892800000000000000e+04 6.893300000000000000e+04 9.466000000000000000e+03 6.893400000000000000e+04 9.767000000000000000e+03
6.886600000000000000e+04 9.433000000000000000e+03 6.886900000000000000e+04 9.435000000000000000e+03 6.887300000000000000e+04 9.137000000000000000e+03 9.438000000000000000e+03 9.140000000000000000e+03 6.888200000000000000e+04 9.441000000000000000e+03 6.888500000000000000e+04 9.443000000000000000e+03 6.888900000000000000e+04 6.829500000000000000e+04 6.829700000000000000e+04 8.848000000000000000e+03 9.149000000000000000e+03 8.850000000000000000e+03 9.150000000000000000e+03 9.151000000000000000e+03 6.890500000000000000e+04 6.830800000000000000e+04 9.454000000000000000e+03 6.891100000000000000e+04 8.857000000000000000e+03 6.831600000000000000e+04 9.159000000000000000e+03 9.160000000000000000e+03 9.161000000000000000e+03 6.892400000000000000e+04 9.163000000000000000e+03 6.833100000000000000e+04 8.865000000000000000e+03 8.866000000000000000e+03 6.833400000000000000e+04 9.167000000000000000e+03 6.893700000000000000e+04
