output_new_topo_ddd_2/finaltopo_soil_production__rate.asc
ncols 300
nrows 100
xllcorner 0.0
yllcorner 0.0
cellsize 10.0
[rows 68 to 84 of 100, columns 185 to 221 of 300]
3.265044527547824259e-04 3.301291533120504699e-04 3.320893046637942315e-04 3.322073902959016083e-04 3.310284869304046642e-04 3.344709766307639052e-04 3.361397480203597390e-04 3.370563724304584548e-04 3.377508552647209123e-04 3.358924776524966726e-04 3.362283639736310132e-04 3.325092904155027194e-04 3.373362005919891288e-04 3.378389731432981219e-04 3.367104878465008197e-04 3.331035338826100626e-04 3.335378679287665784e-04 3.322293236172260819e-04 3.339536083506029177e-04 3.374920356083446695e-04 3.344973570276408561e-04 3.346796858226481824e-04 3.339528552524266493e-04 3.367217861487464738e-04 3.369756546486697376e-04 3.371290740025504294e-04 3.371431542928641101e-04 3.351879066179980974e-04 3.336962937678486139e-04 3.347159346715770836e-04 3.379361601617695329e-04 3.394222726656700214e-04 3.373431125660372059e-04 3.390106469697923503e-04 3.363526305043543414e-04 3.384902154313138402e-04 3.345934253732373931e-04
3.268332050462077211e-04 3.290198057080976810e-04 3.295307532180759887e-04 3.329238672887239081e-04 3.349166731587615783e-04 3.348903580477169775e-04 3.334381053703927241e-04 3.360118777325073278e-04 3.378226895602130667e-04 3.370030196026875817e-04 3.364695177627035814e-04 3.323807762510420818e-04 3.352781731767614484e-04 3.373835841076203634e-04 3.336682492992692887e-04 3.353067378477327868e-04 3.341713860205733312e-04 3.355069103347913364e-04 3.330564197721830821e-04 3.362432248117164560e-04 3.372802793131464741e-04 3.361549326212495627e-04 3.361507657561756579e-04 3.340557117219263342e-04 3.330300671144357551e-04 3.318513298774260797e-04 3.319598548285650815e-04 3.328199909557058795e-04 3.442811907312149939e-04 3.387447564179928931e-04 3.383769964243366372e-04 3.385691649550021218e-04 3.392792233507603062e-04 3.385524724008299275e-04 3.381627847794822631e-04 3.385996584945669542e-04 3.381219115695938810e-04
3.360796161942006775e-04 3.340806237361961559e-04 3.341502444260178008e-04 3.334787634633404611e-04 3.348778838873979783e-04 3.349868157184523738e-04 3.344972490391151282e-04 3.341676581885103816e-04 3.353202284539401811e-04 3.377522873351834526e-04 3.357803804528664633e-04 3.329527322886295486e-04 3.387048746350581198e-04 3.347146811051410448e-04 3.367789527341947934e-04 3.342204699596426892e-04 3.350058421970499825e-04 3.383810486909985646e-04 3.380843923149009947e-04 3.344393079655524339e-04 3.368165102957549608e-04 3.373576527586984826e-04 3.358335853521095108e-04 3.343990365952026521e-04 3.334525542029677294e-04 3.337510451673128390e-04 3.257753430775118652e-04 3.275896462430112361e-04 3.469729206449677296e-04 3.404919697367991111e-04 3.381641698958974367e-04 3.376520009215435206e-04 3.381933427183839787e-04 3.377402116532354131e-04 3.350704491559001650e-04 3.370989897200138202e-04 3.366878946011671900e-04
3.364538899182479919e-04 3.367732962659077036e-04 3.381359598639858619e-04 3.381952841887289293e-04 3.379822901505330664e-04 3.334212984275681168e-04 3.350096045844295481e-04 3.328846247653227349e-04 3.350380424771446991e-04 3.377632496408493183e-04 3.349799139761745889e-04 3.335641180260268926e-04 3.335450654829750865e-04 3.328454121180615352e-04 3.350334005511913251e-04 3.375108333030051705e-04 3.382094718703054846e-04 3.344036727926083985e-04 3.346717126894556090e-04 3.379847675104040764e-04 3.382656890400449930e-04 3.360267253867589175e-04 3.378573654109258027e-04 3.317296710997405659e-04 3.324713118468449868e-04 3.332124692622102469e-04 3.267121241082324786e-04 2.865346696098442620e-04 3.571453721765599802e-04 3.845950729862627582e-04 3.459867157541348932e-04 3.401039508795699272e-04 3.393621002591896301e-04 3.356274577406775732e-04 3.339839193166044403e-04 3.327521735759582551e-04 3.337750585779717056e-04
3.334915270507019056e-04 3.377349030033135243e-04 3.337933858933203168e-04 3.346963057593478489e-04 3.338089527444127141e-04 3.374178704198360461e-04 3.345836149543883063e-04 3.334487553074030712e-04 3.376217809950932212e-04 3.357200128762093940e-04 3.335492928297374422e-04 3.359529393754367966e-04 3.356556377695696564e-04 3.350263444551773674e-04 3.383499666019596560e-04 3.387909579264013421e-04 3.351135048141504983e-04 3.329058140923945555e-04 3.336044378748186925e-04 3.349401174079409964e-04 3.371957311598182232e-04 3.344539564698111945e-04 3.377085002533980994e-04 3.352879134443459636e-04 3.368304891659381554e-04 3.360564026604958708e-04 3.310979950044902909e-04 3.305583512859213064e-04 3.304777069852807302e-04 3.402522840615519848e-04 3.372455370511235305e-04 3.409846969832107432e-04 3.350614240893345008e-04 3.360248206362172717e-04 3.365422730366922181e-04 3.355290402086708035e-04 3.365453439828751674e-04
3.353837992889405054e-04 3.323789240527530247e-04 3.362989949085929678e-04 3.340285770702667830e-04 3.352470509765545178e-04 3.343569627986384585e-04 3.373369582701400346e-04 3.370460617935674128e-04 3.378143106980782966e-04 3.350495526914093729e-04 3.347312132121060694e-04 3.331815149913467072e-04 3.350880195650669476e-04 3.379559831318219637e-04 3.351415843498940566e-04 3.360906839742586216e-04 3.358497008037263456e-04 3.330773967044641827e-04 3.334076402915141192e-04 3.366393199244621529e-04 3.346404606019059893e-04 3.330474367383668235e-04 3.328233328794516998e-04 3.369752307458576341e-04 3.335624029389750757e-04 3.327857024309948189e-04 3.341228758366586882e-04 3.337262840297672718e-04 3.307008705159392961e-04 3.285127759848682555e-04 3.351483795673238712e-04 3.362875599651203888e-04 3.367131267121968195e-04 3.341583732186373997e-04 3.340564344077828589e-04 3.376723302532557477e-04 3.366570969112384461e-04
3.389462975224743937e-04 3.338698157683438108e-04 3.367148135699853627e-04 3.371429219536219721e-04 3.374263042641148709e-04 3.358751457142455390e-04 3.351811622320336219e-04 3.377058907819985040e-04 3.359713742898676127e-04 3.338853051576078611e-04 3.350231403317620467e-04 3.353780241885853252e-04 3.385675219088993574e-04 3.350197930610321947e-04 3.338602390085921657e-04 3.356939829921875662e-04 3.335210900973706251e-04 3.334634553527773913e-04 3.332149216126343238e-04 3.328961738042519208e-04 3.371024377006744100e-04 3.329629379504551664e-04 3.327812319828596637e-04 3.343845082429293663e-04 3.349871430246278634e-04 3.316001592374339855e-04 3.325381667522783334e-04 3.298624966048618271e-04 3.310535960143213825e-04 3.509413254814180354e-04 3.367110346748224299e-04 3.360944808683589643e-04 3.366472214805705143e-04 3.378175620881211866e-04 3.380105842297286933e-04 3.382725482723674781e-04 3.382682540862634439e-04
3.386547842952504083e-04 3.356168038253126880e-04 3.328484913294448575e-04 3.367446744087557696e-04 3.341546356333454097e-04 3.373060468178842039e-04 3.367935149903414946e-04 3.379522003572822306e-04 3.361037465058835613e-04 3.331864012948625923e-04 3.341851051864082214e-04 3.351959015974006247e-04 3.386480818458228580e-04 3.351205092536318347e-04 3.333017391304472624e-04 3.326603839279724520e-04 3.335899195876072007e-04 3.332674943304438130e-04 3.342887478188438723e-04 3.338361738256417129e-04 3.370895244207405004e-04 3.338505108320928365e-04 3.335146911341735246e-04 3.308560433664760781e-04 3.344168916362933678e-04 3.315365338944882491e-04 3.335705333272383222e-04 3.376396090059688481e-04 3.364718651035930618e-04 3.420267038296278747e-04 3.424531683520358125e-04 3.354193904899108007e-04 3.328919692011490599e-04 3.340152092569528093e-04 3.347640129587769911e-04 3.345359341161928792e-04 3.343079039267139664e-04
3.382384183498251423e-04 3.369091417282889722e-04 3.366691736378135441e-04 3.348711442350709756e-04 3.336589112138662661e-04 3.361039826135261131e-04 3.373789061941312299e-04 3.343566178634975699e-04 3.333129404982857467e-04 3.352170092642958862e-04 3.350925777354814132e-04 3.344571773908289951e-04 3.365463304525196904e-04 3.385070391738992488e-04 3.375511337085595857e-04 3.374201462849485693e-04 3.369652046111434006e-04 3.363056516925842418e-04 3.329417017568800461e-04 3.351307344028746664e-04 3.322267714399262353e-04 3.370003853059935512e-04 3.323178570022792514e-04 3.335094745870772191e-04 3.319852754112685798e-04 3.366582484416601358e-04 3.337795311941381318e-04 3.372802815108160378e-04 3.384755970671052576e-04 3.391891884407422257e-04 3.389919552572335246e-04 3.423556084117183288e-04 3.338863091741705127e-04 3.361609672806561869e-04 3.363579387655404743e-04 3.360870065265862336e-04 3.348964097154792088e-04
3.366502723229964256e-04 3.374041490996179844e-04 3.373198432459307509e-04 3.352103838893530428e-04 3.349796326065646859e-04 3.375175338938910799e-04 3.345814598043487576e-04 3.326880080533942520e-04 3.354716668887052834e-04 3.325255398452045823e-04 3.333271453203127109e-04 3.364171382907409883e-04 3.383151650712990259e-04 3.366724988947714602e-04 3.338684902388164158e-04 3.360653794349707769e-04 3.369134408291352850e-04 3.366825367870498000e-04 3.348465774754553386e-04 3.311108520911480941e-04 3.349296779855536355e-04 3.361453357832195222e-04 3.361852532892601925e-04 3.351868061659623948e-04 3.355442488547264422e-04 3.358280745901936516e-04 3.367526661976552051e-04 3.387426048832467389e-04 3.388262824877581454e-04 3.385222889480636729e-04 3.388786264681854093e-04 3.392401525834514461e-04 3.357144556776068991e-04 3.366923336207813182e-04 3.345400253034947380e-04 3.380462173973423109e-04 3.380509133802039401e-04
3.371755446178023499e-04 3.357188445682739728e-04 3.361091565539322157e-04 3.365006729282884980e-04 3.376371612457664201e-04 3.368456932853788172e-04 3.341794336480928985e-04 3.366555192240339883e-04 3.328868030757201925e-04 3.359897364048388801e-04 3.358288385697779993e-04 3.382072582455158830e-04 3.354923375728501586e-04 3.337792073358991315e-04 3.352447654244735363e-04 3.341074991669117891e-04 3.343307279923732312e-04 3.337571633191520489e-04 3.327139979270086036e-04 3.323848580275023685e-04 3.358850051865363271e-04 3.327003045673107258e-04 3.358441904346922855e-04 3.360888101636071656e-04 3.361631249782511639e-04 3.375159878985696266e-04 3.380777802733462558e-04 3.365946832841662907e-04 3.377956037117991399e-04 3.367040063022531059e-04 3.311400796364840976e-04 3.337200763085351979e-04 3.352709041794552460e-04 3.353396095027112505e-04 3.374432873158694887e-04 3.351265559926257893e-04 3.341823567005654401e-04
3.413834374942883087e-04 3.352306679422930561e-04 3.363328934005218609e-04 3.363895095908190128e-04 3.362858204957231995e-04 3.373784304782286871e-04 3.370708848543408102e-04 3.342406613005592057e-04 3.343358400230550791e-04 3.386989396765586395e-04 3.384792574321519669e-04 3.377445364880001942e-04 3.368388757989959907e-04 3.373836833591905963e-04 3.372182097248188062e-04 3.372622128830405253e-04 3.336143245752372735e-04 3.345051434188224689e-04 3.350314266593128719e-04 3.332505229010882561e-04 3.327620363866939609e-04 3.338954134072058349e-04 3.316712396881687434e-04 3.348375077714979098e-04 3.371296856077811909e-04 3.379126860294753604e-04 3.380444747719481735e-04 3.374234340217871497e-04 3.383166107365506519e-04 3.378143790642365715e-04 3.368665092322973447e-04 3.354523909509330576e-04 3.343141713518041629e-04 3.350937002990427255e-04 3.348113917902289117e-04 3.351659538547657963e-04 3.347525662396637282e-04
3.505181923676077582e-04 3.330587603661969349e-04 3.326626367977340176e-04 3.350156430019895202e-04 3.350854186987352367e-04 3.364565861389194157e-04 3.373846788183251528e-04 3.368149232071103189e-04 3.381084368660165567e-04 3.351975050971058739e-04 3.348646617810031910e-04 3.376076432843586918e-04 3.358281569726368583e-04 3.348744567419473564e-04 3.330440777838257721e-04 3.311255712398356922e-04 3.364543082869246625e-04 3.361643899785817240e-04 3.348854922494534821e-04 3.360547133943407442e-04 3.336603472601767234e-04 3.342829690987714274e-04 3.362846331328349586e-04 3.343136174110690841e-04 3.353743740317287033e-04 3.355259697908662478e-04 3.364606514993385413e-04 3.365879088179036995e-04 3.377088090286327554e-04 3.365497565085174029e-04 3.367880715830832939e-04 3.356320286250786948e-04 3.358115693528352643e-04 3.331306684824875217e-04 3.339685422187231795e-04 3.355020229081758995e-04 3.339966715637642664e-04
3.113981708182056115e-04 3.510032874171261372e-04 3.341650270667925293e-04 3.350725844795115083e-04 3.333808722798697909e-04 3.358494828503481812e-04 3.356628279748927212e-04 3.375612146827612625e-04 3.368629079074586335e-04 3.344128551129432053e-04 3.351732529460021677e-04 3.339193110593601400e-04 3.379318528575099567e-04 3.382503135600343374e-04 3.378032673469722152e-04 3.341238739224846981e-04 3.347497466154797439e-04 3.377870900537578366e-04 3.374817684358850088e-04 3.356957802583920261e-04 3.355808181186366746e-04 3.336856111123846151e-04 3.376840395158101538e-04 3.344080275515353947e-04 3.355021918432017527e-04 3.362433146756328944e-04 3.376842223405821853e-04 3.362950316759551715e-04 3.381085738890165994e-04 3.382621966839377808e-04 3.376877310057420302e-04 3.374614551577551818e-04 3.357316503382648228e-04 3.325445830406552447e-04 3.362764307576971345e-04 3.376441205042844023e-04 3.379922769318144068e-04
3.228541407471158622e-04 3.734525947423573337e-04 3.343104857823196870e-04 3.333326408423020076e-04 3.331418081560076779e-04 3.329524095882594337e-04 3.327842780740719922e-04 3.352081030371768604e-04 3.381457217113289192e-04 3.350373113196365715e-04 3.342097247940169300e-04 3.358671371967358529e-04 3.336939748515450064e-04 3.331456670911002102e-04 3.349354115038052785e-04 3.381958393642544355e-04 3.377744443060445335e-04 3.352486623796643687e-04 3.350757109443811650e-04 3.340066480028582680e-04 3.344771495980172044e-04 3.344792943982219944e-04 3.379653406634333559e-04 3.351967694022647262e-04 3.350201847435767201e-04 3.369746839940738667e-04 3.383633839752763243e-04 3.376828694277281186e-04 3.368487151004180601e-04 3.353402131474415349e-04 3.376400903850314359e-04 3.352026837401135117e-04 3.345986082915387459e-04 3.353269709765366357e-04 3.338012921259223540e-04 3.358081861405738688e-04 3.367097643596991016e-04
3.298553613692676721e-04 3.358685645642866678e-04 3.358113314859371024e-04 3.321646771745285554e-04 3.346612253790641933e-04 3.353244633345959136e-04 3.354252151118674273e-04 3.335148651555283053e-04 3.380110446670287969e-04 3.356678681996911728e-04 3.334536913042340659e-04 3.332911608488914887e-04 3.358532481064811586e-04 3.357958799783892080e-04 3.346576691705271272e-04 3.380395927389146394e-04 3.359734263183177688e-04 3.372787878029654329e-04 3.331771214906269511e-04 3.361284703426914346e-04 3.323039858567027440e-04 3.367519434527819783e-04 3.381114101224267309e-04 3.340989152318677899e-04 3.338961551396034508e-04 3.357997534221869584e-04 3.352605000561373794e-04 3.362807037387150876e-04 3.379013434407680014e-04 3.368634797399725368e-04 3.360903208759791509e-04 3.375978993486826300e-04 3.366193498664122870e-04 3.355688406957277239e-04 3.343602900000718255e-04 3.336735835441524949e-04 3.342171465140586863e-04
3.316245896883819274e-04 3.327612366735253902e-04 3.378663035779273164e-04 3.346760615952442102e-04 3.338453782708547838e-04 3.348885699964153926e-04 3.362366191864596572e-04 3.375759231977910066e-04 3.360493937241676291e-04 3.375693754574052578e-04 3.361038696292750348e-04 3.368626483541667426e-04 3.347697034020577977e-04 3.322160207844858187e-04 3.353111107336898791e-04 3.379955712900708110e-04 3.344027552082412405e-04 3.335046201583252842e-04 3.377963860974052030e-04 3.324463272714131166e-04 3.353405609850286105e-04 3.364497921233632711e-04 3.379117197696591144e-04 3.379970115724482776e-04 3.339165187578830240e-04 3.364135711904697387e-04 3.349976419446686646e-04 3.359894171005454251e-04 3.383032795100166705e-04 3.376597253248523993e-04 3.377930185257482874e-04 3.376693212622034943e-04 3.371934655881454117e-04 3.347355800795362305e-04 3.357703754199211623e-04 3.337786307774542644e-04 3.349699703592475008e-04
