output_new_topo_ddd_2/topo_0_yrs_topographic__elevation.asc
ncols 300
nrows 100
xllcorner 0.0
yllcorner 0.0
cellsize 10.0
[rows 34 to 50 of 100, columns 0 to 36 of 300]
3.020617707621042758e-01 5.284951841360539859e+00 5.975990138073794533e+00 5.367727178060958337e+00 5.333832849823341604e+00 6.005121074395234793e+00 5.924241345053297358e+00 5.958053586218319708e+00 5.093324116640096655e+00 5.533972530734045492e+00 5.907368432928261193e+00 5.457784833788567269e+00 5.969561745518872087e+00 5.717654805022315934e+00 5.057124041726387631e+00 6.016554133772940460e+00 5.075086387109323915e+00 5.390361223065078811e+00 5.579062177580071946e+00 5.391548029242802187e+00 5.565885302490220177e+00 5.131782990909758979e+00 5.546261670599391458e+00 5.624364290679669587e+00 5.313767442467633551e+00 5.108816530720349469e+00 5.670233784471700567e+00 5.804139339817912635e+00 5.270092411719113912e+00 5.208018299331691914e+00 5.857185951965989013e+00 5.073342904820469457e+00 6.008788584722138282e+00 5.629184925296396358e+00 5.457379144631747891e+00 5.903021828756357614e+00 5.214365647103797130e+00
7.353719521463936148e-01 5.226918465782982359e+00 5.253708093889631670e+00 5.953287554816608207e+00 5.313557187212382793e+00 5.529972412834888829e+00 5.600827142639597689e+00 5.207203065439009571e+00 5.939384442863361535e+00 5.554200717898543971e+00 5.652908976468287605e+00 5.208581917108054071e+00 6.018222767364334480e+00 5.458486000693176798e+00 5.510571520988199801e+00 5.350610147413834561e+00 5.553626105463845164e+00 5.290278236516740229e+00 5.945976333836260785e+00 5.793523424555908186e+00 5.999455171847822399e+00 5.078736902500351036e+00 5.600667381111484211e+00 5.733148802525778187e+00 5.325790923138020716e+00 5.142414886063022550e+00 5.673314178166869226e+00 5.543996860941021509e+00 5.242905592397300474e+00 5.871061055743819423e+00 5.995907543414507046e+00 5.387694783479490823e+00 5.870986251147559898e+00 5.766272024518835693e+00 6.002482161674405958e+00 5.942642365635081525e+00 5.606501655919796434e+00
5.478350164281666768e-01 5.375639033811864032e+00 6.044920556166988312e+00 5.505856633377494092e+00 5.452796381334837683e+00 5.325136183812881008e+00 5.439133665247454452e+00 5.700041091221772938e+00 5.500242219429556378e+00 5.419508363808363427e+00 5.451576566406410862e+00 5.646577556083545169e+00 5.895629870354577307e+00 6.019470562025024840e+00 5.476875103448164417e+00 5.633963711252873097e+00 5.495372327993595540e+00 5.572612940592046371e+00 5.786652451527203311e+00 5.647798607300780205e+00 5.504684743177238992e+00 5.920453493472973783e+00 5.655138498280966708e+00 5.181681194610066932e+00 5.214371997908193279e+00 5.805937588735170074e+00 5.372836140884175826e+00 5.379243023012501013e+00 5.869604755587669587e+00 5.299106102195900725e+00 5.396748652309265815e+00 5.056298804505785505e+00 5.107994372337665290e+00 5.809676777392930980e+00 5.191432798106370150e+00 5.501849645250092458e+00 5.797431932652133746e+00
1.124764869469905282e-01 5.746107652007720112e+00 6.005457911506167257e+00 5.631239724431847726e+00 5.120869566555199093e+00 5.389238977943565878e+00 5.483244038861103675e+00 5.661475462457436159e+00 5.869653577641187781e+00 6.043693855876902887e+00 5.453716624173420513e+00 5.143373204996129822e+00 5.835473065915246949e+00 5.802966265192297080e+00 5.605490458876810855e+00 5.160331252078591113e+00 5.419895885311147410e+00 5.163861802564197134e+00 5.948941714987821427e+00 5.443665549343027266e+00 5.060617944350907393e+00 5.181349019893272789e+00 5.252162164145746992e+00 5.316680493049901202e+00 5.343286667623635466e+00 5.552821767658133290e+00 5.598758576133911369e+00 5.397041692053132778e+00 5.427488343472039567e+00 5.780066869029254484e+00 5.757464757463742977e+00 5.354856528152773798e+00 5.407080141311117139e+00 5.530499478170067817e+00 5.092268373960839867e+00 5.295398847439817480e+00 5.440641018138171248e+00
8.832570063029002716e-01 5.296428147764401295e+00 5.637575356843173680e+00 5.365777729397122719e+00 5.268153797938592398e+00 5.846624327889119677e+00 5.673783732122789303e+00 5.273218706898834540e+00 5.322774109227437656e+00 5.572159490354489542e+00 5.372479007384372451e+00 5.118313533041463970e+00 5.190490640338158101e+00 5.758123817358317353e+00 5.685497868853381931e+00 5.331613281964680873e+00 5.816168525389175059e+00 5.489467301120555476e+00 5.722513572666339421e+00 5.941141578012327784e+00 5.698340440952474495e+00 5.269049772901060358e+00 5.554937436566933506e+00 5.436889869371857920e+00 5.178618640498763526e+00 5.435385044680249855e+00 5.594250748590947175e+00 5.272119138229577118e+00 5.642641702475408749e+00 5.645625057204973096e+00 5.340088000979105409e+00 5.984769054248737952e+00 5.271847853405504658e+00 5.805991415158592517e+00 5.185913815722337894e+00 5.978183199890987787e+00 5.254785618480991793e+00
9.719303841483020179e-01 5.700031366936244126e+00 5.565945752425808024e+00 5.546046212845454626e+00 5.535571364956823892e+00 5.319039171847181002e+00 5.802700747202981013e+00 5.625900304332486890e+00 5.220823101250007703e+00 5.094181515284229356e+00 5.454993072781873842e+00 5.845804603786067588e+00 5.496875430115199634e+00 5.464196323442569891e+00 5.487549117139502108e+00 5.502294526688521259e+00 5.839923205475337831e+00 5.565115518552348206e+00 5.743783911303251166e+00 5.339809932700926076e+00 5.881730631638851570e+00 5.127228657445898286e+00 5.563245047191069048e+00 5.768020559271165304e+00 5.486408357745231612e+00 5.970033424627779084e+00 5.581992464397703912e+00 5.919542451508738701e+00 5.952743806286026285e+00 5.745083452306577243e+00 5.143654652229277424e+00 5.693635717332909962e+00 5.829709821599927899e+00 6.046272060459702224e+00 5.611081875854112333e+00 5.511555902316366939e+00 5.376333924626627514e+00
6.791033195439890591e-01 5.562412628623300215e+00 5.103599626238069398e+00 5.891729116444651027e+00 5.511868115457694728e+00 5.703529270904844850e+00 5.321509202233522196e+00 5.421385444370131701e+00 5.351189737805177593e+00 5.368196292419493254e+00 5.399125161326574940e+00 5.659778167659248460e+00 5.323263677479458167e+00 5.563216692384613360e+00 5.897077858528357197e+00 5.380360400286591904e+00 5.456324878018993907e+00 5.331175812567324535e+00 5.698292489507806202e+00 5.497127396050172976e+00 5.900850703749203952e+00 5.876413985932853024e+00 5.815158970357749979e+00 5.261906768389422062e+00 5.971937771183672083e+00 5.911449932437142785e+00 5.308232165288327309e+00 5.379824248023013844e+00 5.525914655269812847e+00 5.703115332421864636e+00 5.527766613434869747e+00 5.781797950349838011e+00 5.237700756605707220e+00 6.004469700238842300e+00 5.115764169445064624e+00 5.906310616090231669e+00 5.076648399906608766e+00
8.394362960934719231e-01 5.752893744748406313e+00 5.313814008597631755e+00 6.003793216147234268e+00 5.122017745402643207e+00 5.423813798560887633e+00 5.494832602736026139e+00 5.808421679973410967e+00 5.870233669404503196e+00 5.970734909964777515e+00 5.752042488710920942e+00 5.526760998135236136e+00 5.962726282334509520e+00 5.155431665049568402e+00 5.671484183323987516e+00 5.555982207876047241e+00 5.955497050817101901e+00 5.500812216671002730e+00 5.263193066621773220e+00 5.762907074983623978e+00 5.949490222498145187e+00 5.104557988986379691e+00 5.552682776378950358e+00 5.556994980722843813e+00 5.713678213160620523e+00 5.096887809130292268e+00 5.985446877072722494e+00 6.009930107544851019e+00 5.254611249052300259e+00 5.642587880783453080e+00 5.466887993845587879e+00 5.663793250145886304e+00 5.945651314603109583e+00 5.362274208754108429e+00 5.745532575471417935e+00 5.407445113158233063e+00 5.234165899196137950e+00
5.366095972098854361e-01 5.318756793173369246e+00 5.757368184453823368e+00 5.475687703530289774e+00 5.924331684338095094e+00 5.625030032975716132e+00 5.405128773943807197e+00 5.350835658536616357e+00 5.653631352716616654e+00 5.471079420351191658e+00 5.759273884338222516e+00 5.906338254584840186e+00 5.127500233949562336e+00 5.467374308841748132e+00 5.747855084811167359e+00 5.418324650012779742e+00 5.836427547870596477e+00 5.810930671370484468e+00 6.022047151490147243e+00 5.163935014505292465e+00 5.709600310931622680e+00 5.172882155842448704e+00 5.990678015952084046e+00 5.360583024075582514e+00 5.959320175731873448e+00 5.655748897138431097e+00 5.487664878139840496e+00 5.519569793942140201e+00 5.444893820860293943e+00 5.824261058160317361e+00 5.442214717099838062e+00 5.728923871164210979e+00 5.225199736474229972e+00 5.560267542959559606e+00 5.511990878257082116e+00 5.530332383079248793e+00 5.114069122863361017e+00
4.562478196445954870e-01 5.457484881766155205e+00 5.300987482720138644e+00 5.192113346242108740e+00 5.926774519127493868e+00 5.667802149401405032e+00 5.579504588514633490e+00 5.469523358198539853e+00 5.797264961916449799e+00 5.888900805993169563e+00 5.898682389043331753e+00 5.463212537869401864e+00 5.703062861035583353e+00 6.001407594562277126e+00 5.795432530196285903e+00 5.130738329890880856e+00 5.810941059751071336e+00 5.136391558475768448e+00 5.217409270569531188e+00 5.081628957533047775e+00 6.042075870404281623e+00 5.230873671158398963e+00 5.572502872368923832e+00 6.034589371190464568e+00 5.097723992417003025e+00 5.537856600952903108e+00 5.775043327257161074e+00 5.714000718557475267e+00 5.488258583478372366e+00 5.303740680096959537e+00 5.290059239855198214e+00 5.348993115722286973e+00 5.906366055302042284e+00 5.514656156221729333e+00 5.150509207739475848e+00 5.292292413401432860e+00 5.250388834672938820e+00
7.381081745087056944e-01 5.243441976051276932e+00 5.870258678530385410e+00 5.630622070800940016e+00 5.158896452108154840e+00 5.898492662188564495e+00 5.384054544888026150e+00 5.175603465756974053e+00 5.629457396908862599e+00 5.314602413447985896e+00 5.674931821500867279e+00 5.654044438428482700e+00 5.243478663004353280e+00 5.995805686819784874e+00 5.228089359717873030e+00 5.888834797344053129e+00 5.680389694323300986e+00 5.154719828135710280e+00 5.558946808434086506e+00 5.281370299449548611e+00 5.435655680674490675e+00 5.367913388066482661e+00 5.067656494841918935e+00 5.621671713222217370e+00 5.933150602695559606e+00 5.949710646060786701e+00 5.860826983753717023e+00 5.825448525355587215e+00 5.589747088876144687e+00 5.961098496650475198e+00 5.689785017232846798e+00 5.640093893467036601e+00 5.748942887609278074e+00 5.742698753105469400e+00 5.499949660399691354e+00 5.952163034049915424e+00 5.898754742685852648e+00
9.170186744281645375e-01 5.653548049753684523e+00 5.090675283966092479e+00 5.478632419985246749e+00 5.303686852796775320e+00 5.077101221518748098e+00 5.994370155623565566e+00 5.094918767270954163e+00 5.644378873512890138e+00 5.675038351460134578e+00 5.506029876829196645e+00 5.568530277751674973e+00 5.702271136641554605e+00 5.834028497975912053e+00 5.718354865281114918e+00 5.575001434878616102e+00 5.194534677321053451e+00 5.915753828446753460e+00 6.008901226482794122e+00 5.595968509944217573e+00 5.561374430255445311e+00 5.734883334897299179e+00 5.100314321406131057e+00 5.951460341840542512e+00 5.889431459439493644e+00 5.675709098503576300e+00 5.606135699070928347e+00 5.386301625278762550e+00 5.403134637702808440e+00 6.010089005793812333e+00 5.638341351082456043e+00 5.258010890112207569e+00 5.771023575393539495e+00 6.038382994647223612e+00 5.236881060719029257e+00 6.006834619220384752e+00 5.215522667075583207e+00
2.947760634946412495e-01 5.896264756214155689e+00 5.228732663720635720e+00 5.673787920583700739e+00 5.380256994773202628e+00 5.725048473847118125e+00 5.730222374287123444e+00 5.953564615919752612e+00 5.188042330764374377e+00 5.854036668028663293e+00 5.471677036820052464e+00 5.904523777058160228e+00 5.442577333279737140e+00 5.939498960050191734e+00 5.598057316413574291e+00 5.114488420707839822e+00 5.185537320416777618e+00 5.079090977667575224e+00 5.730609634267411323e+00 5.875312779061219182e+00 6.029262240772569115e+00 5.205810821532755206e+00 5.221260290928143810e+00 5.795290371766921744e+00 5.450391890633513370e+00 5.971497579128010713e+00 5.460496166796424689e+00 5.715046378067348165e+00 5.106266040476998391e+00 5.216275401713678761e+00 5.429908478036188590e+00 5.475287996395744372e+00 5.550665844640666258e+00 5.483841126736306748e+00 5.779073833782248926e+00 5.160734055509782259e+00 5.447120929645123510e+00
9.030891395569634605e-01 5.745497861357879543e+00 5.080595797868001640e+00 5.146180386815263574e+00 5.329313580586521049e+00 5.493017984321685532e+00 5.754613328759615953e+00 5.866184891437280058e+00 5.472737860488495087e+00 5.068761003038086521e+00 5.936338963367331800e+00 5.247552443840072911e+00 6.033827399715452344e+00 5.585649100282318535e+00 5.179279792481594313e+00 5.525833630557335674e+00 5.436211573744274439e+00 5.083717449651374842e+00 6.008193073641432846e+00 5.451031008470221373e+00 5.259648435516719900e+00 5.073312565841026966e+00 5.124550138501221319e+00 5.733402344785677229e+00 5.320548804868800552e+00 5.219269911372139248e+00 5.986347719796218492e+00 5.299847429264358034e+00 5.761720806631319469e+00 5.739988837447303816e+00 5.749816716819023732e+00 5.730473774668016773e+00 5.796562262580916780e+00 5.307755192392824561e+00 5.225253060439192687e+00 5.673915901695679054e+00 5.716692624376443987e+00
8.208599535433696026e-01 5.366704518732424489e+00 5.154539760439457829e+00 5.312808804967413145e+00 5.058621578494244098e+00 5.500775393357323573e+00 5.732196528817621761e+00 5.650754993641342594e+00 5.869579468335468952e+00 5.802917549669272645e+00 5.237628181852214126e+00 5.195906598103742446e+00 5.727007364388620125e+00 5.797085984929074343e+00 5.400044614109474672e+00 5.435504338033473992e+00 5.265600871340586409e+00 5.572069908103427061e+00 5.728606891616617958e+00 5.625842510142121000e+00 5.864712652981672214e+00 6.037019410886323989e+00 5.448771427627716157e+00 5.530888218112536947e+00 5.163435022075331560e+00 5.155751925503374800e+00 5.589382428318315554e+00 5.328330659340010378e+00 5.230181083007087395e+00 5.242422363256931561e+00 5.829467022351623839e+00 5.164799332915944952e+00 5.758011665555993197e+00 5.213435688585356331e+00 5.154050969103902702e+00 5.110321968737402187e+00 5.343931789192602366e+00
8.042577020916141795e-02 5.362861968815180624e+00 5.161065486245449918e+00 5.694505437596942166e+00 5.186015893471778604e+00 5.850763186576098285e+00 5.957317682167036388e+00 5.719414500339087937e+00 5.443288525778288367e+00 5.832161719444109771e+00 5.543600029461842382e+00 5.978335101001007956e+00 5.696043230204499430e+00 5.324688737073597800e+00 5.458489250185328601e+00 5.787486981759039750e+00 5.538308980050747898e+00 5.915953283677032992e+00 5.615612202381635498e+00 5.175217693755539194e+00 5.435775880337719634e+00 5.068732409200334743e+00 5.846511168778872225e+00 5.433635838405032281e+00 5.489098642240133330e+00 5.800366956110236671e+00 5.188309053115810698e+00 5.294802504628935758e+00 5.450863927611126591e+00 5.501565116472411532e+00 6.013275671685819113e+00 5.463196320513218573e+00 5.244961965364971945e+00 5.851588952414000566e+00 5.191829082208283985e+00 5.711075166574984152e+00 5.446425022477648703e+00
1.392665004739812584e-01 5.812794061214605179e+00 5.406460983083721139e+00 5.708848133663006585e+00 5.985821735475344241e+00 5.533044350380158072e+00 5.464235319124664869e+00 5.077526513589074142e+00 5.802749407890660294e+00 5.352526512050281404e+00 5.585700934431526044e+00 5.346457949297887424e+00 5.833027433132091488e+00 5.756999071113276578e+00 6.028905951681113429e+00 5.373007044001478327e+00 5.475595325269212665e+00 5.867461032224245976e+00 5.257711200289870490e+00 5.151393673390385786e+00 5.760149329461367707e+00 5.946734850078429169e+00 5.599399997321094169e+00 5.256323714293102967e+00 5.629596221922206212e+00 5.445420522227386151e+00 5.183806551801133367e+00 5.583184273317329804e+00 5.115069556572583664e+00 5.923070857631112851e+00 5.504393229787193142e+00 5.295811532701486080e+00 5.899212760368555131e+00 5.243659719463590996e+00 5.852418979399320875e+00 5.882683083662535672e+00 5.119391528016390858e+00
