output_new_topo_ddd_2/topo_0_yrs_topographic__steepest_slope.asc
ncols 300
nrows 100
xllcorner 0.0
yllcorner 0.0
cellsize 10.0
[rows 68 to 84 of 100, columns 111 to 147 of 300]
7.040687528890340885e-02 2.850927767867055679e-02 4.541328950306242757e-02 0.000000000000000000e+00 2.914379307070369407e-02 7.200894289007182814e-02 3.497322854534381381e-02 3.357906231239118217e-02 1.866583276967022018e-02 7.442260012167789540e-02 7.084868530941497433e-02 6.326863002196540797e-02 1.801907819624988180e-02 3.672141750411675367e-03 5.707856594358950986e-02 0.000000000000000000e+00 3.443709067269713764e-02 5.391421536505989348e-02 0.000000000000000000e+00 6.078927220185859071e-02 3.817560787954192569e-02 0.000000000000000000e+00 8.387652792489638798e-03 1.346456136804468143e-02 4.651331560355513595e-02 0.000000000000000000e+00 7.236615141530640394e-02 7.982578239523538399e-02 1.272074209863897909e-02 4.554315172921503951e-02 4.579822218807223094e-02 5.059895110663879120e-02 1.493141296609393730e-02 3.197871815242692151e-02 1.954406054424619871e-02 2.880762555647082765e-02 0.000000000000000000e+00
0.000000000000000000e+00 7.362661246929232128e-02 1.312536220753554063e-02 2.658965641812720618e-02 1.328144952992370287e-02 0.000000000000000000e+00 5.301138528724465282e-02 2.509625367633905313e-02 4.482343075732551224e-02 0.000000000000000000e+00 6.081184065586038578e-02 2.096769013099741841e-02 0.000000000000000000e+00 3.492909736764317902e-02 0.000000000000000000e+00 0.000000000000000000e+00 6.121197114063928538e-03 6.240199881129271375e-02 4.319473377109463857e-02 2.541949896819239996e-02 0.000000000000000000e+00 0.000000000000000000e+00 3.866284767873082867e-02 0.000000000000000000e+00 6.621958328495614055e-02 0.000000000000000000e+00 0.000000000000000000e+00 0.000000000000000000e+00 3.418040876767225456e-02 5.065483223703559981e-03 6.204586388961530474e-02 2.078569410618982122e-02 9.084528721239947674e-03 8.492089949017209149e-02 7.158279238989528892e-02 5.523546536157981912e-02 3.659714746479476866e-02
5.649111691144357433e-02 5.297973662250132776e-02 1.812880084887673673e-02 2.797567923723977973e-02 4.134293410956866449e-02 0.000000000000000000e+00 3.997690123441399734e-02 4.204526295477402364e-02 2.869877791701856348e-02 0.000000000000000000e+00 1.230612815262481854e-02 1.511504196635229426e-02 3.995390018068487731e-02 0.000000000000000000e+00 0.000000000000000000e+00 6.944780829618961426e-02 1.527382769882850225e-02 8.724707811376283817e-03 5.405560946862415783e-02 2.605121742800164952e-02 8.198504940215572620e-03 3.441873812511601904e-02 0.000000000000000000e+00 7.097708421008240738e-03 5.056037156041108538e-02 1.967879621397736895e-02 1.817939727699382363e-02 3.278671647821269908e-02 5.055716902524478445e-02 7.942026779560054650e-02 0.000000000000000000e+00 3.587563808527436532e-02 7.627422999607276488e-02 0.000000000000000000e+00 7.392012595861086055e-03 9.210066904971014184e-03 6.024529671553917332e-02
0.000000000000000000e+00 1.937417935518661455e-02 2.083071280972097553e-02 5.496166962476998347e-02 3.394496396796968518e-02 1.891790547715439461e-02 4.640889883227759111e-02 0.000000000000000000e+00 5.299205291719095989e-02 2.914870984348896105e-02 6.998656339085221334e-02 0.000000000000000000e+00 6.252473954097173547e-02 1.861731002734743137e-03 7.766907188515244365e-02 5.020370318380971281e-02 3.855214534224318118e-02 0.000000000000000000e+00 0.000000000000000000e+00 4.479107224652807695e-02 1.620438340325039417e-02 3.904243992342575076e-02 0.000000000000000000e+00 5.753196909283495725e-02 6.292641028898327167e-03 0.000000000000000000e+00 3.995375664634544244e-02 2.376595385217011511e-02 2.701512235491838540e-02 0.000000000000000000e+00 4.826521518052526855e-02 1.885424726017728009e-02 0.000000000000000000e+00 4.860451555973401699e-02 8.839981212857379866e-02 3.147489514136649763e-02 1.961997816505487574e-02
0.000000000000000000e+00 2.392130115266510870e-03 3.658967040509804314e-02 6.660182878773582282e-03 1.819815275232077381e-02 0.000000000000000000e+00 2.193398425037420413e-02 2.195451364885743148e-02 4.348272204592999735e-02 4.656110476048862246e-02 6.393719709858173943e-03 4.721955311342016653e-02 3.953220121116469976e-02 0.000000000000000000e+00 5.790488473352208704e-02 0.000000000000000000e+00 4.371702841509028659e-02 4.247281302808429693e-02 0.000000000000000000e+00 6.970384299685669117e-03 7.896264618510606681e-02 0.000000000000000000e+00 3.542458201601465795e-02 3.962906917961284137e-02 6.119586103637626728e-02 7.407314053863700738e-03 0.000000000000000000e+00 1.952844183865707489e-02 5.097935316610137466e-04 6.710485143946547104e-02 2.515804093592892768e-02 0.000000000000000000e+00 5.080097475966924986e-02 2.974700798335432744e-02 0.000000000000000000e+00 1.758091771406160644e-02 6.077739002256121736e-02
7.207439419127074920e-02 2.970004341165939296e-02 4.429375605488910031e-03 0.000000000000000000e+00 1.761075856415610444e-02 5.052226781750625978e-02 6.117923413812480227e-02 7.721640686957095823e-02 4.885033312114624160e-02 5.546506183901689369e-02 1.636322580771638543e-02 3.089589275811199798e-02 7.711092011909528865e-02 6.185530711673159487e-03 1.002244288031859873e-02 3.639834994200778773e-02 6.503502729640749103e-02 1.113071930797055950e-02 6.368377460380809929e-02 5.162042889189679545e-02 2.792075325157563487e-02 3.768629273792942908e-02 5.806031500204334242e-03 2.439978230999955214e-02 1.799225579087990884e-02 5.460095469024466019e-02 5.467152770133951872e-02 1.772795651840670603e-02 3.634999928807145647e-02 2.398295422697582779e-02 0.000000000000000000e+00 1.197211445375003826e-02 3.415017199019319133e-02 2.857522148507456519e-02 7.067462560439175152e-03 2.427131046027719563e-02 6.453409026344809896e-02
1.251682210026343681e-02 1.958860841509970502e-02 3.970441870652470506e-02 0.000000000000000000e+00 8.220426080092613219e-02 0.000000000000000000e+00 3.679372724105682557e-02 0.000000000000000000e+00 0.000000000000000000e+00 4.426252458982284782e-02 1.034973710586672979e-02 4.461357631649729566e-02 2.738720404138365871e-02 2.489873968767888218e-02 5.219554515674760392e-02 2.835874841444290667e-02 5.240300888194538570e-02 7.587784218813516113e-02 7.135238113915783054e-02 0.000000000000000000e+00 6.076603503968218412e-02 0.000000000000000000e+00 6.124702283772887057e-02 3.205160787259741378e-02 7.268170850255897819e-02 6.438902498283818887e-02 6.783929890364692739e-03 5.578144141965779785e-04 0.000000000000000000e+00 1.256930100074945753e-02 2.514575263914480344e-02 4.295231933015663910e-03 5.689618777715983733e-02 4.435654460748903599e-02 2.732339683296796176e-02 3.802235536425593171e-02 4.390039301877068922e-02
2.915641427190750548e-02 6.882302746596273557e-02 4.489704074033822045e-02 7.300442460969361336e-02 4.954281460833529632e-02 2.605263077593331783e-02 7.428468836535832842e-02 2.746334781253336604e-02 8.253493529113158436e-03 0.000000000000000000e+00 5.145991931104187955e-02 1.028040229722954058e-02 7.923896627773566181e-02 0.000000000000000000e+00 3.918573223199573255e-03 5.464575829771352311e-02 2.978670215592815751e-02 3.546487914937681424e-02 3.720948892384016993e-02 1.866323914815266535e-02 6.062249226221984311e-03 0.000000000000000000e+00 4.993497197859282644e-02 5.834199234375150173e-02 0.000000000000000000e+00 5.197931118899976749e-02 6.130041746653706880e-03 4.858218414819592823e-02 0.000000000000000000e+00 3.958352871419048430e-02 8.799118540488973239e-02 6.712934373927391049e-03 7.375864351503240435e-02 3.442198100774124941e-02 2.932734232964833224e-02 0.000000000000000000e+00 0.000000000000000000e+00
6.298691656793700688e-02 0.000000000000000000e+00 6.181677212197822686e-03 3.689146786415644502e-02 2.856934867925534083e-02 7.569691038553427731e-02 0.000000000000000000e+00 0.000000000000000000e+00 5.290018359622328248e-02 5.942686567898327471e-02 2.690637962554109919e-02 8.945179305886022392e-02 4.187314904616066397e-02 2.521732229596285180e-02 3.440607732908151743e-03 6.467612513425838316e-02 2.024524085897144721e-02 6.684466138259104184e-02 0.000000000000000000e+00 2.343581549750339832e-02 5.717549061706508201e-02 0.000000000000000000e+00 4.093881349178509627e-02 3.027836797840866012e-02 3.800374100114813775e-02 0.000000000000000000e+00 1.430178765670824317e-02 6.641640793561132128e-02 0.000000000000000000e+00 8.499050390756082707e-02 5.609469655815609024e-02 8.762165866972262962e-02 0.000000000000000000e+00 6.567246424208983413e-02 1.856963017505143532e-02 4.503074070406824780e-02 9.393473512418885896e-02
1.202639095223331268e-02 4.533492015274598330e-02 1.704667823110048164e-02 4.538961678192521276e-02 5.246728730125536228e-02 1.264303701984665837e-02 3.035588458371478882e-03 4.350506478750624378e-02 8.515377804320449842e-03 5.968595164736756331e-02 0.000000000000000000e+00 0.000000000000000000e+00 8.453444704305841662e-02 0.000000000000000000e+00 0.000000000000000000e+00 3.332589868555917156e-02 4.025992939481010113e-02 3.362892778967990076e-02 6.427186315238397896e-02 0.000000000000000000e+00 5.354490252112471815e-02 1.014663018967643451e-02 6.554323105194663490e-02 7.578293202638022863e-02 0.000000000000000000e+00 1.765316911354002441e-02 7.393523553753658661e-02 1.119654147452480569e-02 5.658067029149345395e-02 6.132405421161193221e-02 4.177020707774321828e-02 3.078209483910194708e-02 4.380740037822468402e-02 0.000000000000000000e+00 4.187765698465453074e-02 4.840985522578193645e-02 2.033172731786104040e-02
4.467715667415043945e-02 6.979431090178919717e-02 4.712850368991254590e-02 7.607021206799249868e-02 0.000000000000000000e+00 5.412347477332417334e-02 0.000000000000000000e+00 3.614190549282145920e-02 5.577701673486448047e-02 2.043425304488079991e-02 4.063759182214212590e-02 0.000000000000000000e+00 7.553397953463961145e-02 4.540296899324171992e-02 6.049544272951612456e-02 0.000000000000000000e+00 4.928028894035803298e-02 2.885446147536965822e-02 7.454534243186916598e-02 0.000000000000000000e+00 1.365277938361743326e-02 2.700988048649834855e-02 1.836106503008609961e-02 2.767323698937359730e-03 8.901841794670559138e-02 7.585936703970066856e-03 6.631454069103019655e-02 3.296164476190517612e-02 7.352860935946559096e-02 1.759349390973668006e-02 0.000000000000000000e+00 3.186951709823269280e-02 4.495014323626332631e-03 0.000000000000000000e+00 7.361129451140416280e-02 0.000000000000000000e+00 5.182377088728360587e-02
5.875238231283770596e-02 0.000000000000000000e+00 1.864969773503659736e-02 4.045279483658417025e-02 6.991922649060225425e-02 3.847459745777879331e-02 1.442479626637140945e-02 2.156762064783279698e-02 7.268027819388311883e-02 0.000000000000000000e+00 7.000271222758999712e-02 2.086342027868912791e-02 5.241994628190127514e-02 4.555989375837388167e-02 8.977104442123610972e-02 0.000000000000000000e+00 0.000000000000000000e+00 5.845102634367718014e-02 7.741957184364922639e-02 5.613835733120655508e-02 1.029127003322738475e-03 0.000000000000000000e+00 6.059057177234141930e-03 8.086115314276183519e-02 2.332582228029314760e-03 4.871539187101179419e-02 6.194716668695408185e-02 5.103052516105596043e-03 4.210047638958904631e-02 6.732177969437777576e-02 5.041943223435305793e-02 0.000000000000000000e+00 3.058968836237463407e-02 8.860841987416501198e-02 2.665789600666714637e-02 0.000000000000000000e+00 5.960147018302022065e-02
4.341924152701466533e-02 4.496438938976661526e-02 0.000000000000000000e+00 0.000000000000000000e+00 5.673601815570093049e-02 0.000000000000000000e+00 4.117624885378523558e-02 5.077902530385944996e-02 2.552470479814718946e-02 1.651835648623437664e-03 3.873388085700515265e-02 2.829426330103466253e-02 3.145655887169400422e-02 6.220463320662021622e-02 1.832551953921175356e-02 1.130969636911648347e-04 4.713961827175881109e-02 2.229123986573480071e-02 1.689755356547460036e-02 0.000000000000000000e+00 0.000000000000000000e+00 7.951372173217637063e-02 2.632050427381100663e-02 3.910970574240195397e-02 3.535920598651651897e-02 5.352799557215757315e-02 0.000000000000000000e+00 5.246767814833734611e-02 0.000000000000000000e+00 1.273463310037845596e-02 2.421973462112809658e-02 2.220875589340387535e-02 1.519339412413760540e-02 0.000000000000000000e+00 4.709538226586458542e-02 2.322509882811930187e-02 6.787069063124544221e-02
2.276190764583940762e-02 3.351671943040237384e-02 1.472450554294679748e-02 4.158600449835905127e-02 1.778032580619597069e-02 2.567491454405770174e-02 6.012910730147211918e-02 5.178078162142814300e-02 1.786394219552649501e-02 1.637973896917808286e-02 0.000000000000000000e+00 0.000000000000000000e+00 1.975965027303621183e-02 0.000000000000000000e+00 6.696886254936025573e-02 0.000000000000000000e+00 5.473891381360882630e-02 1.608875171835100204e-02 4.886935044177631582e-02 4.491721370326225149e-04 6.116229676861743847e-02 7.761700644342819401e-03 5.901334459140165911e-02 0.000000000000000000e+00 7.496293089924259412e-02 6.739246372438079677e-04 4.000001707375488991e-02 5.187945420516965446e-04 2.569587120502108205e-02 1.638081449135144613e-02 4.708583351340598494e-02 7.379649913945301879e-04 6.172950087621957571e-02 5.992542843259025809e-02 0.000000000000000000e+00 8.587117366343263725e-02 0.000000000000000000e+00
0.000000000000000000e+00 3.298519323040229739e-02 0.000000000000000000e+00 0.000000000000000000e+00 4.829582600643069629e-02 0.000000000000000000e+00 0.000000000000000000e+00 5.375214534512373285e-03 1.029595050278277364e-02 5.828047167659642508e-02 3.618929163672897353e-02 0.000000000000000000e+00 3.021673450015995716e-02 0.000000000000000000e+00 2.520415176019742340e-02 6.888498583849766554e-04 5.145494967502797085e-02 6.056939137508043913e-02 0.000000000000000000e+00 1.351471282859337784e-02 3.174929972015663043e-02 3.206393618832557163e-02 3.879757927514031202e-02 2.058081276989218861e-02 3.288856635425761038e-02 2.866316266384476633e-02 5.177235543470928153e-02 4.159600738762083555e-02 7.551803789429234470e-02 0.000000000000000000e+00 8.390372354462227733e-02 6.902185956751463736e-02 1.721772602478930519e-02 0.000000000000000000e+00 2.476003123074184062e-02 4.604139389816598593e-02 5.850047461960574541e-02
1.286668017155259171e-02 2.788972173727621851e-02 2.943449831176003784e-03 7.251949278263750132e-02 2.019618586899056892e-02 6.274195379199429268e-02 6.081522847828253753e-02 3.061754290328417769e-02 0.000000000000000000e+00 1.938627498087273221e-02 5.867297652726133350e-02 2.448277822303914636e-02 4.861231563086265695e-02 2.502009532083944096e-02 2.444560116244520655e-03 3.189154968625373954e-03 5.563876370820342032e-02 9.247098934544624449e-02 0.000000000000000000e+00 4.362252953887546525e-02 8.437325524581718028e-02 3.242382407291097973e-02 0.000000000000000000e+00 2.823032659535833558e-02 3.829345035891247584e-02 6.035226697271332125e-02 5.871272039994677311e-02 0.000000000000000000e+00 5.359514516806482970e-02 2.566597744153575889e-03 5.265151322650529764e-02 7.034596028792261535e-02 3.804655335813977857e-02 2.816778782034799061e-02 1.834609118840443281e-02 1.050502645231743415e-02 2.864028549251847189e-02
0.000000000000000000e+00 7.054263219577983253e-03 1.415178066339892703e-02 0.000000000000000000e+00 0.000000000000000000e+00 2.154434010093058110e-03 3.644839538069897383e-02 0.000000000000000000e+00 6.024918648894530410e-02 0.000000000000000000e+00 2.418305171587959920e-02 4.551754259251730023e-02 2.829463015357075797e-02 3.724915387311060477e-02 1.507649456050033816e-02 4.035215391975741778e-02 1.822241855804418442e-02 7.311095705107950593e-02 1.689135389189298092e-02 6.865620781276131346e-02 0.000000000000000000e+00 3.611747705233723377e-02 4.278714878006537742e-02 5.247116474599513442e-02 1.281482258287995959e-02 1.026075592332232819e-02 8.314690758386529545e-02 9.289563897689400926e-03 1.862316779802399014e-02 1.028099450391941651e-02 1.114212029717044812e-02 0.000000000000000000e+00 2.662774468536977142e-03 5.973252528605339784e-02 2.308820526011076332e-02 3.749333256037904599e-02 2.181539591313734830e-02
