output_new_topo_ddd_2/topo_0_yrs_flow__link_to_receiver_node.asc
ncols 300
nrows 100
xllcorner 0.0
yllcorner 0.0
cellsize 10.0
[rows 17 to 33 of 100, columns 222 to 258 of 300]
4.934000000000000000e+04 4.964000000000000000e+04 4.964100000000000000e+04 1.090850000000000000e+05 4.934300000000000000e+04 4.934400000000000000e+04 4.934500000000000000e+04 1.090930000000000000e+05 4.934700000000000000e+04 4.934800000000000000e+04 4.935000000000000000e+04 4.935100000000000000e+04 1.085070000000000000e+05 4.935300000000000000e+04 4.935400000000000000e+04 4.935500000000000000e+04 1.085150000000000000e+05 4.905700000000000000e+04 4.935700000000000000e+04 4.965800000000000000e+04 1.091190000000000000e+05 4.936000000000000000e+04 4.936100000000000000e+04 4.936200000000000000e+04 4.966300000000000000e+04 4.936500000000000000e+04 4.906600000000000000e+04 4.936600000000000000e+04 4.966700000000000000e+04 4.906900000000000000e+04 1.085400000000000000e+05 4.937000000000000000e+04 4.937100000000000000e+04 1.085460000000000000e+05 4.907400000000000000e+04 1.085500000000000000e+05 4.937600000000000000e+04
1.084820000000000000e+05 4.904100000000000000e+04 4.874300000000000000e+04 4.904300000000000000e+04 4.904400000000000000e+04 1.084910000000000000e+05 4.874600000000000000e+04 4.874700000000000000e+04 1.084970000000000000e+05 4.874900000000000000e+04 4.875000000000000000e+04 1.085040000000000000e+05 4.875300000000000000e+04 4.875400000000000000e+04 4.875500000000000000e+04 4.875600000000000000e+04 4.875700000000000000e+04 1.079190000000000000e+05 4.845900000000000000e+04 4.846000000000000000e+04 4.906000000000000000e+04 4.846200000000000000e+04 4.846300000000000000e+04 4.846400000000000000e+04 4.846500000000000000e+04 4.846600000000000000e+04 4.846700000000000000e+04 4.846800000000000000e+04 4.876900000000000000e+04 4.847000000000000000e+04 4.877000000000000000e+04 1.085430000000000000e+05 4.877200000000000000e+04 4.877300000000000000e+04 4.847500000000000000e+04 1.079520000000000000e+05 4.877700000000000000e+04
4.844100000000000000e+04 1.078850000000000000e+05 4.814400000000000000e+04 4.844400000000000000e+04 4.814500000000000000e+04 4.844600000000000000e+04 4.844700000000000000e+04 1.078970000000000000e+05 4.814900000000000000e+04 4.845000000000000000e+04 4.785200000000000000e+04 4.815300000000000000e+04 1.079080000000000000e+05 4.815500000000000000e+04 1.079120000000000000e+05 4.845600000000000000e+04 4.845700000000000000e+04 4.815900000000000000e+04 4.816000000000000000e+04 1.073250000000000000e+05 4.786200000000000000e+04 4.786300000000000000e+04 1.073280000000000000e+05 4.816500000000000000e+04 4.816600000000000000e+04 1.073370000000000000e+05 4.786800000000000000e+04 1.073380000000000000e+05 4.787000000000000000e+04 1.073420000000000000e+05 4.817100000000000000e+04 4.847200000000000000e+04 1.079470000000000000e+05 4.817400000000000000e+04 1.073520000000000000e+05 4.817600000000000000e+04 1.079560000000000000e+05
4.784200000000000000e+04 4.784300000000000000e+04 1.072900000000000000e+05 4.784500000000000000e+04 4.754600000000000000e+04 4.754800000000000000e+04 1.072980000000000000e+05 4.784900000000000000e+04 4.755000000000000000e+04 4.755200000000000000e+04 1.067090000000000000e+05 4.755400000000000000e+04 4.785400000000000000e+04 4.755600000000000000e+04 4.785600000000000000e+04 4.755700000000000000e+04 4.755800000000000000e+04 4.756000000000000000e+04 4.786000000000000000e+04 4.756200000000000000e+04 1.067290000000000000e+05 4.726400000000000000e+04 4.756400000000000000e+04 4.756600000000000000e+04 1.073340000000000000e+05 4.756800000000000000e+04 1.067410000000000000e+05 4.727000000000000000e+04 1.067420000000000000e+05 4.757100000000000000e+04 4.727300000000000000e+04 4.787300000000000000e+04 4.787400000000000000e+04 1.073510000000000000e+05 4.757600000000000000e+04 4.757700000000000000e+04 4.727900000000000000e+04
4.724300000000000000e+04 1.066900000000000000e+05 4.724500000000000000e+04 4.724600000000000000e+04 4.694800000000000000e+04 1.066980000000000000e+05 4.724900000000000000e+04 4.725000000000000000e+04 4.695100000000000000e+04 4.665300000000000000e+04 4.695400000000000000e+04 4.695500000000000000e+04 4.695600000000000000e+04 1.067140000000000000e+05 4.725700000000000000e+04 1.061210000000000000e+05 4.666000000000000000e+04 4.666100000000000000e+04 4.666200000000000000e+04 4.696300000000000000e+04 4.666400000000000000e+04 1.061300000000000000e+05 4.696600000000000000e+04 1.067340000000000000e+05 4.726700000000000000e+04 4.696800000000000000e+04 4.667000000000000000e+04 1.061420000000000000e+05 4.697100000000000000e+04 4.697300000000000000e+04 1.061510000000000000e+05 4.667500000000000000e+04 4.667600000000000000e+04 4.727600000000000000e+04 1.067550000000000000e+05 4.697800000000000000e+04 4.668000000000000000e+04
4.634500000000000000e+04 4.664500000000000000e+04 1.060930000000000000e+05 4.634700000000000000e+04 1.060980000000000000e+05 4.664900000000000000e+04 4.605100000000000000e+04 4.665100000000000000e+04 1.061050000000000000e+05 4.635300000000000000e+04 4.635400000000000000e+04 4.635600000000000000e+04 1.061140000000000000e+05 4.665700000000000000e+04 1.061170000000000000e+05 4.636000000000000000e+04 4.606100000000000000e+04 4.606200000000000000e+04 1.055260000000000000e+05 4.636400000000000000e+04 1.055330000000000000e+05 4.606600000000000000e+04 4.636700000000000000e+04 4.666700000000000000e+04 4.666800000000000000e+04 4.637000000000000000e+04 4.607100000000000000e+04 4.607200000000000000e+04 4.667200000000000000e+04 4.607400000000000000e+04 4.637500000000000000e+04 4.637600000000000000e+04 4.637700000000000000e+04 1.061560000000000000e+05 4.667800000000000000e+04 1.061590000000000000e+05 4.638000000000000000e+04
4.574500000000000000e+04 4.544700000000000000e+04 4.544800000000000000e+04 4.574900000000000000e+04 4.604900000000000000e+04 1.055010000000000000e+05 4.575100000000000000e+04 4.575200000000000000e+04 4.605300000000000000e+04 4.605400000000000000e+04 1.055110000000000000e+05 1.055140000000000000e+05 4.605700000000000000e+04 1.055180000000000000e+05 4.605900000000000000e+04 4.546100000000000000e+04 4.546200000000000000e+04 1.049260000000000000e+05 4.576300000000000000e+04 1.055300000000000000e+05 4.576600000000000000e+04 4.576700000000000000e+04 1.055360000000000000e+05 4.606800000000000000e+04 1.049430000000000000e+05 4.547100000000000000e+04 4.547200000000000000e+04 4.547300000000000000e+04 4.547400000000000000e+04 4.547500000000000000e+04 4.577600000000000000e+04 4.577700000000000000e+04 1.055560000000000000e+05 4.607800000000000000e+04 4.578000000000000000e+04 4.608000000000000000e+04 4.608100000000000000e+04
4.514600000000000000e+04 1.042960000000000000e+05 4.514800000000000000e+04 4.514900000000000000e+04 4.545000000000000000e+04 4.545100000000000000e+04 4.545200000000000000e+04 4.485400000000000000e+04 1.043100000000000000e+05 4.485600000000000000e+04 4.485700000000000000e+04 4.485800000000000000e+04 1.043180000000000000e+05 4.486000000000000000e+04 4.516100000000000000e+04 4.486200000000000000e+04 1.043260000000000000e+05 4.516300000000000000e+04 1.049290000000000000e+05 4.546500000000000000e+04 4.516700000000000000e+04 1.049360000000000000e+05 4.546800000000000000e+04 1.049390000000000000e+05 4.517100000000000000e+04 4.517200000000000000e+04 1.043490000000000000e+05 4.487400000000000000e+04 1.043500000000000000e+05 4.517500000000000000e+04 4.517600000000000000e+04 4.547700000000000000e+04 4.547800000000000000e+04 4.518000000000000000e+04 1.049620000000000000e+05 4.548100000000000000e+04 4.518300000000000000e+04
1.042950000000000000e+05 4.454800000000000000e+04 4.454900000000000000e+04 4.455000000000000000e+04 4.485100000000000000e+04 4.455300000000000000e+04 4.455400000000000000e+04 1.037130000000000000e+05 4.425600000000000000e+04 1.037140000000000000e+05 4.425800000000000000e+04 1.037180000000000000e+05 4.455900000000000000e+04 1.037220000000000000e+05 4.456200000000000000e+04 1.037290000000000000e+05 4.426400000000000000e+04 4.456400000000000000e+04 4.456600000000000000e+04 1.043340000000000000e+05 1.043360000000000000e+05 4.486800000000000000e+04 4.486900000000000000e+04 4.487000000000000000e+04 4.427200000000000000e+04 4.457300000000000000e+04 4.457400000000000000e+04 1.037530000000000000e+05 4.427600000000000000e+04 4.427700000000000000e+04 4.427800000000000000e+04 1.037580000000000000e+05 4.487900000000000000e+04 1.043620000000000000e+05 4.488100000000000000e+04 4.488200000000000000e+04 4.458400000000000000e+04
4.424800000000000000e+04 4.424900000000000000e+04 4.425000000000000000e+04 1.037030000000000000e+05 1.031090000000000000e+05 4.365400000000000000e+04 4.365500000000000000e+04 4.395600000000000000e+04 1.031170000000000000e+05 4.365800000000000000e+04 1.031180000000000000e+05 4.395900000000000000e+04 4.396000000000000000e+04 4.396100000000000000e+04 1.037260000000000000e+05 4.396400000000000000e+04 4.366500000000000000e+04 4.396500000000000000e+04 1.037340000000000000e+05 4.426700000000000000e+04 1.031410000000000000e+05 4.397000000000000000e+04 4.427000000000000000e+04 1.037430000000000000e+05 4.397200000000000000e+04 4.397300000000000000e+04 4.427400000000000000e+04 4.397600000000000000e+04 4.397700000000000000e+04 1.031590000000000000e+05 4.367900000000000000e+04 4.397900000000000000e+04 4.428000000000000000e+04 1.037630000000000000e+05 1.031690000000000000e+05 4.368400000000000000e+04 4.398500000000000000e+04
4.305000000000000000e+04 1.025020000000000000e+05 4.335100000000000000e+04 4.335200000000000000e+04 4.305400000000000000e+04 1.025100000000000000e+05 4.335500000000000000e+04 4.335600000000000000e+04 4.305800000000000000e+04 1.025180000000000000e+05 4.335900000000000000e+04 4.336000000000000000e+04 1.031230000000000000e+05 4.336200000000000000e+04 4.336300000000000000e+04 4.336500000000000000e+04 1.025350000000000000e+05 4.306700000000000000e+04 1.025360000000000000e+05 1.025410000000000000e+05 4.307000000000000000e+04 1.031420000000000000e+05 4.367100000000000000e+04 4.367200000000000000e+04 4.367300000000000000e+04 4.337500000000000000e+04 4.337600000000000000e+04 1.031540000000000000e+05 4.337800000000000000e+04 4.337900000000000000e+04 1.025630000000000000e+05 4.308100000000000000e+04 4.308200000000000000e+04 1.025660000000000000e+05 4.338400000000000000e+04 4.338500000000000000e+04 4.338600000000000000e+04
4.275000000000000000e+04 4.275100000000000000e+04 4.275200000000000000e+04 4.275300000000000000e+04 1.019130000000000000e+05 4.245600000000000000e+04 4.305600000000000000e+04 1.025150000000000000e+05 4.275800000000000000e+04 4.275900000000000000e+04 4.306000000000000000e+04 1.025230000000000000e+05 4.276200000000000000e+04 4.276300000000000000e+04 1.019330000000000000e+05 4.246600000000000000e+04 4.276700000000000000e+04 4.246800000000000000e+04 4.276800000000000000e+04 1.019400000000000000e+05 1.019420000000000000e+05 4.277100000000000000e+04 1.019490000000000000e+05 4.277400000000000000e+04 4.307400000000000000e+04 4.277600000000000000e+04 1.025540000000000000e+05 4.307700000000000000e+04 4.277900000000000000e+04 4.307900000000000000e+04 4.278100000000000000e+04 1.019670000000000000e+05 4.248300000000000000e+04 4.278300000000000000e+04 4.248500000000000000e+04 4.278600000000000000e+04 1.025740000000000000e+05
4.245100000000000000e+04 4.245200000000000000e+04 4.245300000000000000e+04 4.215500000000000000e+04 4.185600000000000000e+04 1.013140000000000000e+05 4.215700000000000000e+04 4.185900000000000000e+04 4.245900000000000000e+04 1.019210000000000000e+05 4.216100000000000000e+04 4.216200000000000000e+04 4.216300000000000000e+04 4.246400000000000000e+04 4.216600000000000000e+04 4.186700000000000000e+04 4.216700000000000000e+04 1.013380000000000000e+05 4.216900000000000000e+04 4.217000000000000000e+04 4.217100000000000000e+04 4.217200000000000000e+04 4.217400000000000000e+04 1.019500000000000000e+05 4.247500000000000000e+04 1.019540000000000000e+05 4.247700000000000000e+04 1.019570000000000000e+05 4.217900000000000000e+04 4.248000000000000000e+04 1.019640000000000000e+05 4.218300000000000000e+04 1.013710000000000000e+05 4.218500000000000000e+04 4.218600000000000000e+04 1.019740000000000000e+05 4.218800000000000000e+04
4.125300000000000000e+04 4.125400000000000000e+04 1.007100000000000000e+05 4.155500000000000000e+04 4.125700000000000000e+04 4.155700000000000000e+04 1.007180000000000000e+05 4.155900000000000000e+04 4.156000000000000000e+04 4.186100000000000000e+04 4.186200000000000000e+04 1.013270000000000000e+05 4.156400000000000000e+04 4.156500000000000000e+04 4.126700000000000000e+04 1.007360000000000000e+05 4.156800000000000000e+04 4.156900000000000000e+04 4.127100000000000000e+04 4.157100000000000000e+04 4.127300000000000000e+04 4.187300000000000000e+04 1.007530000000000000e+05 4.127600000000000000e+04 4.157700000000000000e+04 4.157800000000000000e+04 1.013580000000000000e+05 4.187900000000000000e+04 1.013610000000000000e+05 4.158100000000000000e+04 4.158200000000000000e+04 4.158400000000000000e+04 4.158500000000000000e+04 4.158600000000000000e+04 1.013740000000000000e+05 4.158800000000000000e+04 1.013780000000000000e+05
4.065400000000000000e+04 1.001100000000000000e+05 4.095500000000000000e+04 4.065700000000000000e+04 1.001160000000000000e+05 4.095800000000000000e+04 4.095900000000000000e+04 1.007210000000000000e+05 4.096100000000000000e+04 4.096300000000000000e+04 4.126300000000000000e+04 4.126400000000000000e+04 4.126500000000000000e+04 4.096700000000000000e+04 1.001390000000000000e+05 4.066900000000000000e+04 4.067000000000000000e+04 4.067100000000000000e+04 1.001440000000000000e+05 4.097200000000000000e+04 4.097300000000000000e+04 4.097400000000000000e+04 4.067600000000000000e+04 1.001540000000000000e+05 4.097700000000000000e+04 4.127800000000000000e+04 4.068000000000000000e+04 4.128000000000000000e+04 4.128100000000000000e+04 4.128200000000000000e+04 4.128300000000000000e+04 4.068500000000000000e+04 4.128500000000000000e+04 4.098700000000000000e+04 4.128700000000000000e+04 4.098900000000000000e+04 4.099000000000000000e+04
4.005500000000000000e+04 4.035500000000000000e+04 9.951400000000000000e+04 4.035700000000000000e+04 4.035800000000000000e+04 4.065900000000000000e+04 4.036100000000000000e+04 4.066100000000000000e+04 1.001250000000000000e+05 4.036300000000000000e+04 4.066400000000000000e+04 4.036500000000000000e+04 4.006700000000000000e+04 9.953900000000000000e+04 4.006900000000000000e+04 9.954000000000000000e+04 4.037000000000000000e+04 4.037100000000000000e+04 4.037200000000000000e+04 4.007400000000000000e+04 4.007500000000000000e+04 4.037600000000000000e+04 9.955700000000000000e+04 4.007800000000000000e+04 9.955800000000000000e+04 4.038000000000000000e+04 9.956500000000000000e+04 4.008200000000000000e+04 9.956600000000000000e+04 9.957100000000000000e+04 4.038500000000000000e+04 4.038600000000000000e+04 4.038700000000000000e+04 1.001760000000000000e+05 4.068800000000000000e+04 1.001800000000000000e+05 4.039100000000000000e+04
9.891200000000000000e+04 3.975600000000000000e+04 3.975700000000000000e+04 3.975800000000000000e+04 9.951900000000000000e+04 3.976000000000000000e+04 9.952400000000000000e+04 4.006200000000000000e+04 4.006300000000000000e+04 9.952900000000000000e+04 4.006500000000000000e+04 3.976700000000000000e+04 3.946800000000000000e+04 3.976900000000000000e+04 3.947000000000000000e+04 3.977000000000000000e+04 9.954300000000000000e+04 3.977200000000000000e+04 9.954700000000000000e+04 3.977400000000000000e+04 9.895200000000000000e+04 9.895700000000000000e+04 3.947800000000000000e+04 9.895800000000000000e+04 3.977900000000000000e+04 3.978100000000000000e+04 3.978200000000000000e+04 9.896900000000000000e+04 3.948400000000000000e+04 3.978500000000000000e+04 9.957200000000000000e+04 4.008600000000000000e+04 4.008700000000000000e+04 4.008800000000000000e+04 3.979000000000000000e+04 3.979100000000000000e+04 9.958400000000000000e+04
