output_new_topo_ddd_2/topo_0_yrs_soil__depth.asc
ncols 300
nrows 100
xllcorner 0.0
yllcorner 0.0
cellsize 10.0
[rows 68 to 84 of 100, columns 0 to 36 of 300]
0.000000000000000000e+00 4.999329940681676021e+00 4.997637678552510287e+00 4.998873658815501386e+00 5.001199258749454479e+00 4.998556642832528318e+00 4.999529024598704297e+00 4.995736405811871172e+00 4.996991583976365447e+00 5.001685745205458389e+00 4.998241591501017211e+00 4.997014108410193778e+00 4.996394228780666857e+00 5.002612847948852526e+00 4.997324772917671964e+00 4.995937659639259287e+00 4.999020535342272531e+00 4.998030666488049611e+00 4.997165796843933805e+00 4.998551884551914348e+00 4.997597119425702950e+00 4.997059885241781352e+00 4.997996613772108354e+00 4.998703843012958892e+00 4.999169723393631415e+00 4.997377351338925244e+00 4.999590153777478285e+00 4.999568778102982058e+00 5.002270575004302167e+00 4.996946122797960577e+00 4.999269142328270910e+00 4.996103621459837996e+00 5.002073381895727699e+00 4.998066989814801353e+00 4.994032836278115894e+00 4.998165564481062084e+00 4.997795186954514968e+00
0.000000000000000000e+00 5.000801330540471490e+00 4.998704794466601875e+00 4.998473261044810378e+00 5.001663193383354411e+00 4.997039688325681794e+00 4.997981241369809702e+00 4.995937221658170557e+00 5.003068559311469876e+00 4.996528088756772235e+00 4.995866538917836941e+00 4.997347308194949100e+00 4.996811732363044101e+00 4.997977436592852207e+00 5.002667426642879889e+00 5.003404958015964965e+00 4.995536686594729048e+00 4.997383198767643364e+00 5.002642437768927586e+00 4.996865964155351669e+00 4.999380871472726362e+00 4.999368673607282432e+00 4.997523892470444373e+00 4.997782445631972159e+00 4.997943811978401207e+00 4.998139808641784754e+00 4.996013410833294088e+00 5.003507429087527214e+00 5.002637917374502585e+00 4.998650961723118513e+00 5.000041183775310039e+00 4.999175326563319643e+00 4.998727333756249891e+00 5.001650196698701478e+00 4.999133823492381445e+00 4.999722642249361471e+00 4.998166611002919701e+00
0.000000000000000000e+00 5.000966729598408378e+00 4.999338504080274248e+00 4.996771923803431825e+00 4.997478588254785414e+00 5.002098946422562697e+00 4.997960916642576912e+00 5.002116679811696720e+00 5.002486664166524655e+00 4.996758063615780898e+00 5.000075331235029452e+00 4.997308792187379112e+00 5.003681591570974696e+00 4.996063301929140721e+00 4.997066373484246427e+00 4.997715453256739160e+00 4.998913353492957512e+00 4.997445701355921699e+00 5.002132025689238759e+00 5.002809803155336077e+00 4.997586699911263253e+00 4.996699494708615852e+00 5.002181260350832659e+00 4.996225793076906285e+00 5.002625576992846490e+00 4.996727911098661323e+00 4.995566083893563381e+00 4.995474479582262539e+00 4.997403146824355602e+00 4.998121533397446470e+00 4.997203980803837986e+00 4.997260961271250856e+00 5.002250030727879881e+00 4.999778745614540831e+00 5.001183969995723011e+00 4.997786332685130617e+00 4.996841596151463172e+00
0.000000000000000000e+00 4.996497579749370033e+00 4.995890038562602165e+00 4.999670494872442639e+00 5.002760419834162420e+00 4.995521727251929889e+00 4.998514345021683347e+00 4.997573697934673653e+00 5.002890695214862404e+00 4.997042290172085011e+00 4.997469112354956167e+00 4.996806409939999583e+00 4.997974523591210527e+00 4.997947358301121135e+00 4.999740445950477508e+00 5.001368578055518377e+00 4.997495714260839605e+00 4.998552272521248341e+00 4.998999928200300147e+00 4.989261608273160675e+00 4.997860098775813498e+00 5.001345446140747164e+00 4.996813894454041893e+00 4.998519347713870076e+00 5.000077058870292745e+00 4.996171234087479540e+00 5.002951761902812322e+00 4.996432705763487192e+00 5.002831515173753907e+00 4.997445822928456849e+00 4.998810976165017017e+00 4.996761486165001820e+00 5.001590395072284423e+00 5.000969797349254620e+00 4.996837674572567778e+00 4.996249590554393549e+00 5.002823489871732754e+00
0.000000000000000000e+00 4.998504236968564385e+00 4.997866864083551519e+00 4.997077959548684944e+00 4.999297618360706075e+00 5.000951026661584642e+00 4.994998781512012265e+00 4.998124742535207332e+00 4.997206057836774740e+00 5.001503044022527433e+00 4.997578063052658059e+00 4.998452061071479768e+00 5.002592716238273063e+00 4.997310144774267826e+00 4.997927351946112928e+00 4.999166484703806645e+00 4.996442214190997433e+00 4.998432226939343082e+00 4.998791472023013327e+00 5.003160244413624724e+00 4.996261388952106586e+00 4.996629994962530574e+00 4.998527583768821891e+00 4.997960509732070733e+00 5.001713725910730268e+00 4.996467487722899392e+00 5.002680991692909807e+00 4.999598822214957217e+00 4.995081412937487642e+00 4.998802283514500289e+00 4.998553125121686591e+00 4.998122178050135034e+00 4.996724281034012449e+00 4.998327332210140028e+00 4.998348011634105248e+00 5.000963742097921383e+00 5.002047653369780633e+00
0.000000000000000000e+00 4.998371471734459170e+00 5.001474713316024889e+00 5.001644780180006578e+00 4.998106807332934665e+00 5.002554410120916728e+00 4.998899901627642528e+00 5.000597436266794205e+00 4.998216909612964720e+00 4.996490545851613341e+00 4.997263428152571407e+00 5.000117564694022576e+00 4.998866212123603603e+00 5.002399020960979215e+00 4.998067128490236044e+00 4.996448392228788116e+00 5.002311040279550980e+00 4.997838429998676446e+00 4.997376436480148953e+00 5.001125506357279704e+00 4.998667288348400461e+00 5.002290315839692525e+00 4.997100246916862609e+00 4.999406020240803272e+00 4.996584545602047456e+00 4.999026588052350561e+00 4.996717749165924261e+00 4.997289130460819351e+00 5.002600751382589195e+00 5.002483777741075777e+00 4.996684298184991491e+00 5.000526677702946898e+00 4.999451870351601990e+00 4.997106446029093263e+00 4.997393310018397372e+00 5.003230909302147644e+00 4.996815409827461529e+00
0.000000000000000000e+00 4.997317477270242669e+00 5.001280406986847282e+00 4.996450952759252218e+00 4.998583907418284511e+00 4.993998485856621983e+00 4.996395822833099132e+00 4.996126525746849012e+00 4.998697037368126317e+00 5.002080572840362116e+00 5.000458300586508642e+00 4.998134153211508668e+00 4.998301369382248893e+00 4.999131682305336000e+00 5.002247981225103501e+00 4.997491015057882180e+00 5.002409222131763755e+00 4.997882703696546081e+00 4.996768555555058278e+00 4.997038969018534615e+00 4.997223452600275451e+00 4.997329833517500930e+00 4.998295946329286643e+00 4.998961336583546355e+00 4.996619819899450476e+00 4.998234516407087824e+00 4.999188598321838484e+00 4.998408186426644306e+00 4.996337554248187374e+00 4.997682594244441390e+00 4.997828388997580085e+00 4.998839698090677963e+00 4.996517653286645100e+00 5.001526971000004096e+00 4.998478375588995881e+00 4.996114336622355268e+00 4.997140392629805916e+00
0.000000000000000000e+00 4.995771928908173898e+00 4.999190144314115791e+00 4.997960865845479717e+00 5.002852345990569383e+00 4.995795310970670755e+00 4.998001398231838088e+00 5.002881148882533324e+00 4.997665269689299805e+00 4.996171905169427774e+00 4.998216437604994233e+00 4.999716594945618375e+00 4.996845908730433550e+00 4.991299541320382893e+00 4.996444847489376784e+00 4.998485534387295814e+00 4.997734681976790050e+00 4.998813684785147871e+00 4.996295303001005550e+00 5.002980497470765897e+00 4.999550988532437401e+00 4.998698536542777404e+00 5.000724798154280393e+00 4.997513622782299159e+00 5.001918743032840453e+00 5.001457150465561163e+00 4.998347239795649877e+00 4.997093772349042951e+00 5.001340837329381728e+00 4.999122001652855474e+00 4.997438762457166561e+00 4.998256977027523362e+00 5.002423225853364741e+00 5.002668043330333880e+00 4.996158390909258173e+00 5.001855203648198689e+00 4.997025519146106376e+00
0.000000000000000000e+00 5.000821273145866108e+00 4.999302889289086060e+00 4.997180817889478988e+00 4.999984319529175103e+00 4.998167248155979792e+00 4.997277145844254420e+00 5.002578980910683093e+00 4.995690826230200443e+00 4.997912963457268987e+00 4.999665987238543607e+00 4.996968577944215895e+00 4.997367499827245929e+00 5.000077360534231019e+00 5.002497356526443006e+00 4.997798240606742048e+00 5.003047192076925498e+00 4.998140342641425704e+00 4.990813915467971817e+00 4.997665950690006298e+00 5.001358154044842408e+00 4.997417769210861671e+00 4.999359505995304431e+00 5.001481831157639668e+00 4.996091306529788945e+00 5.000395965555661348e+00 4.996570675753041257e+00 4.998741862743512065e+00 4.997287165747245297e+00 5.003169124757099517e+00 5.003468803424554245e+00 4.974450786065859553e+00 5.001653202683015387e+00 4.998416898445237067e+00 4.992743044286575227e+00 4.997887817959326462e+00 5.001928186335382165e+00
0.000000000000000000e+00 5.001852878781365419e+00 4.995816032772489201e+00 5.003747153632445155e+00 4.998979763834474177e+00 4.992280153522449027e+00 4.982781050063832318e+00 5.003746439519245470e+00 4.997378322106233561e+00 5.000448778104031433e+00 4.999847965383942494e+00 5.001505367381077427e+00 4.997751443631612389e+00 4.997124896421588858e+00 5.002571335431563071e+00 5.002633191207275232e+00 4.998171931007970414e+00 5.003220145820987952e+00 4.995370995903398281e+00 5.000027803153300532e+00 5.002019146669929306e+00 4.997492682415049181e+00 4.998237061978377582e+00 4.996884457375566413e+00 5.001618361840330707e+00 5.001920536382850280e+00 5.001199377885344077e+00 4.994503880876678181e+00 5.002868860376096904e+00 4.998317504849516091e+00 4.997588836108300292e+00 4.996899661909789181e+00 4.997607986962478321e+00 4.998004901897071584e+00 5.000518713184565200e+00 4.997142598165891236e+00 4.998191510483670719e+00
0.000000000000000000e+00 4.998172458722942579e+00 5.003730534823422893e+00 4.996075794071901832e+00 4.999546337348989233e+00 4.996835625367426204e+00 4.996639669983505172e+00 4.997210903909466317e+00 4.996815748814050551e+00 4.998179654337258526e+00 4.997240846311651552e+00 4.998767632819487439e+00 4.998228712520180750e+00 5.000297424310777394e+00 4.982399579904536857e+00 4.997051863167437880e+00 5.000068384287825296e+00 5.001129626402420314e+00 4.997826356943356529e+00 4.998517149498538537e+00 4.997636504122832335e+00 4.999557734573853551e+00 4.998691650985997548e+00 4.997701046774462696e+00 5.002111353130236360e+00 4.996632801053015882e+00 4.997293858004243639e+00 4.996994879095130848e+00 4.998242643241346705e+00 4.961990334295077076e+00 5.003616272801162168e+00 4.997233957835080176e+00 4.999333966372045523e+00 4.997282699167709730e+00 5.002277040476642789e+00 4.997035275480850913e+00 4.998682634819176407e+00
0.000000000000000000e+00 4.998922952543756182e+00 4.996826115808664426e+00 5.002779419790906346e+00 4.998538259507133930e+00 5.003258956445756134e+00 4.995959900425096301e+00 5.003945104345824291e+00 5.001698476654209635e+00 4.997488101774129277e+00 5.000275404081262032e+00 4.998403035472430034e+00 4.997548073089216558e+00 5.001996508980331768e+00 5.002487380114835958e+00 4.996445526322910169e+00 5.000760776669855190e+00 4.999312392184800835e+00 4.999267342532784930e+00 4.998808091845818424e+00 4.997783823370246736e+00 4.999617046319017710e+00 4.997301354301865395e+00 4.996994573779200977e+00 5.002646420063650901e+00 5.000339177052334882e+00 4.998458077838612290e+00 4.997732568641319872e+00 4.973140001056925108e+00 4.999263744504204077e+00 5.003585995749605608e+00 4.972980007907397138e+00 4.995381201003116445e+00 4.997201779753385864e+00 5.002422399052680824e+00 4.997273382983874690e+00 5.000717730598712052e+00
0.000000000000000000e+00 4.998966788315788889e+00 4.996945640505582986e+00 4.995807709381423933e+00 4.998762878441882940e+00 4.996284202097058369e+00 4.995857443840269418e+00 5.003956290603169599e+00 5.002433120418934287e+00 4.997895664366296842e+00 4.998995938284079621e+00 4.995814817311675426e+00 4.998021508073404284e+00 5.002794615979841986e+00 4.997823872988683469e+00 4.999705303476914331e+00 4.998770458149190077e+00 4.996887221810755619e+00 5.001975385558301568e+00 4.998889260419314695e+00 4.998018421492495200e+00 4.997322453249595675e+00 4.998470556909047957e+00 4.997293273390744694e+00 4.996587859799021203e+00 4.998096342630830691e+00 4.998359668850869575e+00 4.997217630555931933e+00 5.000333556092940057e+00 4.996737535836879296e+00 4.998305592453078816e+00 4.996236509209724730e+00 5.003979927104438730e+00 4.997027401080294418e+00 4.996160614203832395e+00 4.997860639040244024e+00 4.996735140545909282e+00
0.000000000000000000e+00 4.996679855273608695e+00 5.002824414793683339e+00 4.996663900318784712e+00 4.997887017333592752e+00 4.997957127211728690e+00 4.998976662893721112e+00 4.990868133165071718e+00 4.996130984786411489e+00 4.995705044657746008e+00 4.999788617795815071e+00 5.002824626060129454e+00 4.989743063548704782e+00 4.998021612476784448e+00 4.997418823098158214e+00 4.998213816700745049e+00 4.997087824133036982e+00 5.002426526776226900e+00 4.999496151495513629e+00 4.996180322598978485e+00 5.002723160152240389e+00 5.000952439110401215e+00 4.997020135222708603e+00 5.001313696069537684e+00 4.997356856079778531e+00 4.997765182346944002e+00 4.997263308481151078e+00 5.002702301877546276e+00 4.997608967345998465e+00 4.997291458759253402e+00 5.002620387372991750e+00 4.997001619364162650e+00 5.002596984131135294e+00 4.998945607912873790e+00 5.003865368941538883e+00 4.997308313468362684e+00 5.002777698921337723e+00
0.000000000000000000e+00 4.998663139039042136e+00 4.998616402026264893e+00 4.996811609781790509e+00 5.002190014764277493e+00 4.996902259902309851e+00 4.995354840248261041e+00 5.004001535619583940e+00 4.948706725144272234e+00 5.003581953190264997e+00 4.945020824242823743e+00 5.002779321246160649e+00 4.986162824778302749e+00 4.998160976805497313e+00 5.002522453760094301e+00 4.996791755221315690e+00 4.995519574107259331e+00 5.003681123398566299e+00 4.997621524719860986e+00 4.999030479785199432e+00 4.996028677504714466e+00 5.002803661465592633e+00 4.997151534209893775e+00 5.001535356649221775e+00 4.997636120323343256e+00 5.001884593398658652e+00 4.997366345397215248e+00 4.996397468274984988e+00 4.996296910745527953e+00 4.998523457698379246e+00 4.996942221024212039e+00 4.997731587705626310e+00 4.996597796409092851e+00 4.997953641929854918e+00 4.999158724116158581e+00 5.003786092761708382e+00 5.003649503016895927e+00
0.000000000000000000e+00 4.998992091142778094e+00 4.997866069642138420e+00 4.999333142668351826e+00 5.002274828334483558e+00 4.996073661237038444e+00 5.001874394136827107e+00 4.997264789357579673e+00 4.997872695591176750e+00 4.991858540450256676e+00 4.999436923043348635e+00 4.998580923426501954e+00 4.998155399928656983e+00 5.001873409057409070e+00 4.998476306508386813e+00 5.000412307762299946e+00 4.997407051671959977e+00 4.995654205795339919e+00 4.998720973247450239e+00 4.995667773823544877e+00 4.999025838361855101e+00 5.002554277257737603e+00 4.996971030830881233e+00 4.998620557843565848e+00 4.996596092297885150e+00 5.002759685037185378e+00 5.001902904407380390e+00 4.998197399430412524e+00 5.002640554187027355e+00 4.997200302726607646e+00 4.997597380524180899e+00 4.996137252418968444e+00 4.998024876155876761e+00 4.998123428111547639e+00 4.997869868974389895e+00 4.996971394157530888e+00 4.996624766797737038e+00
0.000000000000000000e+00 4.997166062713778167e+00 4.997980490572494716e+00 4.999276571350382170e+00 4.996621667654566501e+00 4.997234970285477473e+00 4.998134664148761175e+00 4.997362223899873612e+00 4.998542543558558648e+00 4.999779586972769252e+00 4.999350243308685826e+00 4.995883504333156644e+00 5.002403530852115310e+00 5.001898129664215986e+00 4.998608361340206585e+00 4.998963643067448004e+00 4.996818592784823210e+00 4.997182659047370024e+00 5.001742687430891010e+00 5.002161118940386508e+00 5.002433862768477013e+00 4.996035641585063303e+00 5.001008761002644576e+00 4.998172128080883070e+00 4.998360870115270416e+00 4.987688389528190491e+00 5.001584847823625779e+00 5.002169708533106274e+00 4.997230972201741395e+00 5.000791771258461083e+00 4.995336637663164936e+00 5.004557109302515627e+00 4.995419446679885134e+00 4.996803454107044296e+00 4.997269694227668424e+00 5.002420343713180451e+00 4.996541166330181305e+00
