output_new_topo_ddd_2/topo_0_yrs_topographic__elevation.asc
ncols 300
nrows 100
xllcorner 0.0
yllcorner 0.0
cellsize 10.0
[rows 17 to 33 of 100, columns 148 to 184 of 300]
5.263936264788279473e+00 5.248204195876084555e+00 5.622447741104248387e+00 5.820618782811064484e+00 5.472276641407988862e+00 5.829140099987530910e+00 5.994637185664126733e+00 5.179239053792890957e+00 5.971044742876116196e+00 5.101232300748963056e+00 5.835403495978288113e+00 5.809963517360818841e+00 5.137408714772023544e+00 5.087948288348697723e+00 5.784691333104338362e+00 5.556528290908110179e+00 5.817903096791261497e+00 5.793307239830147282e+00 5.885927333290398522e+00 5.724229678260290832e+00 5.800102069898552593e+00 5.484460081509651808e+00 5.598247465109043475e+00 5.982215305005810002e+00 5.915010079540463650e+00 5.076963285518459656e+00 5.917311062133262745e+00 5.697577563028493053e+00 5.422915963537342954e+00 5.677428766454532649e+00 5.291309479300411844e+00 5.957945724544954302e+00 5.239977819869630515e+00 5.625333231444517246e+00 5.567170527455155948e+00 5.821445951583648970e+00 5.908037956148936232e+00
5.733052929756560445e+00 5.360154103570283546e+00 5.433477815666623023e+00 5.186308196500429624e+00 5.526039360840423242e+00 6.039811944160669910e+00 5.438643175232459548e+00 5.642843011400310971e+00 5.998114565272387289e+00 5.234351170525883390e+00 5.953654349918843458e+00 5.273531788205703563e+00 5.753240738171115254e+00 5.908412299111967414e+00 5.756299020029368663e+00 5.613663944475951517e+00 5.280123407094099441e+00 5.219934701510446473e+00 5.286918870295653328e+00 5.470029595209802586e+00 5.311428112959067249e+00 5.200308929144318526e+00 5.898296303405794916e+00 5.376238616584777752e+00 5.773092357368471816e+00 5.619855502208147335e+00 5.509795949061477849e+00 5.586432746896558221e+00 5.846235395897850573e+00 5.699764889846538729e+00 5.621007235819823755e+00 5.516852143008747156e+00 5.660924316038919102e+00 5.341169590693449543e+00 5.271820754778489437e+00 5.942564645914490740e+00 5.326847482798141797e+00
6.038720198018346252e+00 5.837953413197315200e+00 5.216259218389649455e+00 5.150053877444690897e+00 5.940477288777123555e+00 5.290573814132611297e+00 6.026406121522828840e+00 5.653879834599611520e+00 5.140783656850342886e+00 5.886552844367015425e+00 5.885671084060300373e+00 6.043894384486314664e+00 5.599430830112633650e+00 5.436221504024420170e+00 5.693512118726695270e+00 5.629903105115565687e+00 5.444525127299848499e+00 5.519271722062976337e+00 5.206892280261149253e+00 5.687299254435798979e+00 5.314812974549452562e+00 5.116682418577656932e+00 5.606664345763261004e+00 5.305029497633175772e+00 5.661815911639998866e+00 5.789059235884417731e+00 5.673594449355818803e+00 5.694546327305663347e+00 5.984792382748699957e+00 5.584163385627559428e+00 5.535854538850803586e+00 5.386815865882967458e+00 5.628558941867862764e+00 6.002028809933478648e+00 5.985995842316535587e+00 5.213207417177078362e+00 5.562216648484722192e+00
5.305656280885221676e+00 5.224909763182637334e+00 5.290574876574781094e+00 5.875892527893083361e+00 5.749633128233972990e+00 5.942445175606420271e+00 5.972232035227854396e+00 5.549927885306900066e+00 5.146137223785839154e+00 5.257027808421040227e+00 5.953666001774953642e+00 5.089839950866797302e+00 5.168453727865954583e+00 5.826066535140750346e+00 6.041988991497782457e+00 5.494385376429433698e+00 5.995945628489470103e+00 5.407849929928718602e+00 5.438628001480886098e+00 5.097208851654129624e+00 5.186369352175516312e+00 5.593401618662736219e+00 5.665756334968670593e+00 5.329943478941843615e+00 5.424644878764056877e+00 5.564633867868682415e+00 5.701698918772319047e+00 5.645017567895958877e+00 5.394646040488821015e+00 5.066572831767341967e+00 5.768790939563531062e+00 5.281495421822930858e+00 5.651938718105794734e+00 5.559622836106796306e+00 5.638371120522825741e+00 5.457450527926971162e+00 5.269647302319902415e+00
5.954544401751233451e+00 5.470734742036330367e+00 5.444772105529003703e+00 5.065237215898902079e+00 5.314666783299841768e+00 6.015127304354739302e+00 5.473329782233405716e+00 5.691600354876126922e+00 5.281123136490763592e+00 5.248650404082476406e+00 5.891034065638565131e+00 5.254645978381346616e+00 5.493916602994752374e+00 5.625334176648457252e+00 5.488156675439435084e+00 5.812733271590775352e+00 5.658440594797800038e+00 5.533090509591511719e+00 5.264346645900415567e+00 5.581964080100981995e+00 5.392984149357333834e+00 5.401941898462506941e+00 5.937430104074448600e+00 5.927127477235173636e+00 5.693202311983652564e+00 5.941309283600566538e+00 5.965373088978960681e+00 5.491105542295447783e+00 5.202925076777746405e+00 5.746227823590751349e+00 5.191713859380020502e+00 5.246564480379458217e+00 5.868651421555077796e+00 5.470821139080229933e+00 5.521195165800493854e+00 5.342407508749273504e+00 5.066089757425492834e+00
5.849605893863404127e+00 5.720741435705877898e+00 5.632015442103538660e+00 5.702980291239096999e+00 5.318337795428530690e+00 5.894996538143828957e+00 5.227301916043161967e+00 5.728126024913829717e+00 5.410527434307510930e+00 5.487127714655805732e+00 5.224117517544562439e+00 5.423306251223574570e+00 5.969008221787878377e+00 5.634955182013698938e+00 5.510395192835528810e+00 5.804051333924495459e+00 5.391578244231477690e+00 5.572137059117057589e+00 5.836987142330309020e+00 5.289685843339873017e+00 5.915831937397014961e+00 5.740181803230489876e+00 5.381067728521224502e+00 5.822231610713234140e+00 5.206438473476207918e+00 5.561106738498620139e+00 5.240055342327709198e+00 5.360081051914445283e+00 5.125678846909053732e+00 5.258228847789734317e+00 5.759882361908108983e+00 5.344416604211132515e+00 5.219437721419288856e+00 5.117241286242671272e+00 5.673359618554753681e+00 5.255311244298095374e+00 5.983251894692334538e+00
5.354554026919168486e+00 5.060682030866466619e+00 5.422845462260720062e+00 5.420465814288708550e+00 5.277813601565999768e+00 5.591215696341882868e+00 5.794159813325494568e+00 5.825687341494224292e+00 5.065826837104797420e+00 5.911800304440316012e+00 5.226350420352986248e+00 5.302567569628261701e+00 5.491575742395262694e+00 5.375894596396619818e+00 5.761199108560036031e+00 5.962716940629863238e+00 5.163486240030704444e+00 5.733991343288650455e+00 6.016356517550875083e+00 5.503142102719487561e+00 5.760243810239495943e+00 5.273116816777698723e+00 5.555239494243565446e+00 5.660586071159886323e+00 5.362526853601325527e+00 5.236601892646937095e+00 5.759605782926034756e+00 5.353158836474918303e+00 5.606984278499642649e+00 5.472645989549616452e+00 5.922363961657310938e+00 5.529150752071218200e+00 5.277225211209273681e+00 5.654506592044388213e+00 5.658471953091829043e+00 5.150510326546074324e+00 5.065359291903468453e+00
5.624496396175626245e+00 5.485925369338800373e+00 5.817724622700093384e+00 5.541111612613915938e+00 5.626218291296415153e+00 5.162057135409011011e+00 5.127642031344782581e+00 5.149332024984280665e+00 5.252061405844756337e+00 5.806890386546471383e+00 5.564409540000758270e+00 5.075019734725815468e+00 5.497436479967172218e+00 5.379828911541816971e+00 5.109089989294846923e+00 5.824406993874826632e+00 5.883420631812776413e+00 5.546916444435509241e+00 5.586292019216982041e+00 5.581847405119508387e+00 5.190052425781382262e+00 5.135989860200156798e+00 5.364319522798179030e+00 6.030504009101997021e+00 5.632763286064700559e+00 5.984426597187430197e+00 5.408344377894671595e+00 5.488252098884480290e+00 5.915968291539861035e+00 5.754800016762914971e+00 5.494965407503758392e+00 6.030569863842809575e+00 5.483927724936163095e+00 5.349960963059205099e+00 5.648905349459101721e+00 5.704609639974893120e+00 5.576039463259053086e+00
6.000193429140999513e+00 5.828320622242084248e+00 5.399744673662300265e+00 5.391889854516338509e+00 5.862272409841712495e+00 5.552268029062878973e+00 5.341075063628253794e+00 5.096904488523994914e+00 5.960630953124291587e+00 5.964903570695521573e+00 5.457504291256292106e+00 5.615624350925920716e+00 5.908455359533967943e+00 5.866943109776565635e+00 5.280991590629644961e+00 5.911845301909377959e+00 5.959231603977033664e+00 5.838611257611137084e+00 5.306950684820178843e+00 5.529253118690833801e+00 5.093545155732582153e+00 6.044566200047469806e+00 5.354236828954183736e+00 5.991369085070563649e+00 5.281473453843156918e+00 5.524982685515671399e+00 5.264818471852383830e+00 5.825585468029445657e+00 5.771411654058697493e+00 5.181023339142538653e+00 5.213662961234308391e+00 5.837810732796513413e+00 5.822815911411817424e+00 5.712832086899555684e+00 5.973670783387267313e+00 5.398653637352841983e+00 5.938527039540609564e+00
5.569894594311900704e+00 5.217292581012410224e+00 5.652625072788821647e+00 5.699686412516746792e+00 6.000775547990587100e+00 5.083323533215622803e+00 5.985181017062750186e+00 5.893172445974999896e+00 5.407219992488484728e+00 5.848052968449795941e+00 5.521737363636008311e+00 5.806580132480267054e+00 5.545589476570216725e+00 5.875130452431383432e+00 5.566121597707055280e+00 5.158315159669277783e+00 5.884051359268978487e+00 5.647941292878037700e+00 6.020293556703399496e+00 5.253585171955590383e+00 5.731612798725353564e+00 5.902271578190880774e+00 5.345576600393398436e+00 6.044852882084179591e+00 6.005935485363218973e+00 5.061029620172914356e+00 5.523098941560060204e+00 5.495115546879494772e+00 5.992122875705977236e+00 5.301135056595140504e+00 6.012151074561541186e+00 6.037212565612089854e+00 5.929280700192126830e+00 5.595311807559970596e+00 5.666606349472687043e+00 5.798343226187516741e+00 5.410572374271377605e+00
5.505506772991695996e+00 5.926105021585081012e+00 5.162490089090457701e+00 5.152217367222534428e+00 5.154533834217773780e+00 5.175889883971530381e+00 5.168133133896490428e+00 5.236601703119134754e+00 5.229382193459856332e+00 6.039202531048291078e+00 5.841668763867536640e+00 5.268094242200983324e+00 5.158400911274139133e+00 5.976949408164110800e+00 5.295108088878497377e+00 5.764658938369046304e+00 5.395086817580192040e+00 5.690079944293292336e+00 5.648621294725466591e+00 5.929013403763033985e+00 5.648301175796963669e+00 5.508548863087915137e+00 5.100094715734699413e+00 5.480025684141601516e+00 5.520028435895924623e+00 5.180249969796389742e+00 5.067675602982489202e+00 5.626011456798644339e+00 5.940280081196108952e+00 5.533150910009598356e+00 5.076825477992057856e+00 5.668893750661083253e+00 5.286763606896887069e+00 5.995909514717614464e+00 5.566515849929003501e+00 5.990069871869986073e+00 5.832502102608867922e+00
5.328168287789835311e+00 5.142022368674206589e+00 5.814209022341657374e+00 5.169454700563099969e+00 5.485586460916443308e+00 5.729170348175842697e+00 5.292247080217161503e+00 5.125518403430008085e+00 5.070447252186676579e+00 5.880158141244032244e+00 5.602511623741004421e+00 5.969359729929111680e+00 5.899466962371121781e+00 5.334138367647260459e+00 5.166105938483232407e+00 5.112090996333571447e+00 5.731295113891098580e+00 5.926115208042128657e+00 5.359356137114495766e+00 5.513698368723468413e+00 5.570513283703790286e+00 5.389665831363188886e+00 5.117269961858715632e+00 6.019093864801063454e+00 5.261078784944691833e+00 5.883348376426567938e+00 5.608097115905590790e+00 5.279401641614209773e+00 5.967206488767897277e+00 5.547584286415049526e+00 5.959277638363756679e+00 5.969840801253229579e+00 5.538242288324482843e+00 5.347113504028979669e+00 5.464826735495398324e+00 5.131470422027578415e+00 5.894242626943585250e+00
5.695436294290439960e+00 5.680245792072122768e+00 5.386859628660749522e+00 5.202755681795186327e+00 6.017222964738494717e+00 6.016416807044525861e+00 5.688253613342259207e+00 5.121253954883445481e+00 5.354209187752108079e+00 5.775506066616471479e+00 5.151867547308927264e+00 5.160377311868632688e+00 5.452168448220487740e+00 5.841315710503510950e+00 5.359770445755911439e+00 5.984109307002896117e+00 5.667929670067670678e+00 5.076551323443260877e+00 5.241529045685084043e+00 5.478354809925184199e+00 5.614888456513476456e+00 5.100454153977396210e+00 5.451650739560570003e+00 5.104162564840286187e+00 6.027866241247441081e+00 5.701146866013949044e+00 5.601779692458110027e+00 5.642649563562988746e+00 5.473602949217054814e+00 5.123917982738669608e+00 5.671534565369166003e+00 5.518744742352193811e+00 5.242572353110144689e+00 6.039698719410770522e+00 5.329761516241913633e+00 5.275244806089695260e+00 5.644500304077087804e+00
5.455828566227268084e+00 5.117728956262300066e+00 5.777322487391763239e+00 5.374507365867689401e+00 5.059627268495037633e+00 5.717420959661533075e+00 5.965677659817911760e+00 5.654177385602904948e+00 5.210109904077435239e+00 5.073528575004177199e+00 5.887074493631369698e+00 5.941149871387446879e+00 5.961834735825005893e+00 5.904589749554832068e+00 5.810016694665598003e+00 5.726886161398825337e+00 5.954695636566815331e+00 5.737888778576924587e+00 5.074906556527015056e+00 5.334602239708248206e+00 5.516624443737334182e+00 5.226598832326928346e+00 5.528221833264933771e+00 5.198413133032500077e+00 5.705714731354182057e+00 5.864076667640612861e+00 5.643112391968237773e+00 5.909998360320320110e+00 5.381356642902970222e+00 5.227248292005072017e+00 5.780369200947432340e+00 5.570629218422637585e+00 6.027507254683366789e+00 5.296428158679545639e+00 5.200509819287759683e+00 5.105934255897911278e+00 5.449653528493715982e+00
5.435482217504063129e+00 5.846462358905702317e+00 5.538009340514932433e+00 5.860877540119905582e+00 5.647353421314593724e+00 6.040348314787060247e+00 5.402905196134918597e+00 5.501568022354085485e+00 5.257439928416307140e+00 5.546728994789454248e+00 5.400269931800498746e+00 5.196714976445958811e+00 5.722642018299838540e+00 5.417175622672819379e+00 5.355199490792474926e+00 5.069719254067064362e+00 5.726987793811039396e+00 5.193179199191755302e+00 5.593466134523927380e+00 5.644429959098304472e+00 5.725828029806321773e+00 5.501296222746472786e+00 5.937834998492136585e+00 5.173809421720225288e+00 5.181198319269387120e+00 5.195854086726085619e+00 5.225914004039267091e+00 5.706116608672582302e+00 5.519843316435561142e+00 5.673979929270166700e+00 5.885173753816350661e+00 5.448662533202257130e+00 5.653773913316437749e+00 5.113366211070786704e+00 5.769996577750905686e+00 5.645294591110500804e+00 5.095810491461925551e+00
5.860094574342172180e+00 5.727564685241064879e+00 5.838973638449536097e+00 5.766334527934128040e+00 5.465926001584651139e+00 5.280057322260812924e+00 5.721756968671662058e+00 5.940726916465426832e+00 5.152492051009883944e+00 5.533081954735449948e+00 5.471084336949796345e+00 5.248560167330908577e+00 5.063923589626352140e+00 5.735199072240493301e+00 5.230322100697425647e+00 5.145389006540614929e+00 5.328021510447656262e+00 5.160692087492667390e+00 5.468947499671599211e+00 5.467054265359183596e+00 5.744742709757804988e+00 5.209857175043383748e+00 5.373437334228445827e+00 5.497268895325752247e+00 6.044082177250523102e+00 5.061463911673304672e+00 5.731269467560073494e+00 5.567089952786064444e+00 5.126074974790677530e+00 5.869907246593346173e+00 5.365400255651955774e+00 5.090838453913874240e+00 5.385421022863041252e+00 5.742673599562293951e+00 5.206434403738836814e+00 5.796871329416408258e+00 5.694764739522075736e+00
5.741740719645002322e+00 5.367704895682288146e+00 5.405476166837647867e+00 5.873605068886473823e+00 5.447368313111927485e+00 5.219001851086667365e+00 5.386152517466045175e+00 5.728478732337401347e+00 5.732475200383129632e+00 5.162035710753150930e+00 5.526783878572094189e+00 5.482918439794833176e+00 5.208032307705682484e+00 5.871157681195363409e+00 5.874315832717642571e+00 5.417565723778309028e+00 5.111084856798846054e+00 5.392283393231091182e+00 5.379483518542365061e+00 5.365441007336680279e+00 5.171795395884987379e+00 5.452724859841436178e+00 5.148223690267113462e+00 5.648496512857957619e+00 6.019493080526197026e+00 5.463398112714603627e+00 5.626339496954652297e+00 5.454519632260195650e+00 5.797112161070063330e+00 5.143571694251606097e+00 5.445696500087755076e+00 5.694173510040292818e+00 5.463959594385319640e+00 5.072079947061158833e+00 5.863897967571625180e+00 5.870772202065318801e+00 5.244178077683607775e+00
