output_new_topo_ddd_2/topo_0_yrs_topographic__steepest_slope.asc
ncols 300
nrows 100
xllcorner 0.0
yllcorner 0.0
cellsize 10.0
[rows 68 to 84 of 100, columns 148 to 184 of 300]
4.151515069980806633e-02 4.331331381245329126e-02 0.000000000000000000e+00 5.079865192296253301e-02 0.000000000000000000e+00 4.878274194443488372e-03 2.461838540108995943e-02 6.360292552604480953e-02 3.968222094779827458e-02 1.804765566428047710e-02 6.208168720510771899e-02 2.210156461351511087e-02 1.514750537540914335e-02 7.526710113039998540e-02 7.792162812241397452e-03 4.943476271957605167e-02 4.410075251576527078e-02 6.300790917285600812e-02 3.539580225149050602e-02 7.051230047933820799e-02 1.758497203205474160e-02 3.030712333155651667e-02 7.068178792305097879e-02 0.000000000000000000e+00 5.076637135255736982e-02 1.911284021285764023e-02 3.502126600652308991e-02 5.833020901601378150e-02 1.326184386054848896e-02 8.257665778968803494e-02 1.007389135708431673e-02 3.838281631398503257e-02 3.555673331824813627e-02 3.376500923332299842e-02 4.758535484210204419e-02 0.000000000000000000e+00 9.403200649030907590e-03
9.973765672464284665e-03 0.000000000000000000e+00 1.328670842586089293e-02 8.560851159760662910e-02 2.353139304804990548e-02 5.342651793507844499e-02 1.614634191794873594e-02 3.931071973616111215e-02 6.079021578334167092e-02 9.080914040517837349e-02 0.000000000000000000e+00 0.000000000000000000e+00 3.477751977773353709e-02 0.000000000000000000e+00 2.106473446149994405e-02 0.000000000000000000e+00 5.228259734670191033e-02 4.212485262933931413e-02 4.280598598513192521e-02 0.000000000000000000e+00 3.592024512478886322e-02 1.791318947791618182e-02 3.517880466334604578e-02 8.651238167234005794e-02 5.052766451919046137e-02 5.288238125309296933e-02 1.956231896350164520e-02 3.883742866877959530e-03 8.600298029440090267e-03 0.000000000000000000e+00 7.333312586122317511e-02 4.352879146965191876e-02 3.803844003878328450e-03 6.556053479553014540e-02 9.837511017996417029e-03 4.074947755452118167e-03 5.364881343283025433e-02
6.959127212412016816e-02 7.992479768106167115e-02 8.865703095006782775e-02 0.000000000000000000e+00 7.767883334668956863e-02 3.647855760458364183e-02 4.369808959912831192e-02 2.431481051210564528e-02 7.884878007774145589e-03 4.763048713578630494e-02 2.059549373278908579e-02 3.101046019607007695e-02 9.167036105786775108e-03 7.380337633822149634e-02 1.057463873735695579e-02 4.289210242293046982e-02 1.234782827804827531e-02 0.000000000000000000e+00 9.270450820952617910e-02 2.353224764032013552e-03 5.270076836796800529e-04 4.963566873592517581e-02 4.637020631927676190e-02 7.966812981833681917e-02 7.490848859911913848e-03 4.085637535335564369e-02 1.252241347433216169e-02 0.000000000000000000e+00 2.537357269867790421e-02 8.170478023764297937e-02 0.000000000000000000e+00 0.000000000000000000e+00 1.940166557675482295e-02 1.815367371097661997e-02 6.927548243749556689e-02 6.589133865106511223e-03 3.235523285816617467e-02
7.700560237652975815e-03 2.522954102584264863e-02 1.753892501275390939e-02 8.018212067798566323e-02 0.000000000000000000e+00 5.225751606418738149e-02 2.180304326226813888e-02 3.122263298256362438e-02 7.594684810355430138e-02 0.000000000000000000e+00 2.684111240838777876e-02 0.000000000000000000e+00 4.357120176415216900e-02 0.000000000000000000e+00 3.044834725523042421e-02 0.000000000000000000e+00 6.809157403559211452e-02 0.000000000000000000e+00 4.431651328480849805e-02 5.567045960673224630e-02 5.221136283429359676e-02 0.000000000000000000e+00 6.006976434251783126e-02 6.682241520309810390e-02 0.000000000000000000e+00 2.843427500740576194e-02 5.237430001637264493e-02 5.222012904883124168e-02 4.979876461064351723e-02 6.039401616905397396e-02 0.000000000000000000e+00 1.261791006948405347e-02 3.244785119169772691e-02 2.558566326256928036e-02 1.764908982760049483e-02 7.524234665696356850e-02 1.334922392973503583e-02
2.371756971818870380e-02 5.393499507050716207e-02 3.307915319431673634e-02 0.000000000000000000e+00 1.274807348211719898e-02 6.630017694214504487e-02 2.451367432349487244e-02 4.451862540341613300e-02 7.921861587364697338e-03 1.296745429960992693e-02 2.100933705188765682e-02 2.716028817161593098e-02 2.923086145246667211e-02 7.562179789035620991e-02 1.691774493129643772e-02 9.956605979067490592e-03 2.775851561553004457e-02 2.646502322062529305e-02 2.035052009056608283e-02 5.576954749548246673e-03 1.107459513700080958e-02 3.102028377065915027e-02 1.020091017122588470e-02 0.000000000000000000e+00 3.671267484992171010e-02 5.450642066648238998e-02 2.888909891936296617e-02 8.499879906671932439e-02 5.470282835328177384e-02 2.938990746936784998e-02 5.925425846104657307e-02 5.990309085829403912e-02 0.000000000000000000e+00 7.727047131268882825e-03 2.227967190276647358e-02 2.675210960155247758e-02 3.775047124753498629e-02
0.000000000000000000e+00 6.546733374242004466e-02 7.194222574453297547e-02 0.000000000000000000e+00 4.478801838892580711e-02 1.045142839037938032e-02 2.140860263421143564e-02 9.354772611492733966e-03 2.882677862200093769e-02 0.000000000000000000e+00 5.973598696002131725e-02 7.490016374118217690e-02 0.000000000000000000e+00 0.000000000000000000e+00 2.924423709115018394e-02 3.473098994359224718e-03 5.606613500025252328e-02 4.277000735697909090e-02 6.494448756443320370e-02 0.000000000000000000e+00 3.269904880190974833e-02 4.966097378494956083e-02 4.111029780602430683e-02 3.532602293437934332e-02 6.689550794991205515e-03 3.385990356869968132e-02 8.146322170710851296e-02 0.000000000000000000e+00 1.163293679448225079e-02 0.000000000000000000e+00 0.000000000000000000e+00 1.395399530589607265e-02 4.397859607078889038e-02 7.583872721495578959e-04 6.561928301217712090e-03 0.000000000000000000e+00 2.325219149970294413e-02
2.658521848370066359e-02 9.947783974196610507e-03 3.677431953046630259e-02 7.195826329201641947e-02 4.676865215038326223e-02 0.000000000000000000e+00 6.747306758185604714e-02 3.148327371772748073e-02 6.420561422278873998e-02 7.423340157752011947e-02 5.483306211528038649e-04 6.520869283268701522e-02 1.219835807986053254e-02 6.340633313535208593e-02 2.829776757015709659e-02 1.036288750368371571e-02 1.732008263709401349e-02 0.000000000000000000e+00 3.794712943261675797e-02 4.092366975861568001e-02 5.598268583588739133e-02 0.000000000000000000e+00 1.507045171746508247e-02 5.075953564454938061e-02 8.248930655903308901e-03 8.063357214743932869e-03 0.000000000000000000e+00 7.688333221932452943e-02 0.000000000000000000e+00 3.615375583213777805e-02 5.817804624459750606e-02 4.548942322002780259e-02 8.155776028659351973e-02 2.753026768781143691e-02 1.414951652851281251e-02 0.000000000000000000e+00 5.359096551985773754e-02
8.675129531500731794e-02 3.226088171879393229e-02 4.574606189643549287e-03 6.332695746898675537e-02 0.000000000000000000e+00 7.937228114319872310e-03 1.924529202881091264e-02 6.765957097694945410e-02 3.980097925025773836e-02 5.727123113526629006e-02 0.000000000000000000e+00 6.049137120317951005e-02 9.515142017492929719e-03 8.302011713400770515e-03 0.000000000000000000e+00 4.074194215327971158e-02 1.974299501973619114e-02 5.143832559337342680e-02 4.689346794733983970e-02 0.000000000000000000e+00 0.000000000000000000e+00 3.584820666964150249e-02 4.882200034632493135e-02 8.080256617457885759e-02 4.730013794799856064e-03 2.005552093322737848e-03 2.624313584117485970e-02 3.612464937586725572e-02 2.018205288539567238e-02 1.000051115660636168e-02 5.835325715671615260e-02 6.817517796739051839e-02 0.000000000000000000e+00 4.115662020749120270e-02 0.000000000000000000e+00 0.000000000000000000e+00 6.650791201079889192e-02
6.295019377219235324e-02 5.889692810095796538e-02 1.627273918226057603e-02 0.000000000000000000e+00 3.878148814123198642e-03 8.966316889018787623e-03 7.105275011477152347e-02 0.000000000000000000e+00 0.000000000000000000e+00 3.153560143250988459e-03 1.625797679039888213e-02 2.264018561204652474e-02 2.252656936087644654e-02 5.635413939593467841e-02 5.496799155924403379e-02 8.498772129469323033e-02 5.492086311359214296e-02 0.000000000000000000e+00 4.324915726179891923e-02 4.587435635274088319e-02 1.411874343493391137e-02 4.281476256884344384e-02 0.000000000000000000e+00 0.000000000000000000e+00 6.757103520622038950e-02 4.253760764454091181e-02 2.776601996793255298e-02 2.037682778067598493e-03 2.869604879051603635e-02 1.770464894317118690e-02 5.141864710111869463e-02 2.924164896668490082e-02 4.864504753071034748e-02 0.000000000000000000e+00 4.023053146175446099e-02 0.000000000000000000e+00 8.680422434197110348e-02
3.805556765347768711e-02 3.558714153194726670e-02 4.923252305671619450e-02 5.886760043721182140e-02 0.000000000000000000e+00 1.269752638098508787e-02 2.350495710332758253e-02 2.830581566652146195e-03 2.938448412669281314e-03 3.504505031069094119e-03 1.638327400163088615e-02 3.229970661673125989e-03 1.444991927676895181e-02 4.375378515175962733e-03 8.069393989533750478e-02 0.000000000000000000e+00 3.145693487505809433e-02 4.841543907947043479e-02 3.903564319888071232e-02 5.921162347761086547e-02 4.079840806811674270e-03 1.397597378977449324e-02 3.726789897377447147e-02 0.000000000000000000e+00 4.200542172971388766e-02 3.297283386217504664e-02 6.114914319794557962e-02 4.172594925087098894e-02 3.897194626108846371e-02 4.946051650928993265e-02 7.498973838329421604e-02 5.160679924967934325e-03 2.024052303779351122e-02 3.625471939244064717e-02 3.501075985482384606e-02 7.187932688891321420e-02 5.708274860777588083e-02
3.766801506588102200e-02 0.000000000000000000e+00 1.301621060034525643e-02 1.147287704020003539e-02 0.000000000000000000e+00 6.375560463139588740e-02 5.973847977847323958e-03 0.000000000000000000e+00 6.651451757313156521e-02 5.600893161575069140e-02 9.308785713779191284e-02 1.274548754714110999e-03 0.000000000000000000e+00 7.558797514676696139e-02 0.000000000000000000e+00 1.258213270961992293e-02 9.539261974086273022e-02 5.298896950928710936e-02 7.210206768477407657e-02 3.853719812174523363e-02 0.000000000000000000e+00 3.721362961351850490e-02 4.265444448911104650e-03 0.000000000000000000e+00 2.028083226939234734e-02 5.206534896045118821e-02 3.291185492788695557e-03 2.573090311569190686e-02 3.425488805214360610e-02 0.000000000000000000e+00 3.545208639027067066e-02 5.088354758246094178e-02 0.000000000000000000e+00 2.218555449064025641e-03 0.000000000000000000e+00 7.348310367001475996e-02 7.489339810415751586e-02
6.202083634962409636e-02 0.000000000000000000e+00 7.184807179555327550e-02 9.713582880180102533e-03 7.060295811444534941e-02 4.684618713358847802e-02 6.955074788521830621e-03 7.408977884943510062e-02 5.506562369030834625e-02 4.235976002875618818e-02 6.615215720282803524e-02 4.498904309830538580e-03 6.792664851155994117e-03 3.932060341793804092e-02 4.437229723691080846e-02 7.488927964433447770e-02 0.000000000000000000e+00 1.778703439068314227e-02 0.000000000000000000e+00 9.132229995580561088e-02 4.820399326211708552e-02 3.776462461204532772e-02 7.741534850193013129e-02 5.552811102208465854e-02 9.585627782875424940e-02 0.000000000000000000e+00 2.414840765379784246e-02 5.075315093136449456e-03 5.327568345760615859e-02 2.110062138592193673e-02 7.351318519062140233e-02 4.704242491401409293e-02 0.000000000000000000e+00 3.948683007586275412e-02 6.697829472979881238e-02 5.272382448624600426e-02 6.491374382848391633e-02
4.220554175557866827e-02 0.000000000000000000e+00 2.587266905159806354e-02 0.000000000000000000e+00 1.679573509593179680e-03 7.995938334568053127e-03 6.766721746982807054e-03 6.926104257148199550e-02 2.047312400180602981e-02 7.901811748514679656e-02 5.699277702152182740e-03 3.820200247168079738e-02 8.670186667569064476e-02 2.287740128333172820e-02 8.037355111279032016e-02 1.284380882958097592e-03 3.614562147058437980e-02 6.118161323521702916e-03 6.883532370890384222e-02 3.228067342490992253e-02 5.845000344329074476e-02 1.285409962068614562e-02 3.299647233846680905e-02 0.000000000000000000e+00 2.071210235162448260e-02 5.976524504331646309e-02 5.336435541285151907e-02 7.167359062607525644e-02 0.000000000000000000e+00 5.489283072893060694e-02 9.624787540295276500e-03 6.272144065616140629e-02 5.408181218615810970e-02 2.037510295142823391e-02 4.276499228611552184e-02 7.896641783803595716e-02 0.000000000000000000e+00
1.215150083267788582e-02 2.016334228235079976e-03 1.180462338738355078e-02 7.013815867029782325e-02 0.000000000000000000e+00 4.663923936109064250e-02 4.234743395819062783e-02 3.849423262153681136e-02 0.000000000000000000e+00 2.866621920755569805e-02 2.371731088338790983e-02 9.433145412012589395e-03 2.413642849120147676e-02 0.000000000000000000e+00 3.412176659379913268e-02 5.562400576479200470e-02 0.000000000000000000e+00 7.449469748177098283e-02 5.271893099702391894e-02 3.398399944801191314e-02 2.448120200135528793e-02 8.414623097437781696e-02 0.000000000000000000e+00 0.000000000000000000e+00 9.192307393286736766e-03 7.526267731327252125e-04 0.000000000000000000e+00 1.476315434039391673e-02 5.439508297295177208e-02 1.080050520627651201e-05 0.000000000000000000e+00 5.039501229503198093e-02 6.295996287012180226e-02 8.024496982375187160e-02 1.462409161845350594e-02 4.611696942383094328e-02 5.776965470881796627e-02
1.012816757154908582e-03 3.544056899643841657e-02 0.000000000000000000e+00 3.078982121627722723e-03 2.207895878127690351e-02 3.539169098598220209e-02 0.000000000000000000e+00 5.236445897296286567e-02 2.464874217759424613e-02 6.794733755425648447e-02 0.000000000000000000e+00 0.000000000000000000e+00 3.171829989546291056e-02 7.408422313362308942e-02 4.388042636216973880e-02 6.450319118602579338e-02 1.348776320521717122e-02 5.153645857206390346e-02 3.765435183793935936e-02 1.769069139987831246e-02 0.000000000000000000e+00 6.346287753286831979e-02 0.000000000000000000e+00 2.970309896167089292e-02 5.628661520424928927e-02 6.939540660566709263e-02 2.694401984484402421e-02 1.683472746135210654e-02 1.435941500627646583e-02 7.012469269967577801e-02 9.232576737448816573e-03 0.000000000000000000e+00 3.464309733529002781e-03 5.283523387825699025e-02 0.000000000000000000e+00 8.895030064118528146e-02 0.000000000000000000e+00
5.202587057651122254e-02 2.232337885130109001e-02 0.000000000000000000e+00 7.063920260217226681e-03 9.379842331907011638e-03 1.134172668600674783e-02 1.206344083376960016e-02 2.601997764949510138e-05 2.537827529836435975e-02 3.016128618537494699e-02 8.125321757259226785e-02 7.163251263961977963e-03 1.856954038230397433e-03 0.000000000000000000e+00 3.174057016615883242e-02 4.644169383644021487e-02 7.185024425764466316e-02 0.000000000000000000e+00 8.736052054631633645e-02 0.000000000000000000e+00 5.861916539503982115e-02 1.784274516534178900e-02 2.663202529790788947e-02 4.747008439047444017e-02 9.091487231576449168e-02 0.000000000000000000e+00 7.563882638331893837e-02 1.180033783457839006e-02 1.521099741863807253e-02 5.679550211488910982e-02 2.151346545744808880e-02 5.873688398238510050e-02 6.569781794489770732e-02 5.457644742952633132e-02 8.014959952390272868e-02 1.057344523597590407e-03 4.275689162358089351e-02
1.497567373872959280e-03 3.772671243973011596e-02 7.615549131019623552e-02 1.823917746983889573e-02 0.000000000000000000e+00 5.112808529804091506e-02 0.000000000000000000e+00 7.333353685357231477e-02 0.000000000000000000e+00 4.352993155187175056e-02 4.881961009306001915e-03 4.184872623172850720e-02 0.000000000000000000e+00 1.081849657787984850e-03 1.436569218574970143e-02 3.990479208446649079e-02 5.295842842861446520e-02 0.000000000000000000e+00 2.446235535877709991e-02 2.971831755093923451e-03 3.318806345094813676e-02 6.005390853348923849e-03 8.397547131855141386e-03 7.171153510258161667e-02 0.000000000000000000e+00 8.340834451083089379e-03 7.709254565169923468e-02 3.115507130150350218e-02 3.472848964917254339e-02 0.000000000000000000e+00 1.748891819592088975e-02 0.000000000000000000e+00 6.563867613918779320e-02 2.782775643002910471e-02 1.481082986736385020e-02 3.273694146385448811e-02 3.150281777307180342e-02
