output_new_topo_ddd_2/topo_0_yrs_topographic__elevation.asc
ncols 300
nrows 100
xllcorner 0.0
yllcorner 0.0
cellsize 10.0
[rows 68 to 84 of 100, columns 37 to 73 of 300]
5.302631609560927828e+00 5.495369578526068111e+00 5.953067804207742952e+00 5.457725275954575572e+00 5.507880494180677822e+00 5.421971273866800445e+00 5.990883590344860288e+00 5.314511890879429323e+00 5.380653246813491997e+00 5.380872103062568357e+00 5.649172595996981627e+00 5.898885684962174913e+00 5.366578308229295047e+00 5.266679026654888851e+00 5.074736862691787032e+00 5.219696782544644087e+00 5.587089512406946845e+00 5.400580709951815273e+00 5.877860884745737202e+00 5.855397647846298348e+00 5.068897114799066905e+00 5.415561310673595585e+00 5.614837184086720612e+00 5.624107371046208392e+00 5.963334388602812730e+00 5.877680740801605630e+00 5.295688827250324415e+00 5.101219259975666276e+00 5.848698979769876516e+00 5.814853186484889136e+00 6.035919179205745166e+00 5.625171400436205893e+00 5.883759542727845293e+00 5.719425737284937306e+00 5.710850743972565979e+00 5.561800678160865097e+00 5.244154032551499256e+00
5.165943025030186320e+00 5.952802055569862638e+00 5.805654741124146589e+00 5.308572285503052157e+00 5.328606289488845960e+00 5.337578270422096871e+00 5.859140852268454935e+00 5.239508033071803794e+00 5.896901795999070828e+00 5.837057596304708440e+00 5.463145863426455584e+00 5.811261834790193426e+00 5.107799502384684942e+00 5.927375229810952106e+00 5.348011767666393190e+00 5.829262909400982906e+00 5.513176280785610395e+00 5.433916273797023244e+00 5.694333017101933514e+00 5.599629620444221523e+00 5.959680273811178708e+00 5.821019823234885315e+00 5.193286943668930178e+00 5.248108343560047295e+00 5.830536328909518673e+00 5.634044125508198775e+00 5.323550831961206597e+00 5.327609060770141625e+00 5.090110590193857476e+00 6.005936077068484202e+00 5.305398153764157243e+00 5.983991272028881703e+00 5.062295464847885285e+00 5.521088401883587515e+00 5.107680822502389972e+00 5.239222997046312891e+00 5.265778907222267158e+00
5.487098699353697207e+00 5.513590037505805341e+00 5.904778322825984027e+00 5.755685619717386459e+00 5.513786093770535857e+00 5.447878871826405067e+00 5.710232240732385556e+00 5.612492679997521883e+00 5.186287479785993249e+00 5.883516860223147127e+00 5.723250166368305969e+00 5.477051863134936305e+00 5.195015252126410132e+00 5.508026931138422455e+00 5.996401961023301475e+00 5.535556505401031835e+00 5.185717147454252718e+00 5.970711166875209308e+00 5.447651374908036637e+00 5.440005159847183691e+00 5.939857105175939900e+00 5.442160465035549954e+00 5.595541351060444590e+00 5.177985813680551885e+00 5.660548242309838329e+00 5.165247628239984401e+00 5.284409581921771348e+00 5.158782671024365385e+00 5.331725814710282840e+00 5.448155116660819530e+00 5.298454087755671615e+00 5.857268102859972458e+00 5.541898436201839750e+00 5.957955962732668809e+00 5.150435227036581409e+00 5.083442598591084938e+00 5.864256545147699562e+00
5.139470645076698929e+00 5.236516769331434951e+00 5.619264014230437532e+00 5.390673755464946204e+00 5.252477219472432957e+00 5.391153282356130561e+00 5.119629023646955268e+00 5.589576629247654083e+00 5.167025492535976205e+00 5.435962694522996408e+00 5.617728167057168598e+00 5.062052227023275286e+00 5.430893568373293512e+00 5.290494936289394268e+00 5.213844688031163521e+00 5.798954774104690735e+00 5.492574659639016588e+00 5.770616135589838436e+00 5.928155727640470829e+00 5.822998792785963218e+00 5.984680837685233179e+00 5.110368326916105097e+00 5.815253740612996936e+00 5.331025013666429224e+00 5.722515668644484244e+00 5.070463696130002695e+00 5.844954285230809177e+00 6.034372295720975110e+00 5.354184347687934498e+00 5.664996289810203756e+00 5.710262706980373082e+00 5.070958303491972075e+00 5.147252901472231912e+00 5.938725973263349722e+00 5.357079877862592099e+00 5.270464600430552871e+00 5.966304392574477866e+00
5.342042317093310011e+00 5.630512674873383361e+00 5.462480143311456260e+00 5.965394506606914504e+00 5.931931318049065816e+00 5.735132695393045488e+00 5.080324800275520580e+00 5.933332636456467135e+00 5.753395885861459114e+00 5.220126905681626184e+00 5.652303744718592426e+00 6.040150892522831327e+00 5.661544858395705759e+00 5.888505316590080696e+00 5.759891223010557226e+00 5.703001159529715203e+00 5.438844774012886241e+00 5.972800656072450032e+00 5.568458072223019251e+00 5.859715518329842610e+00 5.423988735608140210e+00 5.531497366402303939e+00 5.480422685892752277e+00 5.146547284552974055e+00 5.411664264433681204e+00 6.003471206426442386e+00 5.617481387505516288e+00 5.151755090527710301e+00 5.532669433022496364e+00 5.421175063695583773e+00 5.643008580946420771e+00 5.742450964619885134e+00 5.721103323362353166e+00 5.838756830107563189e+00 5.969216593257390180e+00 5.381745872028678157e+00 5.600661690001888182e+00
5.639786746793268968e+00 5.198681196244393732e+00 5.302015410576680132e+00 5.562351124117291157e+00 5.243225442235764255e+00 5.350837279303092942e+00 5.445144548484196712e+00 5.647968497268940347e+00 5.133105552968301843e+00 5.666792255651476040e+00 5.530574952074626793e+00 6.002679142054339501e+00 5.291137285932377310e+00 5.091015051393635638e+00 5.272865933789311121e+00 5.770881117049550646e+00 5.823702003219570322e+00 5.943828453134490708e+00 5.264687226255762020e+00 5.818929086145451457e+00 5.441672766789611870e+00 5.066096433716563929e+00 5.503554385288638606e+00 5.413711716368583282e+00 5.675428490543284354e+00 5.311532369974321988e+00 5.216172601128657327e+00 5.658614879796219910e+00 5.827802635693383415e+00 5.277654878171147423e+00 5.492493717612370041e+00 5.773710116152385829e+00 5.127634921191589257e+00 5.538347134412329176e+00 5.431765335216016233e+00 5.214060914993690510e+00 5.378115978535323194e+00
5.916637666563643982e+00 5.517312118047846603e+00 5.576161592387547827e+00 5.252785308596108926e+00 5.895258585601587775e+00 5.141125017055277802e+00 5.745755969290031295e+00 5.550727156204072976e+00 5.527297794405129139e+00 5.898864704878516108e+00 5.456186456293004028e+00 5.402939199500443657e+00 5.053738601130642216e+00 5.594865941070721327e+00 5.175203642905178647e+00 5.918608308727934642e+00 5.401726596445235451e+00 5.201234389266272018e+00 5.653831288863099047e+00 5.793566442162583208e+00 5.323705215331809626e+00 5.319586498456076562e+00 5.366421041317980922e+00 5.128125089993149643e+00 5.303213545524294581e+00 5.134632814552996471e+00 5.815681759741635481e+00 5.512138290546537256e+00 5.160341540668437865e+00 5.751446277081583069e+00 5.885605400127027487e+00 5.740948174127360915e+00 5.114916388710722295e+00 5.607743400977553527e+00 5.461542739848771255e+00 5.280597326572411987e+00 5.188826432740236250e+00
5.290321647993895482e+00 5.123291407943892040e+00 5.572201710514684159e+00 6.004925404341428852e+00 5.242420092695095235e+00 5.821182859162919776e+00 5.069113270458492693e+00 5.445764757298033665e+00 6.001962694861689762e+00 5.562892637361708914e+00 5.881575486379316153e+00 6.001423225829976893e+00 5.880142200907803485e+00 5.871225175117604778e+00 5.389193633711351517e+00 6.038721148460648003e+00 5.187353716963394312e+00 5.371407910617953085e+00 5.462622690303918560e+00 5.946978982008155334e+00 5.809882138330960011e+00 5.872510465122904755e+00 5.952314936426618353e+00 5.892766556767627506e+00 5.783093375408730807e+00 5.436956738886098428e+00 5.716538802093386273e+00 5.520162357332809577e+00 5.678769336381924937e+00 5.555701347108829680e+00 5.972415589944191971e+00 5.429737570391569790e+00 5.535487837933206201e+00 5.514728886270419572e+00 5.817270633648070621e+00 5.312216288280774634e+00 5.987766358070968131e+00
5.865632723919072866e+00 5.596689491003644434e+00 5.524545329550596406e+00 5.819985240796599513e+00 5.303303082124303458e+00 5.055695935648081729e+00 5.769815332849655753e+00 5.332084420551517212e+00 5.068578390267868272e+00 5.298094801900334438e+00 5.585870237371552527e+00 5.375315765763379439e+00 5.687097482971750217e+00 5.418411249256521955e+00 5.510623703579114796e+00 5.678271979455381313e+00 5.167039937320670795e+00 5.273920855019607501e+00 5.600960013217074263e+00 5.611155800737335220e+00 5.260201908051160835e+00 5.983361489772518915e+00 6.001421174622750598e+00 5.269052962104614046e+00 5.215697424927018488e+00 5.486766684741748890e+00 5.935878907105303526e+00 5.642078936625360974e+00 5.866096927561822660e+00 5.231271067780425277e+00 5.590066065263176398e+00 5.167343537426187794e+00 5.262075932912575027e+00 5.621801266543716480e+00 5.256109361511687617e+00 6.004847450490323091e+00 5.432181665784734825e+00
5.567542011206949581e+00 5.258864367921031402e+00 6.023013618626370302e+00 5.679420989683197973e+00 5.220642714574569077e+00 5.139092666273811894e+00 5.651807911205252388e+00 5.891629591636174723e+00 5.891862980058522936e+00 5.826621772333508531e+00 5.287538669938150804e+00 5.742220770265596741e+00 5.490391114160572350e+00 5.912843486309621532e+00 5.797841458598340658e+00 5.247440618590459849e+00 5.185994639825309171e+00 5.168020999543327498e+00 5.225153642725634207e+00 5.558564245796683956e+00 5.551766741162917462e+00 5.060487902884813316e+00 5.054404855569967658e+00 5.835482762532175904e+00 5.256213745591239217e+00 5.800754574098478500e+00 5.554684201900240481e+00 5.673171592771959482e+00 5.186356560566944829e+00 5.392244244370817619e+00 5.156721998162491438e+00 6.043026823697070782e+00 5.116805579759800438e+00 5.822759078072635042e+00 5.993661729943132954e+00 5.639486060020847624e+00 5.979459530207527962e+00
5.900795075008974599e+00 5.479519223900430447e+00 5.877387157836674980e+00 5.761306532869579833e+00 5.629798657171710019e+00 5.713787246812935372e+00 5.544569315688018030e+00 5.363582663461771816e+00 5.376859787435733118e+00 5.144400718585195875e+00 5.747513789815296370e+00 5.205065619347318595e+00 5.975569464612910053e+00 5.992365118879362740e+00 5.539965094930049183e+00 6.041196676513081343e+00 5.443502326020627002e+00 5.305769100379031933e+00 5.574417059742903469e+00 5.491202534897385412e+00 6.014411370532243062e+00 5.677738623630275150e+00 5.766194839304710662e+00 5.470032208308871269e+00 5.376541339772831662e+00 5.961155130897874521e+00 5.749706877386623560e+00 5.782806558957911847e+00 5.939801177535778187e+00 5.560432807144148448e+00 5.573216515616668865e+00 5.214263035142254310e+00 5.845087621745991946e+00 5.863479566869413517e+00 5.170430879100858412e+00 5.182678629659095648e+00 5.904727516737243498e+00
5.599848054478853143e+00 5.363853359761725947e+00 5.393037805268021678e+00 5.158568101369046310e+00 5.304715141899935205e+00 5.280994139256246278e+00 5.769117128309809495e+00 5.543193959562495721e+00 5.880401836231756718e+00 5.395360265979893377e+00 5.350625415649301608e+00 5.211277083833445900e+00 5.303557747557672286e+00 5.691470698774340420e+00 5.288834174238918884e+00 5.473861123114432736e+00 5.192723455823649026e+00 5.788862085558294623e+00 5.195770269822920895e+00 5.618676098461111934e+00 5.067281169851752587e+00 5.278510412586925327e+00 5.212504590888699774e+00 5.760431344331922610e+00 5.928209267110396752e+00 5.645873254197823599e+00 5.659738565766581964e+00 5.511639375086697434e+00 5.798423060945740559e+00 5.733779578931130771e+00 5.473059220722621632e+00 5.264568709280974090e+00 5.107669687925143975e+00 5.401059351347472060e+00 5.896903412827501967e+00 5.398642027813342459e+00 5.504648136657404933e+00
5.580348694897447004e+00 5.652875943507496004e+00 5.392280726027202320e+00 5.356007018557176202e+00 5.284463271837682719e+00 5.848604329318876971e+00 5.396216674888798082e+00 5.519983823263854283e+00 5.833887951014545159e+00 5.895663349070219716e+00 5.400407820788490021e+00 5.067831034610731145e+00 5.785792371876392615e+00 5.467745590528898525e+00 5.205144864921551040e+00 5.177930212396797849e+00 5.089522443463365242e+00 5.961203175422020273e+00 5.054795746540166057e+00 5.421990621459589654e+00 5.595355399614601488e+00 5.713883541298050872e+00 5.741832056273884710e+00 5.246878562070489416e+00 5.708998993554596169e+00 5.575280482530112103e+00 5.874138826912185252e+00 5.984365982237012105e+00 5.663441149256068563e+00 5.996932981986624611e+00 5.288761124569464123e+00 5.097828499293600935e+00 5.134009350571318464e+00 5.267221690250419641e+00 5.807207719116274092e+00 5.979121404182676791e+00 5.825532607939343244e+00
5.387533003139122201e+00 5.087562617042136637e+00 5.269394261675396152e+00 5.359966154763473156e+00 5.151934667937172030e+00 5.424428833963549579e+00 5.746241436823359194e+00 5.237961828769718053e+00 5.978093562680845352e+00 6.035613385357584626e+00 5.752869023128978299e+00 5.240195053092778998e+00 6.029311124347281670e+00 5.697419980710384912e+00 5.721339747049397850e+00 5.896531225079662875e+00 6.025720414890831655e+00 5.096846692391763689e+00 5.057849112101534317e+00 5.241240739191442621e+00 5.109726278925585952e+00 5.559683102912954311e+00 5.674048751281621783e+00 5.884510958465570596e+00 5.282511620003882413e+00 5.373562962500568752e+00 5.442198015182144744e+00 5.294430480274900042e+00 5.492711881149863196e+00 5.695538378169299421e+00 5.759565008167695233e+00 5.734969670429912902e+00 5.237806606529069597e+00 5.434989100960060604e+00 5.824624036609375999e+00 5.423311437162230852e+00 5.116967694930846910e+00
5.489447078539423153e+00 5.913769295992543640e+00 6.031520207099771547e+00 5.729633636125680773e+00 5.946499365810185900e+00 5.225345960627101327e+00 5.896211379796782559e+00 5.203036995865423897e+00 5.910863087207374633e+00 5.308255035261709054e+00 5.548709018164924345e+00 5.118424244876393026e+00 5.312381123743362465e+00 5.785775396217646360e+00 5.126211106113277793e+00 5.167887832706415274e+00 5.180456909167426183e+00 5.132789239671719628e+00 5.282429254905360416e+00 5.442545400458511651e+00 5.428644022961205629e+00 5.736645514215332753e+00 5.750650118562096402e+00 5.386347980686853276e+00 6.031737049054674671e+00 5.276246590966711558e+00 5.933947215319712143e+00 5.438215802111426633e+00 5.908854382817056106e+00 5.215811458505134723e+00 5.145616821044991518e+00 5.081833184028421435e+00 5.510596596423911642e+00 5.390834318929935698e+00 5.192595810061223283e+00 5.224266882597837558e+00 6.035791848602634957e+00
5.570094404555755219e+00 5.976761156716315249e+00 5.517093377093461370e+00 5.882604332349026244e+00 5.957908075028422346e+00 5.967601205155316002e+00 5.758380343458977535e+00 5.097045124737474175e+00 5.624386590385832996e+00 5.553144813820402703e+00 5.135755073780482682e+00 5.321626544311346407e+00 5.576578056276268569e+00 5.576026663455172283e+00 5.612767050665072865e+00 5.410093278421297391e+00 5.535497035950728950e+00 5.657919344484080959e+00 5.604835567982836331e+00 5.913871282942751328e+00 5.191111257088294018e+00 5.212819978676598964e+00 5.615841762647831636e+00 5.255124820978253730e+00 5.419954388060422623e+00 5.379144146221629619e+00 5.117489332032760352e+00 5.716155382634338089e+00 5.060241780350365204e+00 5.939792306327013272e+00 5.143086133316359110e+00 5.620400897261198736e+00 5.962396351327686972e+00 5.324517046105314400e+00 5.822778063976411289e+00 6.011708158417793157e+00 5.692321957309185443e+00
5.089180441150324974e+00 5.719787134719466870e+00 5.823040149703325064e+00 5.778150751503178917e+00 5.905603604952489150e+00 5.681197842845259416e+00 5.305141957217747617e+00 5.147352673409564261e+00 5.215468435502680578e+00 5.192413317405270234e+00 5.344962122343280164e+00 5.140507565322248951e+00 5.619719956210337486e+00 5.467863522763266815e+00 5.917563055457373267e+00 5.826864992171494784e+00 5.970206818538152937e+00 5.775442488403665031e+00 5.203113849386510559e+00 5.264739860163277108e+00 5.181452839918263109e+00 5.197617270786068389e+00 5.995151516286137294e+00 5.406439593929035503e+00 5.313083436110818347e+00 5.434978973941052338e+00 5.169716044397514310e+00 5.211121418613727130e+00 5.809708799707421711e+00 5.177795902961496388e+00 5.339230775279639296e+00 5.066403572311495296e+00 5.335043302806242060e+00 5.302073901337522877e+00 5.548789765268426599e+00 5.573053892504431950e+00 5.878922301031397346e+00
