output_new_topo_ddd_2/topo_0_yrs_soil__depth.asc
ncols 300
nrows 100
xllcorner 0.0
yllcorner 0.0
cellsize 10.0
[rows 68 to 84 of 100, columns 37 to 73 of 300]
4.995074967186620363e+00 4.999232772704253591e+00 4.997497715600669466e+00 4.999723051472372504e+00 4.998922996127543428e+00 4.997964913676065990e+00 4.997149807335897087e+00 5.000091024685477947e+00 5.001710334865411056e+00 5.001565358288235785e+00 4.999096820564727039e+00 4.997368331735618341e+00 5.000858860367670466e+00 4.941997522794420838e+00 5.003802578526491018e+00 4.997369497547613726e+00 4.999032988952038181e+00 4.996039034509241361e+00 4.996925981493050450e+00 4.996168623022978927e+00 5.003488453269350877e+00 4.998628818989818257e+00 4.997915193827020985e+00 4.998229853444313697e+00 4.997255116313414902e+00 4.996462108136641156e+00 4.987073803980770492e+00 5.001893043394673555e+00 4.996226062257667522e+00 4.998387864215370513e+00 4.996413445903304051e+00 4.999274965132217474e+00 4.995965586868257091e+00 4.997913609182312200e+00 4.997027601362267646e+00 4.992582589193871101e+00 5.002388245945812884e+00
5.002393801818664443e+00 4.996078210574022016e+00 4.997627032684153647e+00 5.001794516395336565e+00 5.000996870314253329e+00 5.001309727131472371e+00 4.997407226364449784e+00 5.001641574314434457e+00 4.997351439205832691e+00 4.998149756022162826e+00 5.001478763495345703e+00 4.996524870135172769e+00 5.003037641023418303e+00 4.997007438111613631e+00 5.001180385929678174e+00 4.996954941618011681e+00 4.999621395396673940e+00 5.000395260289415944e+00 4.998723000549368578e+00 4.999294713841273108e+00 4.995623405696410835e+00 4.996888648562006097e+00 5.002284409746292404e+00 5.000850449176952317e+00 4.997155607476551076e+00 4.998490112792705276e+00 5.001080206917609239e+00 5.000587023159144273e+00 5.002390922021864306e+00 4.995413712881089374e+00 5.001822823586419275e+00 4.996568293735736077e+00 5.002220521471011594e+00 4.994553508510600537e+00 5.003195751937559166e+00 4.997681627512688074e+00 4.993628813504214392e+00
4.998312102375940924e+00 4.998170032595560031e+00 4.998063550942628552e+00 4.998184027607217139e+00 4.998725705324925883e+00 4.999776878775121780e+00 4.997114698533005495e+00 4.998273733552251130e+00 5.002139935989921682e+00 4.996552273420533652e+00 4.998866865051623698e+00 4.983835720772600730e+00 4.995365817230050354e+00 4.998577966357281355e+00 4.996684682782252196e+00 4.998397920544637607e+00 5.002699345460445812e+00 4.997250192552082027e+00 5.001008667900327609e+00 5.001137790054181131e+00 4.997557209729061256e+00 4.998383569093362233e+00 4.997935565032046057e+00 5.002332518852597332e+00 4.997565119898374597e+00 5.002943535250977902e+00 5.001366317912522952e+00 5.002213754311446436e+00 5.001582559169904130e+00 4.996820536679582148e+00 5.001865442932411199e+00 4.997190612584060609e+00 4.998115457737118739e+00 4.995994092675384302e+00 5.002703251403863405e+00 5.002834101976519676e+00 4.996104705902181031e+00
5.000888161202720283e+00 5.001587302150558578e+00 4.998872641506666881e+00 4.999286769892740345e+00 5.002019962030687772e+00 4.993952121260305077e+00 5.001597304583807357e+00 4.997713992429686058e+00 5.001522886890125363e+00 4.996737458677260157e+00 4.997293811149826404e+00 5.003152439698590470e+00 4.998160452763084294e+00 5.000374832724268082e+00 5.002352014097916744e+00 4.997092924758266719e+00 4.993912328300087466e+00 4.998741082245103939e+00 4.997609065799982098e+00 4.998173057257043972e+00 4.997188608571808466e+00 5.000234228597127739e+00 4.997521845235550764e+00 5.002049222202995971e+00 4.996757183983537409e+00 5.003188934393263843e+00 4.997200530930332008e+00 4.995578288482307450e+00 5.000483936410469177e+00 4.998453395146832179e+00 4.997923921925133683e+00 5.001852481251421345e+00 5.000326341871041080e+00 4.997088042690271514e+00 5.002373048751035611e+00 5.002664020796051325e+00 4.996502539516811225e+00
4.996093639613047088e+00 4.997815510130596550e+00 4.999308991795625268e+00 4.997129847604377062e+00 4.996599183985193093e+00 4.998107186889183318e+00 5.002849030889644055e+00 4.995779700565677217e+00 4.997059056313255532e+00 5.001556369208716823e+00 4.997926190444957228e+00 4.995173766754251510e+00 4.998917029509001964e+00 4.996990001625810862e+00 4.997306485708556956e+00 4.998737455068589242e+00 5.001643348280822465e+00 4.997346255929166148e+00 4.998635279452247282e+00 4.997864565657658353e+00 4.998222910997771606e+00 4.997676022283993547e+00 4.998422213406310988e+00 5.000900452426978227e+00 4.973094804605349140e+00 4.995307171449643313e+00 4.997759515519183182e+00 5.002084886964469845e+00 4.999114998291783074e+00 4.999759716745852067e+00 4.998930341777606756e+00 4.996734945960489505e+00 4.997075026642247231e+00 4.998362922852141565e+00 4.997017974454923461e+00 5.002475610739804956e+00 4.999033860222565018e+00
4.997877102958688589e+00 5.002272320279641526e+00 4.999655967204642337e+00 4.998454808925940185e+00 4.996992138127698269e+00 4.990485269759328268e+00 4.999633320127656155e+00 4.998988236936103391e+00 5.000207024583653848e+00 4.997788576033920904e+00 4.999710839880843416e+00 4.996456734942047895e+00 4.999718369763748171e+00 5.002706749845848400e+00 5.000254640801442996e+00 4.997603414237202557e+00 4.997933958271002730e+00 4.996320968550745256e+00 5.000453020790844860e+00 4.998135381414259726e+00 4.997056690775256271e+00 5.003157353881650948e+00 4.999496790067714969e+00 5.001706698754325053e+00 4.998754000698460764e+00 5.002697123276042213e+00 5.001114977846478737e+00 4.997496980802361932e+00 4.997214961422228541e+00 5.002238850432033423e+00 4.998806988640974502e+00 4.996829603445924306e+00 5.002341407853806210e+00 4.999489876333434779e+00 4.998086491603833004e+00 5.001044880495010503e+00 4.988160857931968728e+00
4.996903487590298454e+00 4.998454674300862877e+00 4.998394112824475322e+00 5.001851200679677589e+00 4.996169068882348796e+00 4.997611136261623344e+00 4.996603244450108505e+00 4.999524032798426276e+00 4.999778613824045870e+00 4.997761486592569469e+00 5.000721585306491690e+00 4.993064761351347691e+00 5.003485750970729562e+00 4.997882049736872112e+00 5.002255813840446486e+00 4.997429402642209695e+00 4.998618513337707903e+00 5.002118379196757836e+00 4.997756767939602440e+00 4.997722695002049242e+00 5.001868894927646636e+00 5.001581059528894535e+00 5.002189453803715935e+00 5.001962126981988277e+00 5.001190307871144825e+00 5.003223376809781797e+00 4.996986281458638324e+00 4.998335743364456185e+00 5.001997269085418196e+00 4.997632327764399918e+00 4.998085513704066507e+00 4.998483772486763677e+00 5.001887043553070455e+00 4.997576500268056776e+00 4.999174935916139262e+00 4.999492104293858930e+00 5.001908969719226050e+00
5.001866372721328169e+00 5.002061201962163750e+00 4.997858357608999214e+00 4.996168577626009188e+00 5.001325846476294856e+00 4.996145451010946203e+00 5.002976216831603651e+00 4.999086330562005465e+00 4.995320312638441784e+00 4.998813069368343243e+00 4.997889872125312216e+00 4.996883244264688884e+00 4.995978300457407428e+00 4.997726861673063681e+00 5.001840472872053134e+00 4.995756582186947625e+00 5.002500749158890869e+00 4.998248351192202676e+00 5.000328428059519936e+00 4.997593268922607912e+00 4.997604736789340585e+00 4.997331089626396050e+00 4.997146864105897812e+00 4.996224739173599438e+00 4.997594209076862803e+00 4.982089953078149946e+00 4.998746952885230854e+00 4.998837739852806550e+00 4.997474186178703093e+00 4.998502088825547141e+00 4.997320354648610241e+00 4.993025241260889757e+00 4.998630427523891306e+00 4.999212975010054905e+00 4.997433738707739437e+00 5.000310204161642957e+00 4.996125607668588486e+00
4.997221124999517983e+00 4.997686365097288252e+00 4.998743566398109905e+00 4.997481963618617407e+00 4.998725681605916904e+00 5.001972881012980210e+00 4.997875324606760650e+00 4.969731147930345649e+00 5.003711205968240705e+00 5.003407732200258806e+00 4.998584269502391209e+00 5.001135041256239866e+00 4.998460735199504512e+00 5.001728724449517216e+00 4.999142140983257043e+00 4.997492413165712577e+00 5.002281319979416274e+00 4.997776865423806392e+00 4.998130017267228276e+00 4.998332784984521382e+00 4.999588391113327646e+00 4.995442033623482381e+00 4.996356154158262619e+00 5.000084134290968763e+00 5.002190621773082491e+00 5.000478506402760814e+00 4.997735759647845555e+00 4.998509828835217661e+00 4.996816917904399524e+00 5.000674604617744379e+00 4.997851060131904610e+00 5.002697554578524830e+00 4.998503963043117615e+00 4.998239989114665605e+00 5.001994075500332926e+00 4.996479573605070890e+00 4.999087187825413281e+00
4.998573199904799758e+00 5.002205139941699130e+00 4.996194691027103119e+00 4.997838286117379347e+00 4.999993938844756514e+00 5.000475886141590109e+00 4.997543168533076674e+00 4.997361904169978608e+00 4.997413202922600384e+00 4.996583354186512338e+00 4.990205818017204642e+00 4.997283625788921491e+00 4.989855793502076864e+00 4.997953061703642064e+00 4.997292071795581769e+00 5.000648243266629045e+00 5.001684720507910242e+00 5.001849315815556807e+00 5.001449826936402943e+00 4.998378702030834120e+00 4.997629648242332578e+00 5.002652301827304804e+00 5.001880175465874601e+00 4.997018910881884324e+00 5.001550081352899468e+00 4.997318671652273281e+00 5.000073272672564961e+00 4.997627920820054470e+00 5.002911208355956596e+00 4.997241704768367931e+00 5.002734503348336581e+00 4.995708701765479987e+00 5.002430993826175509e+00 4.996575659632674693e+00 4.996288470338435594e+00 4.997886809401927977e+00 4.997234614449566514e+00
4.997897705058294449e+00 4.998812959805476908e+00 4.997654475094940985e+00 4.997061296730401558e+00 4.998402718106953024e+00 4.997814719854808629e+00 4.999168265769962538e+00 5.001500743315823172e+00 5.001394035124273607e+00 5.003578978332121174e+00 4.997914908110693943e+00 5.002653918066330085e+00 4.996634952799515084e+00 4.997779202845452851e+00 4.998635264467171879e+00 4.996921672463260578e+00 5.000078142420062655e+00 4.995742121765434973e+00 4.998088979129417631e+00 4.998653095441190963e+00 4.995271556556189374e+00 4.998082599969251305e+00 4.997197017732471380e+00 4.999215105665929748e+00 4.999904968984909104e+00 4.997104151050591803e+00 4.999072529181535884e+00 4.997970354489439160e+00 4.996274143717082339e+00 4.998768572285651857e+00 4.998198525574669482e+00 5.002618560361589140e+00 4.996289262473673887e+00 4.997704433354060782e+00 5.001978734362616308e+00 5.002205451274981840e+00 4.996419887612013611e+00
4.998874456197024863e+00 5.001715475367427999e+00 4.992999573185324280e+00 5.002875808140172076e+00 5.001163961814507175e+00 5.001940462909964857e+00 4.998205258931462502e+00 4.999178807377854916e+00 4.997549297175814864e+00 5.003221048861639098e+00 5.000979430712217066e+00 4.992826693471990929e+00 4.998216728077242266e+00 4.998100157699612467e+00 5.000373936606851366e+00 4.998645515650791182e+00 5.000770384552110315e+00 4.997031235436612207e+00 5.002043382619010714e+00 4.997246307136067323e+00 5.003155704270783488e+00 4.993247522337499689e+00 5.003156630653943004e+00 4.997434047220436604e+00 4.997265441891699744e+00 4.999154558343082755e+00 4.999432578999524424e+00 5.000118611035961003e+00 4.999174023866932437e+00 4.998761169449554842e+00 4.998632415642975779e+00 4.988078015298758494e+00 5.001874470280219143e+00 4.996641509042788698e+00 4.997486115577874699e+00 4.998991899594121158e+00 4.999611613678649036e+00
4.998338281320375387e+00 4.998644712327225292e+00 5.000275287342883068e+00 4.999300548974436431e+00 5.000539083455180389e+00 4.997758290682712712e+00 4.978750315074977451e+00 4.997868596529953855e+00 4.998517625140825871e+00 4.997614822666289314e+00 4.989073070364009155e+00 5.003052040234202913e+00 4.996457108926033008e+00 4.999442025727616645e+00 5.001054922674338599e+00 4.999262932433396145e+00 5.002003606031285798e+00 4.995413219001207494e+00 5.002297489972955979e+00 4.968756006721819496e+00 4.997379790376548669e+00 4.997902687697109769e+00 4.997528586181029908e+00 5.003139661376260428e+00 4.997885140012285454e+00 4.997270538346947788e+00 4.997868791199624461e+00 4.996563794737671316e+00 4.999261328804319504e+00 4.996485501386396244e+00 4.999853570054772156e+00 5.002964820540446667e+00 5.000718192382762162e+00 5.001906979096885308e+00 4.997407267016210852e+00 4.997109326023254638e+00 4.996507753722331913e+00
4.937363678906339537e+00 5.004380985900259482e+00 5.004215635253303596e+00 4.957234487606881679e+00 5.004665493842148649e+00 5.004072555748137141e+00 4.997479648833686561e+00 5.002420384055292324e+00 4.996393440524220075e+00 4.996430202753775696e+00 4.997584482822377439e+00 4.981345204749040967e+00 4.996143961837757885e+00 4.998937020012359511e+00 4.997453825628124235e+00 4.996450422921327572e+00 4.995312743606849182e+00 5.000601386608653165e+00 5.002079520711213867e+00 5.001269475944909892e+00 5.002970339017776880e+00 4.997854340633388404e+00 4.998585977946717662e+00 4.996938585232106433e+00 5.003065794292253621e+00 4.999101472249720679e+00 5.000421409234689030e+00 5.001757230809463550e+00 4.998482832260727093e+00 4.997690757499922753e+00 4.996967268554056929e+00 4.996716024999636296e+00 4.990646001313198354e+00 4.999109559382705292e+00 4.996844030714426843e+00 4.999145519089082335e+00 5.003803915117344125e+00
4.999838988803214868e+00 4.995958518450922092e+00 4.996199615860039245e+00 4.998486414246277931e+00 4.996395509327380857e+00 5.003375852889882403e+00 4.996659460651696527e+00 4.977588525370165939e+00 4.996991042750059009e+00 5.000884754985591485e+00 4.997938747693524419e+00 5.003563789115367477e+00 4.999262335252109501e+00 4.997618071562332176e+00 5.000178947110278216e+00 5.000094631789847810e+00 5.000354965782680239e+00 4.999869021109675238e+00 4.998488831161395751e+00 4.999090110230346440e+00 4.985510769180173440e+00 4.998511435887622589e+00 4.998217560032301776e+00 4.999669946453231262e+00 4.996215360559816077e+00 4.985354358098798677e+00 4.995871993803287836e+00 4.996766423425871295e+00 4.996468088312960631e+00 5.001265013870638931e+00 5.001480645985991735e+00 5.003024549655697761e+00 4.997918900553497856e+00 4.999658187415763955e+00 5.003784057652566730e+00 4.991235160828531470e+00 4.995980409133181865e+00
4.996096211397243358e+00 4.997974598760960951e+00 5.001033628257641972e+00 4.998209576888347883e+00 4.997526548015374104e+00 4.996343760122478272e+00 4.997786613278393020e+00 5.004597126019362463e+00 4.997985627291961386e+00 4.998179401786193132e+00 5.003506363534470758e+00 4.998662259503031891e+00 4.998750967673890599e+00 4.999512306433774533e+00 4.999003758862153646e+00 4.998817480826091675e+00 4.997452272268334994e+00 4.997455109577706445e+00 4.998443725457867970e+00 4.997555850991315829e+00 5.001592371246283975e+00 5.000089178325691996e+00 4.998260014935391737e+00 5.001383638286628575e+00 4.999518645837031094e+00 4.998720158402811364e+00 5.003249737726945590e+00 4.996674547830494362e+00 5.003742140799420035e+00 4.995894461551539045e+00 5.002898341582942443e+00 4.997245525014943901e+00 4.996804309006257938e+00 5.003720868130278276e+00 4.997500418580340664e+00 4.996139109641892340e+00 4.998567988209864588e+00
5.003340921232182659e+00 4.991183748765362083e+00 4.997548636851192327e+00 4.999335035399248284e+00 4.998914323738730126e+00 4.996791117537186189e+00 4.997826692196650100e+00 5.004439122797179174e+00 5.001013689378424942e+00 5.003417148774584433e+00 4.997660276809195778e+00 5.002012997645815418e+00 4.997683352000301227e+00 4.997886850655655522e+00 4.997751243327911652e+00 4.997954247210094181e+00 4.997864792718823779e+00 4.997195108291140997e+00 5.002708820736540218e+00 5.000198481587445620e+00 5.000057042728691670e+00 5.000145524344151937e+00 4.997010000386000073e+00 5.000516495337191003e+00 5.001129695911092021e+00 4.998688679509733390e+00 5.000675226391388506e+00 4.971133579190642138e+00 4.996799999642109746e+00 5.003613225378109597e+00 5.003269687780148800e+00 5.001455195329064907e+00 5.003581613272351625e+00 5.001516801843441051e+00 4.998618329596236975e+00 4.998950019833110048e+00 4.996796994419410609e+00
