output_new_topo_ddd_2/topo_0_yrs_soil__depth.asc
ncols 300
nrows 100
xllcorner 0.0
yllcorner 0.0
cellsize 10.0
[rows 0 to 16 of 100, columns 259 to 295 of 300]
0.000000000000000000e+00 0.000000000000000000e+00 0.000000000000000000e+00 0.000000000000000000e+00 0.000000000000000000e+00 0.000000000000000000e+00 0.000000000000000000e+00 0.000000000000000000e+00 0.000000000000000000e+00 0.000000000000000000e+00 0.000000000000000000e+00 0.000000000000000000e+00 0.000000000000000000e+00 0.000000000000000000e+00 0.000000000000000000e+00 0.000000000000000000e+00 0.000000000000000000e+00 0.000000000000000000e+00 0.000000000000000000e+00 0.000000000000000000e+00 0.000000000000000000e+00 0.000000000000000000e+00 0.000000000000000000e+00 0.000000000000000000e+00 0.000000000000000000e+00 0.000000000000000000e+00 0.000000000000000000e+00 0.000000000000000000e+00 0.000000000000000000e+00 0.000000000000000000e+00 0.000000000000000000e+00 0.000000000000000000e+00 0.000000000000000000e+00 0.000000000000000000e+00 0.000000000000000000e+00 0.000000000000000000e+00 0.000000000000000000e+00
4.998708259768488205e+00 4.997730666877051142e+00 5.001982350655485021e+00 4.997647237422658151e+00 5.001276409748157015e+00 4.999842494829835005e+00 4.996049232854046451e+00 4.999297929088246661e+00 4.998232334958837342e+00 4.998323027279036879e+00 4.996963725351402985e+00 4.997200527256304703e+00 4.999059165822348660e+00 5.001395002008248269e+00 4.999521231843747415e+00 4.997034118425571769e+00 4.997448152515381992e+00 5.001567353648370684e+00 4.997213365245055883e+00 4.999169226630765905e+00 4.996366404966479102e+00 5.001159427222106935e+00 5.002577842071840308e+00 4.996214503005704799e+00 4.998776298751677061e+00 5.001522367217362763e+00 4.993951335245007783e+00 4.999377960671882448e+00 4.997564940275236012e+00 5.001741303162015484e+00 4.995852408807092360e+00 5.001301443946555736e+00 4.998768581728612048e+00 5.001061265461660632e+00 4.999648347215113198e+00 5.001524307112104495e+00 5.000076875627360806e+00
4.998273942102134271e+00 5.003956434275248277e+00 4.998448325286958038e+00 4.997631433381092059e+00 4.996549764131239968e+00 5.002615694179449513e+00 4.998752393640447877e+00 4.996866020412867648e+00 4.997664722926963066e+00 5.002715584492049672e+00 4.995368721340256002e+00 5.003819361724093362e+00 5.003013279488517817e+00 4.996890038217566499e+00 4.997490811260197674e+00 4.996036479365134397e+00 5.003469637067889941e+00 4.998498511575769854e+00 4.999863220579968015e+00 5.000259812976776352e+00 4.998691986957211952e+00 5.005084960743109157e+00 4.998846294469880824e+00 4.997483609554113748e+00 4.998396282159194293e+00 4.996708295567979796e+00 4.998730480706243817e+00 4.996638569274043817e+00 4.996240775311979299e+00 4.998510283982383839e+00 4.998426629638810681e+00 4.996513997185782152e+00 4.995867490112246401e+00 5.003755045441707239e+00 4.995367230869540265e+00 4.997683133578191494e+00 5.003297112121612322e+00
4.997361678978851529e+00 4.966573696231420421e+00 4.997537038245827290e+00 4.998194870415741065e+00 4.998496539000412575e+00 4.994298137128189374e+00 4.997494589955246980e+00 5.001811134599719821e+00 4.998667900900149341e+00 4.996769435482339539e+00 4.996766942097702113e+00 4.995914368469910549e+00 4.998151044016754696e+00 5.000090496152417074e+00 5.002302430364339969e+00 4.995773653745561482e+00 5.003097122250446560e+00 4.995861174490929812e+00 4.998870420832858485e+00 4.997247684143530932e+00 4.997143773032148850e+00 4.996129107879092146e+00 4.998720644284377457e+00 4.999297211314789102e+00 4.999252867276925194e+00 4.999687452223054329e+00 4.998965755122391386e+00 4.999189516283680135e+00 5.002719976222643083e+00 5.001077906630548853e+00 5.002694953246100695e+00 4.997796123372348909e+00 4.997850342272233348e+00 4.997956701731408380e+00 4.997062715416446643e+00 4.987830515192889891e+00 4.997146234081046856e+00
5.003273701036168752e+00 4.999046184185582220e+00 4.998754487016896952e+00 4.998242661597493530e+00 5.000952270776050312e+00 5.001041999741281607e+00 4.998053801654560147e+00 4.996445678929465117e+00 5.001320082378515330e+00 4.998236822923488809e+00 4.999180527926045059e+00 4.995884832348935767e+00 4.996701127029147926e+00 4.996520305893426439e+00 4.997224273683445794e+00 4.998383424058772562e+00 4.996844129493483777e+00 4.996720597252221729e+00 5.002656624019103937e+00 5.002558200218099493e+00 4.997063498012963123e+00 4.918267152493837280e+00 4.999382917506994595e+00 4.997822008230490276e+00 5.001692883830900271e+00 4.996821687587516436e+00 4.998899841130572064e+00 4.993616864010117062e+00 4.996577037694695633e+00 4.998149177017726430e+00 4.995884266148456376e+00 4.997309007248940560e+00 5.000281308293401672e+00 4.997981563782201597e+00 5.002431467857845426e+00 4.997245082474542244e+00 4.996080410905410218e+00
5.001596722765966341e+00 5.003630027298178184e+00 4.997332380745787006e+00 4.996669171919566388e+00 4.999044966882578933e+00 4.996401225056196438e+00 4.998948984009606633e+00 4.998278176786556060e+00 4.998697706785666384e+00 4.999295753663557385e+00 4.997868116762957946e+00 5.002508310404715886e+00 5.002786278181989843e+00 4.997303148566500930e+00 4.997648035884861173e+00 5.001418850364300894e+00 4.997954793250930727e+00 4.996742797185209639e+00 4.996883993512826194e+00 5.003586964625529099e+00 4.997102773286311361e+00 5.005092729241785499e+00 4.998445655406564825e+00 5.000682188229508718e+00 4.998597450031977196e+00 4.997897565726209024e+00 5.002506753827661079e+00 4.998425939198849477e+00 5.002278147370301298e+00 4.997708226101835294e+00 5.000234553299364393e+00 4.998664804937135386e+00 4.996096786145940882e+00 5.002237269949566745e+00 4.997919560161121488e+00 5.002572341687034019e+00 5.003418633458033504e+00
4.996492915237744192e+00 4.996923444923659474e+00 4.994501615960515117e+00 5.003599542688568214e+00 4.973438809308682096e+00 5.002513192315737989e+00 4.997463038077776254e+00 4.997601318097722789e+00 4.995819516999144838e+00 5.002019002024896466e+00 4.996468421229917745e+00 5.001369047551821545e+00 4.998186476054270244e+00 4.997943229147560729e+00 4.999122540730969178e+00 4.996827155547673982e+00 4.997876295724410944e+00 4.998242986274331834e+00 4.996922843007791215e+00 4.996768128508643159e+00 4.996785723731472117e+00 4.995668816651089195e+00 5.005045297800585047e+00 5.001635231018127570e+00 4.996917597970618630e+00 4.995530439600370798e+00 5.002923342883656588e+00 4.998489083112141351e+00 4.998273127792174364e+00 4.997572254512011369e+00 4.997098990737252500e+00 4.999274942924291310e+00 4.998958374995790876e+00 4.998598513997341009e+00 5.002763561710682261e+00 4.998257346757191577e+00 4.995595863068899689e+00
5.001707599511016511e+00 4.998740526094574754e+00 4.997702821314740973e+00 4.997737014644069831e+00 4.997674128243584590e+00 4.997097851138967428e+00 5.002456045446804112e+00 4.997714199186755302e+00 4.999605941434665191e+00 4.999366766413421814e+00 5.002258330495408245e+00 4.996427548540371966e+00 4.998972812698449175e+00 4.997908003328457305e+00 4.998433813585437591e+00 5.002270813241924685e+00 4.999143502334914224e+00 4.998135194417089977e+00 4.998791314874990732e+00 5.000279122166322310e+00 4.997246949751907863e+00 4.998960068746003849e+00 4.937753051217661060e+00 4.996577729591873407e+00 4.998194749700116901e+00 4.996410629813611948e+00 5.003801112987725119e+00 5.002163094479771033e+00 5.001035094631968825e+00 4.996151019053695741e+00 5.001584955427375689e+00 4.998658173577110730e+00 4.998167822007600236e+00 5.000872088718782749e+00 4.996863344249195649e+00 4.998510808957917995e+00 5.000282538681112499e+00
4.997122057680632778e+00 4.997796395658439472e+00 4.998170277857692412e+00 4.998670255003374585e+00 4.998197738159461778e+00 4.997225446596783804e+00 4.997658963751145933e+00 5.001915660329500746e+00 5.000928444420237540e+00 5.000548547319837667e+00 4.996328125491708683e+00 4.998107347513823129e+00 4.996643734844728790e+00 4.990166454767673621e+00 5.000382370629186113e+00 5.000516636853633123e+00 4.999000707977851121e+00 4.998662079468362052e+00 4.997138675954046150e+00 4.997621012290896836e+00 4.997792481199470060e+00 4.996990577573636294e+00 4.910515554184343046e+00 4.997419327275594902e+00 5.002187559621406265e+00 4.997519722179628587e+00 4.992654502093666125e+00 4.996530247186235840e+00 4.997859683388693242e+00 4.998169496304868176e+00 4.998052038452981627e+00 4.999805848152782062e+00 4.997224593033159579e+00 4.996288837600108224e+00 4.995990092924301074e+00 5.001963718580508811e+00 4.997518492712696769e+00
5.000282396650045591e+00 4.999404789506668223e+00 4.998127929956504900e+00 4.996406350851552602e+00 4.998449183160698084e+00 4.996842195382627416e+00 4.997129750419729177e+00 4.996634114443792463e+00 5.000552408171723862e+00 5.001850992880562785e+00 4.996915321872003268e+00 5.001032566357692666e+00 5.002659325070256457e+00 4.998402444851762993e+00 5.000581291994372179e+00 5.001617188902994116e+00 4.998246098564873563e+00 4.998478540816940097e+00 5.002452631998465016e+00 4.997264466095364455e+00 4.976876133393407287e+00 5.005054595606827306e+00 4.998711963978877293e+00 4.998282930340756991e+00 4.997734803518701696e+00 4.998145246540729225e+00 4.999940117503019366e+00 4.996349775786887548e+00 5.001964025295587035e+00 4.997875833230861709e+00 4.996543388990479784e+00 4.997512723307498739e+00 4.997567002678004577e+00 4.999516828137950064e+00 4.999646695899851778e+00 4.997143220499758343e+00 4.999344406607296065e+00
4.996029096520441470e+00 4.997280039292288478e+00 4.996921264443264121e+00 5.001635631701278228e+00 4.998254723779188780e+00 5.002764030470038037e+00 4.993044971669971410e+00 4.995588151882544459e+00 4.997100537457648706e+00 4.997934093937906219e+00 4.996805174605987609e+00 5.001661278491271290e+00 4.986471562759360765e+00 4.996746719187730612e+00 4.998796072666527479e+00 4.996981387040172251e+00 4.998495359263959159e+00 4.998940678172512975e+00 5.004857951163110386e+00 4.913185301116176795e+00 4.997022656286623565e+00 4.996856531435791560e+00 4.998651990800823341e+00 5.002096149306909822e+00 4.997140743396642826e+00 4.998300209020337448e+00 5.000078926832745907e+00 4.996283567978813345e+00 5.001860947696740389e+00 5.002467061390387215e+00 5.001679832425002914e+00 4.997676127502702847e+00 4.997404630736571818e+00 4.998871893774055053e+00 4.997583156260715143e+00 4.996456223827697052e+00 4.998354020714927515e+00
5.003146693791728161e+00 4.995587454968538843e+00 4.997386889787216901e+00 4.997425597186996526e+00 5.003213820376228860e+00 4.998543831790237313e+00 4.998372791748533217e+00 5.003297875017453933e+00 5.001442721656648160e+00 4.997314699039708152e+00 4.999508788991692931e+00 5.000276366456848365e+00 4.997953360215697138e+00 5.003213457988829660e+00 4.996351984498238252e+00 4.997565087653750737e+00 4.999857548728170897e+00 4.937992037159015801e+00 4.997885576043449518e+00 4.999247461913275181e+00 4.996135486349573718e+00 4.998679232829706720e+00 4.997784800718504172e+00 4.996950461917435860e+00 5.001757961466521962e+00 4.997037210433735055e+00 4.996948201398364375e+00 4.997554202799341816e+00 4.988115357196362787e+00 4.998227993228732124e+00 4.995756920035574922e+00 4.997752782053191289e+00 5.002808988488990138e+00 4.996955517926324752e+00 4.996289094208079540e+00 5.003541811377151483e+00 4.997097292393124945e+00
4.998991538429361725e+00 5.000347789457342706e+00 4.997654104746440673e+00 4.998846291808467512e+00 4.995659532253696966e+00 4.999014980912843242e+00 4.996876366513194334e+00 5.001617783489884062e+00 5.001065396219260606e+00 4.998310080697637048e+00 4.998437183732420408e+00 5.002366300815688227e+00 4.996837777791606428e+00 4.995229663217283012e+00 4.998400750355716404e+00 5.004915696499286248e+00 5.004780335570194083e+00 4.999398582388782764e+00 4.997347703481286096e+00 4.995821014760146284e+00 5.002042548382025444e+00 4.995558697152990391e+00 4.997533974935503664e+00 4.997778498628655086e+00 5.001827103769646676e+00 5.002276229922949291e+00 4.997354217698116940e+00 5.000214915057934917e+00 5.003303893987833817e+00 4.997693996868434851e+00 4.996928475963686722e+00 4.999380474001490882e+00 4.998746211526412964e+00 4.997439269817204988e+00 4.997508739870100136e+00 5.000875172412399650e+00 4.999039699624567845e+00
4.997503935641549155e+00 4.997735254527936988e+00 4.999192969605057435e+00 4.997282906521075319e+00 4.999416925842056436e+00 4.998453945057931946e+00 4.995351946635691931e+00 4.998661519268845943e+00 4.999028083373715070e+00 5.002797402902698032e+00 4.996410166374951167e+00 4.998069279196592163e+00 4.995882294092020004e+00 4.996700154947105510e+00 4.924491671330709863e+00 4.996793089334884641e+00 5.001728350986818228e+00 5.003093044396951683e+00 4.995745655699467491e+00 4.999844097155541789e+00 5.000446428371924767e+00 5.003069377582358257e+00 5.002493623242176390e+00 5.001957370553094862e+00 5.000974195822561086e+00 4.998081077639978886e+00 4.998326520900748804e+00 4.999593280246695137e+00 4.998083142752077102e+00 5.003068213464613834e+00 4.994819498550170600e+00 4.996205685274778929e+00 5.000688298464678994e+00 4.996636335212840230e+00 5.003321800327421798e+00 5.002047636827338550e+00 5.002461556898128769e+00
4.996652142771406346e+00 4.993138809398844913e+00 5.001206102147944144e+00 5.001476057246594387e+00 4.998522954493886061e+00 4.995540761550023134e+00 5.003177396270549693e+00 4.997738126278129300e+00 4.988846279500362968e+00 4.997039364693569574e+00 4.997523004891337273e+00 4.995879689914925592e+00 5.003387208117366924e+00 5.004777360196887237e+00 4.999202201466155238e+00 4.999029410034392384e+00 4.998078439539185958e+00 4.996884345272226469e+00 4.998336207669677123e+00 4.997945540760742489e+00 4.998329145515681304e+00 4.996360630700542593e+00 4.998305278453495148e+00 5.001963958631786333e+00 4.997757963122030134e+00 4.997016456819018515e+00 5.002473109394136586e+00 4.996702051550604651e+00 4.997521897722491779e+00 4.996978483525708725e+00 4.997393584489800311e+00 5.003193448810693944e+00 5.000273270493892142e+00 4.998442558349392328e+00 4.996270822863850825e+00 4.995994422453567729e+00 4.998480841942985364e+00
5.003242763864593989e+00 4.996863983997123171e+00 4.998205743599198669e+00 4.996075905719313148e+00 4.997348643641827515e+00 5.002387647678560256e+00 4.997892120320353904e+00 4.998742062652837603e+00 4.996048686676834549e+00 5.003239926800884696e+00 4.998607845028525176e+00 4.999194794853139001e+00 4.998233670083461533e+00 5.003367497803031583e+00 5.004879516421496533e+00 4.998307212408242606e+00 4.998502179779681143e+00 5.001144699072439082e+00 4.998055153989853672e+00 4.996231819695013066e+00 4.998635149408182876e+00 4.997184283010516204e+00 5.002191994799863650e+00 4.998294780642373425e+00 4.998900509711173612e+00 4.999515661705260072e+00 5.001028228731538405e+00 4.997085508159090139e+00 5.002861505154934996e+00 4.995969968050054888e+00 4.996501282245030318e+00 5.002820451215587383e+00 5.002601570144883603e+00 5.000089028370283906e+00 4.999322709627452177e+00 4.999435157576278321e+00 5.001152140010914238e+00
4.997661201956493215e+00 4.988258716592707032e+00 4.998433234646289414e+00 5.001902640157180002e+00 4.998616223870029351e+00 4.997646350772900092e+00 4.998591001037882009e+00 4.997222756069356286e+00 5.002972781599365426e+00 4.997455865517496321e+00 4.997604165849837798e+00 5.000168175128863801e+00 4.996940732344285152e+00 4.978496172828100086e+00 4.996547407987325329e+00 5.004893358392136449e+00 5.002854191767966086e+00 4.995934442691929434e+00 4.997953317457985101e+00 5.002107106142831938e+00 5.002250701412893186e+00 5.001907099074469620e+00 4.997315194989388587e+00 4.998012699669041048e+00 4.995729445739225838e+00 5.002278790914028050e+00 4.998413438724110591e+00 4.986147124273366593e+00 4.998543405505497361e+00 4.999985906651787104e+00 4.997438584704648967e+00 4.996798104006619390e+00 4.998080316796034595e+00 4.971939655932976265e+00 4.997668276748985505e+00 4.997978149720667673e+00 4.996253833975782044e+00
