output_new_topo_ddd_2/topo_0_yrs_flow__link_to_receiver_node.asc
ncols 300
nrows 100
xllcorner 0.0
yllcorner 0.0
cellsize 10.0
[rows 0 to 16 of 100, columns 0 to 36 of 300]
-1.000000000000000000e+00 -1.000000000000000000e+00 -1.000000000000000000e+00 -1.000000000000000000e+00 -1.000000000000000000e+00 -1.000000000000000000e+00 -1.000000000000000000e+00 -1.000000000000000000e+00 -1.000000000000000000e+00 -1.000000000000000000e+00 -1.000000000000000000e+00 -1.000000000000000000e+00 -1.000000000000000000e+00 -1.000000000000000000e+00 -1.000000000000000000e+00 -1.000000000000000000e+00 -1.000000000000000000e+00 -1.000000000000000000e+00 -1.000000000000000000e+00 -1.000000000000000000e+00 -1.000000000000000000e+00 -1.000000000000000000e+00 -1.000000000000000000e+00 -1.000000000000000000e+00 -1.000000000000000000e+00 -1.000000000000000000e+00 -1.000000000000000000e+00 -1.000000000000000000e+00 -1.000000000000000000e+00 -1.000000000000000000e+00 -1.000000000000000000e+00 -1.000000000000000000e+00 -1.000000000000000000e+00 -1.000000000000000000e+00 -1.000000000000000000e+00 -1.000000000000000000e+00 -1.000000000000000000e+00
-1.000000000000000000e+00 5.840300000000000000e+04 5.840400000000000000e+04 5.870400000000000000e+04 5.870600000000000000e+04 -1.000000000000000000e+00 5.870700000000000000e+04 5.870800000000000000e+04 1.176200000000000000e+05 5.871100000000000000e+04 5.841200000000000000e+04 5.871300000000000000e+04 -1.000000000000000000e+00 5.871400000000000000e+04 1.176320000000000000e+05 5.871700000000000000e+04 1.176390000000000000e+05 5.841900000000000000e+04 5.842000000000000000e+04 5.872100000000000000e+04 1.176470000000000000e+05 5.872300000000000000e+04 -1.000000000000000000e+00 5.872400000000000000e+04 1.176550000000000000e+05 5.872700000000000000e+04 -1.000000000000000000e+00 5.872800000000000000e+04 5.873000000000000000e+04 -1.000000000000000000e+00 5.873100000000000000e+04 5.843300000000000000e+04 5.873400000000000000e+04 -1.000000000000000000e+00 5.873500000000000000e+04 1.176770000000000000e+05 5.843800000000000000e+04
-1.000000000000000000e+00 -1.000000000000000000e+00 5.810400000000000000e+04 5.810500000000000000e+04 1.176140000000000000e+05 5.840700000000000000e+04 1.176170000000000000e+05 1.176190000000000000e+05 5.811000000000000000e+04 5.781200000000000000e+04 1.170260000000000000e+05 5.811300000000000000e+04 5.841400000000000000e+04 1.176310000000000000e+05 5.811600000000000000e+04 1.176360000000000000e+05 5.811900000000000000e+04 5.812000000000000000e+04 1.170450000000000000e+05 1.170470000000000000e+05 5.812300000000000000e+04 1.176480000000000000e+05 5.842400000000000000e+04 5.812500000000000000e+04 5.812700000000000000e+04 1.176560000000000000e+05 5.842800000000000000e+04 1.176590000000000000e+05 1.176620000000000000e+05 5.843100000000000000e+04 1.176650000000000000e+05 5.783400000000000000e+04 5.813500000000000000e+04 5.843500000000000000e+04 5.813600000000000000e+04 5.783800000000000000e+04 1.170780000000000000e+05
-1.000000000000000000e+00 5.780400000000000000e+04 5.780500000000000000e+04 1.170130000000000000e+05 5.750800000000000000e+04 1.164210000000000000e+05 5.751000000000000000e+04 5.781000000000000000e+04 1.170230000000000000e+05 5.751200000000000000e+04 5.751300000000000000e+04 1.164330000000000000e+05 5.721600000000000000e+04 5.781600000000000000e+04 1.170350000000000000e+05 5.721900000000000000e+04 1.164400000000000000e+05 5.782000000000000000e+04 5.752200000000000000e+04 5.752300000000000000e+04 1.170480000000000000e+05 5.782400000000000000e+04 5.782500000000000000e+04 1.170530000000000000e+05 5.752700000000000000e+04 5.782800000000000000e+04 1.170590000000000000e+05 5.783000000000000000e+04 5.783100000000000000e+04 1.170650000000000000e+05 5.753400000000000000e+04 5.723500000000000000e+04 5.753600000000000000e+04 5.783600000000000000e+04 1.170750000000000000e+05 5.753800000000000000e+04 5.753900000000000000e+04
-1.000000000000000000e+00 5.690600000000000000e+04 1.158170000000000000e+05 5.690800000000000000e+04 5.690900000000000000e+04 5.691000000000000000e+04 1.164220000000000000e+05 5.721100000000000000e+04 5.721200000000000000e+04 5.721300000000000000e+04 1.164290000000000000e+05 5.691600000000000000e+04 5.661700000000000000e+04 5.691700000000000000e+04 5.661900000000000000e+04 1.158400000000000000e+05 5.692000000000000000e+04 1.158470000000000000e+05 5.662300000000000000e+04 1.164480000000000000e+05 5.722400000000000000e+04 1.164510000000000000e+05 1.164540000000000000e+05 5.722700000000000000e+04 1.164570000000000000e+05 5.692900000000000000e+04 5.723000000000000000e+04 5.693100000000000000e+04 5.663300000000000000e+04 1.158680000000000000e+05 5.693500000000000000e+04 1.158750000000000000e+05 5.663700000000000000e+04 5.723700000000000000e+04 5.723800000000000000e+04 1.164790000000000000e+05 5.694000000000000000e+04
-1.000000000000000000e+00 1.158140000000000000e+05 5.630800000000000000e+04 1.158180000000000000e+05 5.660900000000000000e+04 5.631100000000000000e+04 5.661100000000000000e+04 5.661200000000000000e+04 5.631300000000000000e+04 5.631400000000000000e+04 5.601600000000000000e+04 5.631700000000000000e+04 1.152390000000000000e+05 5.601900000000000000e+04 5.602000000000000000e+04 5.632000000000000000e+04 1.152440000000000000e+05 5.602300000000000000e+04 1.152480000000000000e+05 5.632400000000000000e+04 5.662500000000000000e+04 1.158530000000000000e+05 5.632800000000000000e+04 1.158580000000000000e+05 5.662900000000000000e+04 1.158610000000000000e+05 1.152670000000000000e+05 5.603300000000000000e+04 1.152680000000000000e+05 1.152730000000000000e+05 5.603600000000000000e+04 5.603700000000000000e+04 1.152760000000000000e+05 5.633800000000000000e+04 5.634000000000000000e+04 5.664000000000000000e+04 5.634100000000000000e+04
-1.000000000000000000e+00 5.540800000000000000e+04 5.540900000000000000e+04 5.600900000000000000e+04 5.571100000000000000e+04 1.152240000000000000e+05 5.601200000000000000e+04 5.601300000000000000e+04 1.152290000000000000e+05 5.571500000000000000e+04 1.146340000000000000e+05 5.571700000000000000e+04 5.541900000000000000e+04 5.542000000000000000e+04 1.146420000000000000e+05 5.572100000000000000e+04 5.572200000000000000e+04 1.146480000000000000e+05 5.572400000000000000e+04 1.152510000000000000e+05 5.572600000000000000e+04 5.602700000000000000e+04 5.572900000000000000e+04 5.602900000000000000e+04 5.543100000000000000e+04 1.146640000000000000e+05 5.573300000000000000e+04 1.146710000000000000e+05 5.543500000000000000e+04 5.573600000000000000e+04 5.543700000000000000e+04 1.146760000000000000e+05 5.573800000000000000e+04 5.603900000000000000e+04 1.152820000000000000e+05 5.604100000000000000e+04 1.152850000000000000e+05
-1.000000000000000000e+00 5.510900000000000000e+04 1.140230000000000000e+05 5.481100000000000000e+04 5.511200000000000000e+04 5.541200000000000000e+04 5.541300000000000000e+04 5.541400000000000000e+04 5.541500000000000000e+04 1.146330000000000000e+05 5.511700000000000000e+04 5.511900000000000000e+04 5.482000000000000000e+04 1.140420000000000000e+05 5.512100000000000000e+04 5.542200000000000000e+04 1.146470000000000000e+05 5.512400000000000000e+04 5.482600000000000000e+04 5.482700000000000000e+04 5.482800000000000000e+04 1.140580000000000000e+05 1.140630000000000000e+05 5.483100000000000000e+04 5.483200000000000000e+04 5.513200000000000000e+04 1.146680000000000000e+05 5.513500000000000000e+04 5.513600000000000000e+04 5.513700000000000000e+04 5.483800000000000000e+04 5.513800000000000000e+04 1.146790000000000000e+05 5.514000000000000000e+04 1.140870000000000000e+05 5.484300000000000000e+04 1.140880000000000000e+05
-1.000000000000000000e+00 5.480900000000000000e+04 5.451100000000000000e+04 5.451200000000000000e+04 5.451300000000000000e+04 5.481300000000000000e+04 5.481400000000000000e+04 5.451600000000000000e+04 5.481600000000000000e+04 5.481700000000000000e+04 5.421900000000000000e+04 5.422000000000000000e+04 1.134420000000000000e+05 5.452100000000000000e+04 5.422300000000000000e+04 5.452400000000000000e+04 5.482400000000000000e+04 5.452500000000000000e+04 1.134540000000000000e+05 5.452700000000000000e+04 5.452800000000000000e+04 5.452900000000000000e+04 5.453100000000000000e+04 1.134670000000000000e+05 5.423300000000000000e+04 5.453300000000000000e+04 1.134730000000000000e+05 5.423600000000000000e+04 1.134740000000000000e+05 5.453800000000000000e+04 1.134810000000000000e+05 5.424000000000000000e+04 1.134820000000000000e+05 5.454200000000000000e+04 5.454300000000000000e+04 1.134910000000000000e+05 5.424500000000000000e+04
-1.000000000000000000e+00 1.128250000000000000e+05 5.361200000000000000e+04 1.128260000000000000e+05 5.391400000000000000e+04 5.421400000000000000e+04 5.421500000000000000e+04 5.391700000000000000e+04 5.421700000000000000e+04 5.391900000000000000e+04 5.362000000000000000e+04 5.392000000000000000e+04 5.392100000000000000e+04 5.392300000000000000e+04 5.392400000000000000e+04 1.134500000000000000e+05 5.422500000000000000e+04 1.134530000000000000e+05 5.392700000000000000e+04 1.134570000000000000e+05 5.392900000000000000e+04 5.363100000000000000e+04 5.363200000000000000e+04 5.393300000000000000e+04 1.128710000000000000e+05 5.363500000000000000e+04 5.363600000000000000e+04 5.363700000000000000e+04 5.363800000000000000e+04 5.393900000000000000e+04 5.394000000000000000e+04 1.128850000000000000e+05 5.364200000000000000e+04 1.128890000000000000e+05 5.364400000000000000e+04 5.394500000000000000e+04 5.394600000000000000e+04
-1.000000000000000000e+00 5.301200000000000000e+04 1.122260000000000000e+05 5.331300000000000000e+04 5.301500000000000000e+04 1.122320000000000000e+05 5.361600000000000000e+04 5.301800000000000000e+04 5.361800000000000000e+04 5.302000000000000000e+04 1.122420000000000000e+05 5.332100000000000000e+04 5.362200000000000000e+04 5.362300000000000000e+04 5.332500000000000000e+04 5.362500000000000000e+04 5.362600000000000000e+04 5.362700000000000000e+04 1.128570000000000000e+05 5.332900000000000000e+04 5.333000000000000000e+04 5.333100000000000000e+04 5.333200000000000000e+04 5.333400000000000000e+04 5.333500000000000000e+04 5.333600000000000000e+04 5.333700000000000000e+04 1.122790000000000000e+05 5.303900000000000000e+04 5.333900000000000000e+04 5.304100000000000000e+04 5.334200000000000000e+04 5.304300000000000000e+04 5.334400000000000000e+04 5.334500000000000000e+04 1.128920000000000000e+05 5.364600000000000000e+04
-1.000000000000000000e+00 -1.000000000000000000e+00 5.271300000000000000e+04 5.271400000000000000e+04 1.116320000000000000e+05 5.271600000000000000e+04 5.241800000000000000e+04 1.116380000000000000e+05 5.272000000000000000e+04 5.242100000000000000e+04 5.242200000000000000e+04 1.116460000000000000e+05 1.122470000000000000e+05 5.272400000000000000e+04 5.272600000000000000e+04 5.302600000000000000e+04 5.272700000000000000e+04 5.242900000000000000e+04 5.243000000000000000e+04 5.243100000000000000e+04 5.243200000000000000e+04 5.303200000000000000e+04 5.303300000000000000e+04 5.243500000000000000e+04 5.273600000000000000e+04 1.122740000000000000e+05 5.303700000000000000e+04 5.243900000000000000e+04 1.116800000000000000e+05 5.274000000000000000e+04 5.274100000000000000e+04 5.274300000000000000e+04 1.116910000000000000e+05 5.274500000000000000e+04 1.122920000000000000e+05 5.304600000000000000e+04 1.122950000000000000e+05
-1.000000000000000000e+00 5.241300000000000000e+04 5.241400000000000000e+04 1.116310000000000000e+05 5.211600000000000000e+04 5.211800000000000000e+04 1.110410000000000000e+05 5.182000000000000000e+04 5.212100000000000000e+04 5.182200000000000000e+04 1.110460000000000000e+05 5.212300000000000000e+04 5.182500000000000000e+04 5.182600000000000000e+04 5.182700000000000000e+04 5.242700000000000000e+04 5.182900000000000000e+04 1.110600000000000000e+05 5.213000000000000000e+04 5.213100000000000000e+04 5.213200000000000000e+04 5.213300000000000000e+04 5.213500000000000000e+04 5.213600000000000000e+04 1.116740000000000000e+05 5.243700000000000000e+04 5.213900000000000000e+04 5.184000000000000000e+04 5.184100000000000000e+04 5.244100000000000000e+04 5.184300000000000000e+04 5.184400000000000000e+04 5.214500000000000000e+04 1.116920000000000000e+05 5.244600000000000000e+04 1.116950000000000000e+05 5.214800000000000000e+04
-1.000000000000000000e+00 1.110300000000000000e+05 5.181500000000000000e+04 5.181600000000000000e+04 1.110350000000000000e+05 5.151800000000000000e+04 5.122000000000000000e+04 1.104420000000000000e+05 5.152100000000000000e+04 1.104460000000000000e+05 5.152300000000000000e+04 1.110490000000000000e+05 1.104550000000000000e+05 5.122700000000000000e+04 1.104560000000000000e+05 5.152800000000000000e+04 1.104600000000000000e+05 5.153000000000000000e+04 1.110630000000000000e+05 5.153200000000000000e+04 5.183300000000000000e+04 1.110690000000000000e+05 5.153500000000000000e+04 5.183600000000000000e+04 5.183700000000000000e+04 5.153800000000000000e+04 5.154000000000000000e+04 5.124100000000000000e+04 1.104840000000000000e+05 5.154300000000000000e+04 5.154400000000000000e+04 5.154500000000000000e+04 1.110920000000000000e+05 5.184600000000000000e+04 5.124800000000000000e+04 5.184800000000000000e+04 1.110990000000000000e+05
-1.000000000000000000e+00 5.121500000000000000e+04 1.098370000000000000e+05 5.091800000000000000e+04 5.121800000000000000e+04 1.104390000000000000e+05 5.092000000000000000e+04 5.092100000000000000e+04 1.104450000000000000e+05 5.092300000000000000e+04 1.104490000000000000e+05 5.092500000000000000e+04 5.062700000000000000e+04 1.098560000000000000e+05 5.092800000000000000e+04 1.104590000000000000e+05 5.093000000000000000e+04 1.104630000000000000e+05 5.093200000000000000e+04 1.104670000000000000e+05 5.093400000000000000e+04 5.123500000000000000e+04 1.104730000000000000e+05 5.093800000000000000e+04 5.123800000000000000e+04 1.104790000000000000e+05 5.094100000000000000e+04 1.098870000000000000e+05 5.064300000000000000e+04 5.124300000000000000e+04 5.124400000000000000e+04 5.094600000000000000e+04 5.124600000000000000e+04 5.094700000000000000e+04 1.098980000000000000e+05 5.094900000000000000e+04 5.095000000000000000e+04
-1.000000000000000000e+00 1.092370000000000000e+05 5.031800000000000000e+04 1.098380000000000000e+05 5.061900000000000000e+04 5.062000000000000000e+04 5.062100000000000000e+04 5.002300000000000000e+04 5.062300000000000000e+04 1.098490000000000000e+05 5.062500000000000000e+04 1.098530000000000000e+05 5.032700000000000000e+04 5.032800000000000000e+04 5.032900000000000000e+04 5.063000000000000000e+04 1.098630000000000000e+05 5.033200000000000000e+04 5.033300000000000000e+04 5.063400000000000000e+04 1.098710000000000000e+05 5.033600000000000000e+04 5.033800000000000000e+04 5.033900000000000000e+04 5.063900000000000000e+04 5.064000000000000000e+04 1.098840000000000000e+05 5.034300000000000000e+04 1.092910000000000000e+05 5.004500000000000000e+04 5.004600000000000000e+04 5.034700000000000000e+04 5.064700000000000000e+04 1.098970000000000000e+05 5.034900000000000000e+04 1.099010000000000000e+05 5.005200000000000000e+04
-1.000000000000000000e+00 4.971800000000000000e+04 1.092380000000000000e+05 5.001900000000000000e+04 1.092420000000000000e+05 5.002100000000000000e+04 1.092450000000000000e+05 4.972300000000000000e+04 4.972400000000000000e+04 4.972600000000000000e+04 1.092540000000000000e+05 5.002700000000000000e+04 5.002800000000000000e+04 5.002900000000000000e+04 5.003000000000000000e+04 4.973200000000000000e+04 5.003200000000000000e+04 1.092670000000000000e+05 4.973400000000000000e+04 4.973500000000000000e+04 5.003600000000000000e+04 4.973700000000000000e+04 1.086810000000000000e+05 1.092800000000000000e+05 5.004000000000000000e+04 4.944200000000000000e+04 4.944300000000000000e+04 1.092880000000000000e+05 4.974500000000000000e+04 4.974600000000000000e+04 4.974700000000000000e+04 1.092960000000000000e+05 5.004800000000000000e+04 5.004900000000000000e+04 4.975000000000000000e+04 4.945200000000000000e+04 4.945300000000000000e+04
