output_new_topo_ddd_2/topo_0_yrs_flow__link_to_receiver_node.asc
ncols 300
nrows 100
xllcorner 0.0
yllcorner 0.0
cellsize 10.0
[rows 68 to 84 of 100, columns 37 to 73 of 300]
1.890500000000000000e+04 1.860600000000000000e+04 1.860800000000000000e+04 1.830900000000000000e+04 1.890900000000000000e+04 7.822100000000000000e+04 1.861100000000000000e+04 1.861300000000000000e+04 1.861400000000000000e+04 7.763300000000000000e+04 1.831600000000000000e+04 1.861700000000000000e+04 1.861800000000000000e+04 1.861900000000000000e+04 1.862000000000000000e+04 7.824200000000000000e+04 1.862200000000000000e+04 7.824600000000000000e+04 1.892300000000000000e+04 1.862500000000000000e+04 1.862600000000000000e+04 7.765700000000000000e+04 1.832800000000000000e+04 1.832900000000000000e+04 7.826000000000000000e+04 1.893000000000000000e+04 7.826300000000000000e+04 1.863200000000000000e+04 1.863300000000000000e+04 7.827000000000000000e+04 1.893500000000000000e+04 1.893600000000000000e+04 1.833800000000000000e+04 7.768100000000000000e+04 1.834000000000000000e+04 1.834100000000000000e+04 1.834200000000000000e+04
1.830600000000000000e+04 1.800700000000000000e+04 1.800900000000000000e+04 1.801000000000000000e+04 7.762200000000000000e+04 1.831100000000000000e+04 1.801200000000000000e+04 7.762800000000000000e+04 1.831400000000000000e+04 1.801600000000000000e+04 7.703700000000000000e+04 1.801800000000000000e+04 7.763800000000000000e+04 1.802000000000000000e+04 7.764200000000000000e+04 1.832100000000000000e+04 1.802300000000000000e+04 1.832300000000000000e+04 1.802400000000000000e+04 1.772600000000000000e+04 1.832600000000000000e+04 1.802800000000000000e+04 7.706100000000000000e+04 1.773000000000000000e+04 1.803000000000000000e+04 1.803200000000000000e+04 1.833200000000000000e+04 7.766700000000000000e+04 1.803400000000000000e+04 1.803500000000000000e+04 7.707400000000000000e+04 1.803700000000000000e+04 1.803900000000000000e+04 1.804000000000000000e+04 1.774100000000000000e+04 1.774200000000000000e+04 7.708600000000000000e+04
1.710800000000000000e+04 1.710900000000000000e+04 1.740900000000000000e+04 1.711100000000000000e+04 1.711200000000000000e+04 1.711300000000000000e+04 1.711400000000000000e+04 7.643000000000000000e+04 7.703100000000000000e+04 1.741600000000000000e+04 1.741800000000000000e+04 1.741900000000000000e+04 1.771900000000000000e+04 1.742000000000000000e+04 1.772100000000000000e+04 1.742300000000000000e+04 7.704800000000000000e+04 1.772400000000000000e+04 7.705100000000000000e+04 1.742600000000000000e+04 1.742800000000000000e+04 7.705800000000000000e+04 1.743000000000000000e+04 1.713100000000000000e+04 1.743200000000000000e+04 7.706600000000000000e+04 1.773300000000000000e+04 1.773400000000000000e+04 7.707100000000000000e+04 1.743600000000000000e+04 1.743700000000000000e+04 1.743800000000000000e+04 1.714000000000000000e+04 1.744100000000000000e+04 1.714200000000000000e+04 1.714300000000000000e+04 1.744300000000000000e+04
1.650900000000000000e+04 7.582000000000000000e+04 1.681100000000000000e+04 1.681200000000000000e+04 1.681300000000000000e+04 7.583100000000000000e+04 1.651500000000000000e+04 1.681500000000000000e+04 1.711600000000000000e+04 7.643500000000000000e+04 1.681900000000000000e+04 7.644000000000000000e+04 1.712000000000000000e+04 7.644300000000000000e+04 1.682200000000000000e+04 1.682300000000000000e+04 1.712400000000000000e+04 1.682500000000000000e+04 1.712600000000000000e+04 1.712700000000000000e+04 1.652900000000000000e+04 1.712900000000000000e+04 1.683100000000000000e+04 7.586700000000000000e+04 1.683300000000000000e+04 1.713300000000000000e+04 1.713400000000000000e+04 1.713500000000000000e+04 1.713600000000000000e+04 1.683700000000000000e+04 1.713800000000000000e+04 7.647900000000000000e+04 1.684000000000000000e+04 1.684200000000000000e+04 7.588900000000000000e+04 1.654400000000000000e+04 1.684400000000000000e+04
7.522300000000000000e+04 1.591100000000000000e+04 1.591200000000000000e+04 1.651200000000000000e+04 1.591400000000000000e+04 1.591500000000000000e+04 7.523200000000000000e+04 1.621600000000000000e+04 1.651700000000000000e+04 1.651800000000000000e+04 1.621900000000000000e+04 1.652000000000000000e+04 1.652100000000000000e+04 1.652200000000000000e+04 1.652300000000000000e+04 1.622500000000000000e+04 1.652500000000000000e+04 1.622600000000000000e+04 1.592800000000000000e+04 1.622900000000000000e+04 7.526300000000000000e+04 1.593100000000000000e+04 1.623200000000000000e+04 1.623300000000000000e+04 7.586800000000000000e+04 1.653400000000000000e+04 1.623600000000000000e+04 7.587400000000000000e+04 1.653700000000000000e+04 7.587700000000000000e+04 1.623900000000000000e+04 1.654000000000000000e+04 1.594200000000000000e+04 7.588600000000000000e+04 1.624400000000000000e+04 7.529300000000000000e+04 1.594600000000000000e+04
1.561100000000000000e+04 1.561200000000000000e+04 7.462900000000000000e+04 1.561400000000000000e+04 7.463300000000000000e+04 1.531600000000000000e+04 1.561600000000000000e+04 1.561700000000000000e+04 7.523800000000000000e+04 1.591900000000000000e+04 1.532100000000000000e+04 1.562200000000000000e+04 1.562300000000000000e+04 7.465100000000000000e+04 1.532500000000000000e+04 1.562500000000000000e+04 1.532700000000000000e+04 1.532800000000000000e+04 7.465800000000000000e+04 1.563000000000000000e+04 1.563100000000000000e+04 7.466700000000000000e+04 1.563300000000000000e+04 7.526800000000000000e+04 1.593400000000000000e+04 7.527100000000000000e+04 7.527400000000000000e+04 1.593700000000000000e+04 1.563900000000000000e+04 1.593900000000000000e+04 1.564000000000000000e+04 1.564200000000000000e+04 1.534300000000000000e+04 1.564400000000000000e+04 1.564500000000000000e+04 1.564600000000000000e+04 1.564700000000000000e+04
1.471200000000000000e+04 1.531200000000000000e+04 1.501400000000000000e+04 7.463000000000000000e+04 1.501600000000000000e+04 7.403700000000000000e+04 1.471800000000000000e+04 1.471900000000000000e+04 7.404000000000000000e+04 1.502100000000000000e+04 1.502200000000000000e+04 1.502300000000000000e+04 7.464800000000000000e+04 1.502500000000000000e+04 1.472600000000000000e+04 1.502700000000000000e+04 1.472800000000000000e+04 1.472900000000000000e+04 1.502900000000000000e+04 1.503100000000000000e+04 1.503200000000000000e+04 1.503300000000000000e+04 7.466800000000000000e+04 1.533400000000000000e+04 7.467200000000000000e+04 1.533600000000000000e+04 1.533700000000000000e+04 1.503900000000000000e+04 7.468000000000000000e+04 1.534000000000000000e+04 1.534100000000000000e+04 1.474300000000000000e+04 7.408800000000000000e+04 1.504400000000000000e+04 1.504600000000000000e+04 1.504700000000000000e+04 7.469600000000000000e+04
7.342600000000000000e+04 1.441300000000000000e+04 1.441400000000000000e+04 1.441600000000000000e+04 7.403400000000000000e+04 1.441800000000000000e+04 7.344100000000000000e+04 1.412000000000000000e+04 1.412100000000000000e+04 1.412200000000000000e+04 1.472200000000000000e+04 1.412400000000000000e+04 1.472400000000000000e+04 1.412600000000000000e+04 7.345400000000000000e+04 1.442800000000000000e+04 1.412900000000000000e+04 1.413000000000000000e+04 1.443000000000000000e+04 1.443100000000000000e+04 1.473200000000000000e+04 1.473300000000000000e+04 1.473400000000000000e+04 1.473500000000000000e+04 1.473600000000000000e+04 1.473700000000000000e+04 1.443800000000000000e+04 7.408000000000000000e+04 1.474000000000000000e+04 1.414200000000000000e+04 1.444300000000000000e+04 1.414400000000000000e+04 1.414500000000000000e+04 7.349200000000000000e+04 1.444700000000000000e+04 7.409600000000000000e+04 1.444900000000000000e+04
1.381300000000000000e+04 1.411400000000000000e+04 7.343100000000000000e+04 1.381700000000000000e+04 1.381800000000000000e+04 7.343800000000000000e+04 1.382000000000000000e+04 1.382100000000000000e+04 1.382200000000000000e+04 7.284900000000000000e+04 1.352400000000000000e+04 7.285000000000000000e+04 1.382500000000000000e+04 7.285400000000000000e+04 7.285900000000000000e+04 1.382900000000000000e+04 1.353000000000000000e+04 1.353100000000000000e+04 1.353200000000000000e+04 1.383300000000000000e+04 7.287100000000000000e+04 1.353500000000000000e+04 1.383600000000000000e+04 1.383700000000000000e+04 7.347600000000000000e+04 1.413800000000000000e+04 1.383900000000000000e+04 7.288500000000000000e+04 1.384200000000000000e+04 7.288900000000000000e+04 1.354400000000000000e+04 7.289000000000000000e+04 1.354600000000000000e+04 1.384600000000000000e+04 7.349600000000000000e+04 1.414800000000000000e+04 7.350000000000000000e+04
1.321500000000000000e+04 1.291600000000000000e+04 1.321600000000000000e+04 1.321800000000000000e+04 7.283800000000000000e+04 1.351900000000000000e+04 1.322000000000000000e+04 1.292200000000000000e+04 1.292300000000000000e+04 1.292400000000000000e+04 7.225000000000000000e+04 1.292600000000000000e+04 7.225400000000000000e+04 1.322700000000000000e+04 1.322900000000000000e+04 1.323000000000000000e+04 7.226500000000000000e+04 1.293200000000000000e+04 7.226600000000000000e+04 1.323300000000000000e+04 1.323500000000000000e+04 1.323600000000000000e+04 7.287400000000000000e+04 1.323800000000000000e+04 1.353800000000000000e+04 1.323900000000000000e+04 7.288100000000000000e+04 1.324200000000000000e+04 7.288600000000000000e+04 1.324400000000000000e+04 7.229300000000000000e+04 1.294600000000000000e+04 7.229400000000000000e+04 1.324700000000000000e+04 1.354800000000000000e+04 1.295000000000000000e+04 1.355000000000000000e+04
1.261600000000000000e+04 1.231700000000000000e+04 1.231800000000000000e+04 1.231900000000000000e+04 1.232000000000000000e+04 1.232100000000000000e+04 1.262200000000000000e+04 1.262300000000000000e+04 7.165100000000000000e+04 1.232500000000000000e+04 1.232600000000000000e+04 1.232700000000000000e+04 1.232800000000000000e+04 1.262900000000000000e+04 1.233000000000000000e+04 1.263100000000000000e+04 1.263200000000000000e+04 7.166900000000000000e+04 1.233400000000000000e+04 7.167300000000000000e+04 1.233600000000000000e+04 1.233700000000000000e+04 1.233800000000000000e+04 7.167800000000000000e+04 1.293900000000000000e+04 1.264000000000000000e+04 1.294100000000000000e+04 7.228600000000000000e+04 1.294300000000000000e+04 1.294400000000000000e+04 1.264600000000000000e+04 1.234700000000000000e+04 1.234800000000000000e+04 1.234900000000000000e+04 7.170000000000000000e+04 1.265000000000000000e+04 1.265100000000000000e+04
1.201700000000000000e+04 1.201800000000000000e+04 1.201900000000000000e+04 1.202000000000000000e+04 1.202100000000000000e+04 7.104700000000000000e+04 1.172300000000000000e+04 1.232300000000000000e+04 1.202500000000000000e+04 7.105500000000000000e+04 1.172700000000000000e+04 1.172800000000000000e+04 7.105800000000000000e+04 1.202900000000000000e+04 7.106500000000000000e+04 1.203200000000000000e+04 7.166600000000000000e+04 1.203400000000000000e+04 7.107300000000000000e+04 1.203600000000000000e+04 1.203700000000000000e+04 1.203800000000000000e+04 7.108100000000000000e+04 1.174000000000000000e+04 1.234000000000000000e+04 7.168300000000000000e+04 7.108600000000000000e+04 1.204300000000000000e+04 7.169000000000000000e+04 1.204600000000000000e+04 1.204700000000000000e+04 1.174800000000000000e+04 1.174900000000000000e+04 1.175000000000000000e+04 1.205000000000000000e+04 7.170300000000000000e+04 1.205200000000000000e+04
1.111800000000000000e+04 1.141900000000000000e+04 1.142000000000000000e+04 1.142100000000000000e+04 7.104400000000000000e+04 1.142300000000000000e+04 7.045100000000000000e+04 1.112500000000000000e+04 1.142500000000000000e+04 1.142700000000000000e+04 7.045900000000000000e+04 1.112900000000000000e+04 1.142900000000000000e+04 7.106100000000000000e+04 1.143200000000000000e+04 1.143300000000000000e+04 7.047100000000000000e+04 1.143500000000000000e+04 1.143600000000000000e+04 7.107400000000000000e+04 1.173700000000000000e+04 1.173800000000000000e+04 1.144000000000000000e+04 7.048500000000000000e+04 1.114200000000000000e+04 1.114300000000000000e+04 1.114400000000000000e+04 1.114500000000000000e+04 1.114600000000000000e+04 1.144700000000000000e+04 1.144800000000000000e+04 7.050100000000000000e+04 1.115000000000000000e+04 7.050200000000000000e+04 1.145100000000000000e+04 1.175200000000000000e+04 1.115400000000000000e+04
1.081900000000000000e+04 1.082000000000000000e+04 1.082100000000000000e+04 1.082200000000000000e+04 1.082300000000000000e+04 7.044800000000000000e+04 1.082500000000000000e+04 1.052600000000000000e+04 1.082600000000000000e+04 1.052800000000000000e+04 1.082900000000000000e+04 1.053000000000000000e+04 1.083000000000000000e+04 1.113100000000000000e+04 1.113200000000000000e+04 1.113300000000000000e+04 1.083500000000000000e+04 1.083600000000000000e+04 7.047400000000000000e+04 1.113700000000000000e+04 7.047700000000000000e+04 1.083900000000000000e+04 7.048200000000000000e+04 1.084200000000000000e+04 6.988900000000000000e+04 1.054400000000000000e+04 1.084400000000000000e+04 1.054600000000000000e+04 6.989700000000000000e+04 1.054800000000000000e+04 1.054900000000000000e+04 1.055000000000000000e+04 6.990200000000000000e+04 1.085100000000000000e+04 1.055300000000000000e+04 1.055400000000000000e+04 6.991000000000000000e+04
1.051900000000000000e+04 1.052000000000000000e+04 1.052100000000000000e+04 1.052200000000000000e+04 1.022400000000000000e+04 1.052400000000000000e+04 1.022600000000000000e+04 9.927000000000000000e+03 1.022800000000000000e+04 6.926100000000000000e+04 9.930000000000000000e+03 6.926200000000000000e+04 1.023100000000000000e+04 1.023200000000000000e+04 1.023400000000000000e+04 1.023500000000000000e+04 1.023600000000000000e+04 6.987400000000000000e+04 1.053700000000000000e+04 1.053800000000000000e+04 1.053900000000000000e+04 1.024000000000000000e+04 1.024200000000000000e+04 9.943000000000000000e+03 1.024400000000000000e+04 6.929300000000000000e+04 9.946000000000000000e+03 6.929700000000000000e+04 1.024800000000000000e+04 6.930100000000000000e+04 9.950000000000000000e+03 6.930200000000000000e+04 1.025100000000000000e+04 9.953000000000000000e+03 6.930800000000000000e+04 1.025400000000000000e+04 1.025500000000000000e+04
9.321000000000000000e+03 9.621000000000000000e+03 6.864600000000000000e+04 9.623000000000000000e+03 6.925000000000000000e+04 9.925000000000000000e+03 9.327000000000000000e+03 9.328000000000000000e+03 9.329000000000000000e+03 9.330000000000000000e+03 6.866200000000000000e+04 9.631000000000000000e+03 9.632000000000000000e+03 9.334000000000000000e+03 9.635000000000000000e+03 6.927200000000000000e+04 9.936000000000000000e+03 9.937000000000000000e+03 9.938000000000000000e+03 9.939000000000000000e+03 9.940000000000000000e+03 6.928300000000000000e+04 9.643000000000000000e+03 6.869100000000000000e+04 9.345000000000000000e+03 9.646000000000000000e+03 6.869700000000000000e+04 9.648000000000000000e+03 6.870100000000000000e+04 9.650000000000000000e+03 9.351000000000000000e+03 9.352000000000000000e+03 9.353000000000000000e+03 6.870800000000000000e+04 9.654000000000000000e+03 9.955000000000000000e+03 6.931300000000000000e+04
6.804700000000000000e+04 8.723000000000000000e+03 6.804800000000000000e+04 6.805000000000000000e+04 9.026000000000000000e+03 9.027000000000000000e+03 8.728000000000000000e+03 8.729000000000000000e+03 8.730000000000000000e+03 6.806200000000000000e+04 9.031000000000000000e+03 9.032000000000000000e+03 9.033000000000000000e+03 8.735000000000000000e+03 9.035000000000000000e+03 9.336000000000000000e+03 9.337000000000000000e+03 9.039000000000000000e+03 9.040000000000000000e+03 6.868200000000000000e+04 9.341000000000000000e+03 9.342000000000000000e+03 9.044000000000000000e+03 9.045000000000000000e+03 6.809500000000000000e+04 9.047000000000000000e+03 9.048000000000000000e+03 6.869800000000000000e+04 9.050000000000000000e+03 9.051000000000000000e+03 6.810700000000000000e+04 8.753000000000000000e+03 6.810800000000000000e+04 9.054000000000000000e+03 9.055000000000000000e+03 6.811700000000000000e+04 8.758000000000000000e+03
