output_new_topo_ddd_2/topo_0_yrs_bedrock__elevation.asc
ncols 300
nrows 100
xllcorner 0.0
yllcorner 0.0
cellsize 10.0
[rows 68 to 84 of 100, columns 148 to 184 of 300]
6.785386868344615019e-01 6.360969131844770308e-01 2.027184543479720324e-01 8.849643126393759163e-01 3.766747624434750308e-01 4.254615045105966664e-01 6.717558141656386761e-01 7.073066715949488659e-01 7.857982099086976424e-01 3.887517944778548507e-01 7.545919491583210625e-01 6.720174676145735937e-01 6.104877298305895206e-01 9.562737371629810301e-01 3.134450270436380248e-01 8.080162566146349423e-01 9.218780104433236255e-01 9.283877351704591385e-01 8.604415561712013272e-01 7.836717620849025234e-01 3.269796703290948625e-01 6.301741458290843756e-01 7.708776522224248806e-01 6.368038412819805594e-02 8.986648293389125630e-01 7.510248663857890250e-01 8.310523299634257066e-01 9.313371583213573279e-01 3.477171231687438691e-01 9.863505789685687031e-01 3.026505716022557801e-01 6.866329187531429179e-01 7.668103454041398370e-01 8.565222653596472613e-01 5.297943392232931092e-01 5.374838898820417932e-02 1.716546037746856102e-01
2.631794139627903761e-01 1.634336289290944655e-01 2.507405502344433601e-01 9.192547651527427366e-01 3.955875639843888236e-01 9.301678206979477892e-01 6.538281903198537304e-01 9.440037543422361566e-01 9.156140779474508662e-01 1.041972906242150332e+00 1.334896301564802434e-01 1.111534361021925960e-01 4.590926251048457751e-01 2.032107203048631461e-01 4.140802690981418288e-01 3.561620956393580228e-01 8.792575172667833616e-01 4.757115189980038461e-01 5.063970773507003864e-01 7.822689909918385809e-02 4.422561236523768202e-01 6.213500210087566922e-01 5.613560572995743847e-01 9.291862313569214660e-01 7.547995367164898051e-01 1.009769811971146236e+00 4.807628462511501222e-01 2.851206763806665712e-01 2.463151759853074441e-01 1.600957284993833052e-01 8.981875553672727941e-01 7.927610461674586828e-01 4.110542718992158950e-01 8.487411639548518849e-01 1.928285507816392408e-01 9.453967266207614906e-02 7.083683755317853326e-01
9.593653743661392230e-01 9.629498168157514248e-01 9.497535238239673827e-01 6.260986781165174542e-02 9.355070729847032585e-01 6.742745615714130780e-01 9.879079738217423357e-01 5.507311488983399617e-01 3.074639680297282518e-01 6.725151753813441990e-01 4.874396209807911329e-01 3.714204035209349164e-01 4.630127429962967445e-01 9.416918974194896652e-01 5.197570981823194103e-01 7.853854759937177743e-01 5.308879763502798443e-01 5.429308493819247350e-02 1.033818389530242632e+00 1.063766896815848267e-01 8.284901172040166906e-02 5.719690926288453214e-01 7.312925040624507211e-01 1.046351489489636188e+00 2.493660390123601522e-01 6.581614551424629367e-01 2.343099139620876126e-01 1.090712269119714223e-01 5.000481436288284343e-01 9.819224866523779127e-01 1.644668283744875059e-01 3.573471512613137224e-01 5.514559055490956263e-01 4.496185278913172323e-01 8.859501665057656350e-01 1.603310908777001997e-01 4.840241752396586272e-01
3.987492204136349749e-01 5.563681582187135488e-01 3.039456283546261850e-01 9.606209935888306850e-01 1.582454003172676926e-01 6.810739655101373247e-01 8.190545675457051589e-01 6.690947936442747102e-01 9.872988396912227849e-01 1.959860133883805644e-01 4.646215769169135812e-01 6.109792860097902623e-02 4.970839855972470356e-01 6.494535164682786743e-02 3.697075089059477793e-01 1.732646196828940277e-01 8.545215213915487995e-01 3.413214577882866529e-01 9.347139119857744705e-01 6.632971981660639171e-01 5.977820893418989145e-01 7.529591675401843542e-02 9.048832072734394050e-01 8.703521315082419774e-01 1.744655617617573706e-01 4.588879772207322127e-01 7.582734391960638254e-01 6.313585532665997313e-01 9.981980852864119624e-01 7.464279902036260461e-01 1.423178789240218678e-01 3.626846338296584871e-01 5.087982776865230816e-01 5.174238138977683699e-01 6.608201439963505841e-01 9.131324190461832524e-01 3.491855378275955935e-01
3.217221184786548949e-01 9.263831576500657361e-01 3.867910847608512781e-01 5.589926794805628874e-02 3.378606763258726331e-01 8.207569297911428974e-01 6.009639587025769059e-01 6.728313409545441104e-01 2.274354982581290874e-01 2.452166196748283844e-01 4.552764562560951966e-01 7.270174555218661405e-01 4.746380788223690250e-01 8.216200507232982453e-01 3.043379340176183834e-01 4.040118299747770814e-01 6.815663619441794108e-01 7.561768130949975131e-01 4.913390697328969270e-01 2.878766698687065806e-01 2.320400200701986937e-01 6.143455165619605696e-01 3.038996251843906760e-01 2.018422033399765447e-01 6.754565012033988403e-01 1.004198005514057801e+00 5.723159214835392694e-01 1.014085178108213414e+00 8.273165428805476784e-01 5.380327640320325955e-01 6.699472080136628094e-01 8.160479340331829867e-01 1.841271583512862908e-01 2.615148084924261984e-01 4.843764729578931560e-01 4.398989849643664685e-01 7.269256300351648603e-01
8.446121886422415515e-02 7.393737959806776505e-01 9.808806533534562000e-01 2.611173816592102237e-01 6.055777667742765491e-01 1.574840860649032170e-01 3.557976224829076384e-01 4.973333807400562301e-01 4.037840827794951237e-01 1.153635855000583882e-01 7.327846237170893007e-01 8.844163130956738117e-01 1.351509094271672873e-01 2.456791453926952529e-01 5.969433354391004976e-01 3.534477283944723047e-01 9.143664664307347145e-01 5.233833196384731767e-01 8.746033991811825725e-01 2.248344920037977368e-01 5.591829352582347035e-01 6.363037815767147443e-01 7.152215606831969774e-01 6.615558641374594817e-01 3.081327115543340267e-01 6.114618898614860854e-01 9.992183769165114970e-01 1.636517836943792159e-01 2.802126141157909589e-01 2.441228445447391482e-01 7.714586827619503151e-02 2.166984683088151731e-01 6.567201966744505848e-01 1.949160877320776364e-01 2.606018753152416489e-01 1.723650931680282272e-01 4.049323122136904707e-01
4.511634240843420129e-01 4.778469618082042403e-01 7.049759511378395072e-01 9.809899278573985804e-01 7.359787372304391617e-01 5.290204054433751690e-02 7.279235375900837690e-01 8.121982875427217197e-01 1.046000133754618533e+00 8.777758772316327507e-01 1.350919263251422753e-01 7.874522949036942832e-01 4.182726984301054496e-01 8.800325697316886409e-01 8.289344231255880713e-01 5.458266308879463624e-01 5.725454675289514128e-01 9.555561891440096656e-02 4.751472437359938739e-01 6.342808226211590350e-01 7.503088887511453198e-01 1.394755593859425269e-01 2.902465733261881398e-01 7.490185634833107509e-01 2.412805668437504880e-01 2.728642852692605980e-01 1.841466043517958062e-01 9.534305209287953220e-01 1.634740747471443156e-01 5.252315974245940211e-01 6.591218354712641281e-01 6.717170208892782046e-01 1.028299641484883731e+00 4.702628265122869577e-01 3.951394936020332094e-01 2.491886836607337119e-01 7.852657458502261267e-01
9.428881021928730011e-01 6.598229729657545395e-01 3.370931220832486530e-01 9.016329504499721592e-01 2.680488675035461177e-01 4.729359843475328673e-01 6.652981109905287127e-01 9.111176549741869524e-01 7.621510822432020493e-01 7.025842540980853368e-01 1.296426130963130308e-01 9.649134285930504040e-01 4.942984515302725756e-01 5.773444410055766918e-01 3.702182273265223755e-01 8.068273360886402124e-01 3.991735792064524113e-01 6.345870066427100609e-01 9.162847418565123192e-01 4.471082128566984948e-01 1.901905126974527405e-01 5.488968522324910726e-01 5.601568121493546437e-01 9.001808915086153551e-01 1.586982896118072639e-01 1.788229521192014615e-01 4.413308623184604707e-01 7.267634114087051511e-01 3.654030402202686489e-01 3.049455479158783011e-01 8.886522475883056327e-01 8.943814830822721662e-01 2.122598734586583213e-01 6.915124183486962561e-01 2.796988099401563344e-01 2.876281097213630455e-01 9.528924535803414697e-01
9.654683443614627825e-01 1.024371119943990438e+00 4.351849736107917255e-01 2.724032031212169636e-01 3.587336823408079911e-01 3.934618276238835421e-01 9.451186274560676726e-01 2.342375486626862569e-01 3.641091738942561773e-01 3.948288293927762482e-01 3.633387200294498354e-01 3.597300910307038024e-01 5.850721885719066817e-01 8.745140529472070767e-01 9.201224181985107053e-01 9.440973539359894806e-01 9.580944474805288547e-01 1.198471247308055682e-01 5.525266310678855763e-01 9.104021652820977195e-01 4.515193200866214895e-01 5.001073616082968298e-01 7.173700894007913054e-02 9.178082046006803829e-02 7.678070596255037739e-01 6.042809412485541376e-01 6.719551762692524965e-01 3.941302065613013217e-01 6.524444088362901795e-01 4.819959264091228657e-01 9.963796912043693110e-01 6.260102478037197216e-01 7.542589054151435102e-01 2.675038691843611427e-01 6.822542600578063166e-01 6.141153931776539843e-02 9.298056598136563711e-01
8.295967962097224868e-01 6.299906721311536728e-01 8.685081687709136355e-01 6.994835952558497993e-01 1.105724571899775049e-01 3.037817301282958460e-01 6.250803954899558645e-01 3.899845679313770908e-01 3.615845867107508327e-01 3.322050838864183953e-01 2.971545690998937395e-01 1.333210686294969416e-01 4.554318760930194387e-01 3.106628030647556327e-01 9.012629522207723509e-01 9.390657317686985917e-02 4.085550415567804072e-01 8.929532335740072435e-01 9.430081213345764546e-01 9.025501502418060706e-01 3.102895745558434393e-01 2.694380050059145826e-01 7.033345792142342567e-01 3.304222690253587058e-01 7.606211021301116926e-01 7.412943075218197952e-01 8.865923361199906649e-01 8.115717571619575077e-01 9.454566355683036161e-01 9.768240623292294700e-01 1.018532507067483550e+00 2.683458992903595131e-01 5.539536715523207810e-01 6.302911700472387801e-01 5.567868627102375845e-01 7.805176122773791469e-01 9.907267978858047552e-01
6.508553091294867476e-01 2.740991642692056085e-01 3.759624079051216428e-01 2.458383380143541186e-01 1.310155446434024262e-01 7.620210079905896938e-01 1.241674358682753471e-01 6.433177332488777822e-02 1.026991094641293012e+00 8.923909002534623491e-01 1.031536712096010611e+00 1.003555874184511448e-01 8.757370846052743574e-02 1.005147201093427922e+00 2.487985902320611342e-01 2.599504260560421831e-01 1.036309099774017417e+00 1.009433609223790995e+00 8.528553205476042676e-01 5.311157894522787748e-01 1.456749710836102163e-01 6.236594709622296229e-01 2.512573071032321859e-01 2.086733588199641276e-01 3.403390008073217676e-01 7.958270669570944866e-01 2.748423564641760408e-01 4.857408583632843446e-01 8.284056220194759845e-01 2.342129128516147740e-01 7.699065481985268855e-01 7.044527853099422643e-01 1.954152662503519378e-01 4.301521691584318519e-01 8.455153627389096205e-02 8.196640289754906217e-01 9.324463183460764970e-01
7.375783335575945010e-01 1.171262533466786576e-01 9.872959206778567642e-01 2.684226375156494870e-01 8.373908981581721367e-01 6.314109478282760035e-01 1.627862767188701931e-01 8.055613540527161165e-01 8.432866995174033153e-01 8.309671649283537631e-01 8.129566456601720059e-01 1.512347109421047775e-01 1.555181275149752351e-01 5.488292949135589183e-01 6.927033108307260045e-01 9.823949834086727062e-01 8.186961887975725827e-02 4.795056863033085315e-01 1.314708219681462453e-01 1.045208232203060028e+00 6.278320777875897596e-01 7.259640269122169531e-01 1.025735483792716618e+00 7.640864642869534817e-01 1.012452960294450754e+00 5.339473550045766015e-02 4.699801809418019949e-01 2.282912737075785681e-01 6.895283096400689482e-01 5.907174188954997796e-01 1.027643274810739804e+00 8.692529967192412776e-01 3.986443580104909734e-01 9.006143188255294474e-01 7.546066401741280405e-01 8.895841903973135123e-01 7.930990159851302179e-01
4.906236802353926563e-01 6.847443131878667988e-02 3.309169560940148913e-01 7.206203210332658149e-02 2.927512822661257341e-01 2.759006172843130877e-01 2.304581131776053948e-01 9.232956910780283355e-01 7.049269552201148370e-01 1.022272137504679268e+00 2.317433174203855084e-01 5.333907037952033692e-01 1.022887325142943116e+00 4.790688775867849025e-01 1.037177608474026069e+00 2.329924108855588316e-01 5.766758589760019316e-01 3.014158745666986605e-01 9.901384257827607893e-01 5.881318479929925624e-01 9.329372812993528274e-01 3.480953485225525834e-01 6.710910994131751295e-01 3.409431987589768842e-01 6.535929708354539791e-01 6.513851285595018137e-01 8.807679594187521888e-01 8.735983096463253439e-01 1.564241203785044498e-01 8.414939416467527300e-01 2.921709614756314299e-01 9.196304825144935302e-01 1.046549450109022894e+00 5.054355953612267305e-01 6.451140486269186791e-01 9.337329621709002936e-01 1.437019141613226636e-01
4.810343736467804221e-01 3.594486736160147911e-01 4.489885559436783136e-01 9.316451152877223141e-01 2.298434768368267656e-01 7.424728799966073822e-01 6.541127226103367054e-01 7.749773408164014610e-01 5.001351361168167031e-01 7.557984334281626637e-01 4.691534319484576554e-01 3.652983193917475613e-01 6.067154104689889138e-01 3.414497670614798364e-01 6.827778596714705328e-01 7.714178233978962185e-01 2.149019230912257439e-01 9.601890044030091387e-01 1.047239365565598712e+00 7.924235856309400639e-01 6.944953774918891654e-01 1.008177951996424904e+00 1.663650217323861535e-01 3.035496109591914737e-01 4.464020907776347635e-01 3.544249844475079736e-01 3.469233613471033872e-01 3.653518658697710308e-01 7.403479720535980357e-01 1.960235626795158725e-01 1.960052619259466389e-01 8.354928642725409915e-01 9.957670465577113106e-01 1.020073108039199594e+00 2.172926298099086551e-01 6.785987861634180662e-01 7.217636139009470098e-01
3.736444801526341286e-01 5.279964139336073004e-01 1.734368361723915286e-01 2.734560655312670563e-01 4.507917782368521809e-01 8.048344435019096910e-01 1.601069031849954860e-01 8.309369326957081192e-01 8.399105107229222211e-01 7.442816939638030593e-01 6.451636485237118024e-02 2.609314175322642870e-01 5.781622641994874634e-01 9.760690817034687328e-01 8.556316809403572421e-01 8.982606932763778085e-01 2.530131864294064559e-01 5.778220944940763992e-01 5.948629149059998511e-01 4.525441322758775864e-01 1.547313143998774732e-01 7.224061579077681872e-01 8.749672484176680698e-02 6.006403612320766472e-01 1.009417707659661323e+00 1.048690240491999104e+00 6.164032098172255170e-01 5.676641184570879739e-01 3.991694608944512113e-01 8.976206423419372804e-01 4.546642415937895421e-01 3.313551977562492756e-01 3.659473056502861588e-01 5.995684342583798010e-01 7.095576795372800227e-02 1.022555978315563330e+00 1.325511328935448652e-01
8.911278187621817226e-01 3.706209380911135720e-01 1.473495498975064266e-01 3.441782074862785312e-01 4.061844029489581342e-01 5.195634361061491902e-01 4.278533832107320189e-01 3.069865212926499720e-01 7.451570942349859950e-01 4.911468013065736771e-01 8.774799390976097957e-01 3.325089238046889384e-01 2.872162232755556821e-01 2.349195885968056730e-01 5.524087413337651631e-01 1.016972472526412874e+00 7.810102921714895396e-01 6.217699975751785069e-02 9.362436273892661420e-01 2.754638444015359844e-01 8.619792484594103188e-01 6.838715934199341984e-01 7.118056847029557987e-01 7.446430683702185416e-01 9.826666535857383478e-01 1.783160652303918403e-01 9.350894763215426009e-01 5.762388259852375683e-01 5.513814906127425530e-01 9.304722148151256533e-01 3.622538721151799535e-01 6.455385708947908308e-01 1.023215147945317982e+00 8.430502425699865077e-01 9.494339374332919634e-01 1.474582578166566127e-01 5.603387208368081351e-01
3.917126016812867983e-01 7.480417711600959585e-01 9.091908251800561169e-01 5.265569582297057183e-01 3.430815585247907751e-01 8.545959120884474292e-01 2.166711479300417742e-01 1.040448954556798089e+00 3.065997743854555480e-01 8.370831563858012192e-01 4.015434963966768023e-01 7.512319893892958067e-01 6.493544259610535552e-02 3.024889863816129787e-01 4.461051478714302410e-01 7.122758054688963503e-01 8.474240214348340849e-01 3.176758716898126500e-01 5.622929513541530255e-01 5.921322552991450383e-01 8.373930526645166905e-01 5.053898982234883430e-01 4.453210593006163287e-01 7.905980481758013712e-01 7.309246812158927409e-02 2.255098385992223009e-01 9.966191727103509423e-01 4.582235968623231126e-01 4.394265215334654529e-01 9.201639262488821303e-02 2.329395101325622552e-01 5.787720032818395588e-02 8.278126160339461803e-01 6.354792939019184850e-01 3.570051446809371920e-01 4.750818340473800805e-01 7.901629448643280318e-01
