output_new_topo_ddd_2/topo_0_yrs_topographic__elevation.asc
ncols 300
nrows 100
xllcorner 0.0
yllcorner 0.0
cellsize 10.0
[rows 0 to 16 of 100, columns 37 to 73 of 300]
7.398248391770245735e-01 3.390439925669708199e-02 8.535025603432128127e-01 5.871321026106224306e-02 1.640166882895652822e-01 9.645854122380996820e-01 7.074449025588824824e-02 3.475671227847867417e-01 6.955205836502881267e-01 3.248312649153727305e-01 5.990236451595133405e-01 7.627525792393350379e-01 1.841344203787801392e-01 8.844546101196271159e-01 3.673713541612617650e-01 3.479753582890968699e-01 6.747350824786986223e-01 1.912795475262309974e-01 5.071971983185908917e-01 1.310602117253231169e-01 5.168922218552243208e-01 2.757016130924760944e-02 9.221344809870526404e-01 7.368314103617920052e-01 1.250905949542462370e-01 6.953992328090485842e-02 5.013672116084273434e-01 5.971198639479180503e-01 5.426529771061683327e-02 7.049861514517294925e-01 2.373343190246059997e-01 4.294379860258947801e-01 8.358642879110816937e-01 9.575312721782338610e-01 3.239536215154414922e-02 8.506864902140321982e-01 5.349816570977435903e-01
5.649717528330650218e+00 5.842029739030335733e+00 5.208920574191436614e+00 6.045267318756180508e+00 5.690192920871344207e+00 5.422654456345433083e+00 5.286296714385342099e+00 5.760552958320674932e+00 5.869649253346256756e+00 5.089483296237694354e+00 5.512138276266208337e+00 5.549439497426617685e+00 5.965207690446922228e+00 5.833663841125769522e+00 5.962619943555435675e+00 5.321007272952502198e+00 5.255466747385889370e+00 5.663334790295658117e+00 5.992685028917866141e+00 5.144380670983975001e+00 5.643473336677441665e+00 5.217859902111218418e+00 5.479003106773146392e+00 5.211286651887464316e+00 5.571146419597178934e+00 6.010001068588828765e+00 5.563053783097530847e+00 5.497027275342464492e+00 5.302750097130578766e+00 5.208737467107980912e+00 5.205643613831149707e+00 5.803896263472058337e+00 5.996323719163202171e+00 5.575017509957788775e+00 5.240079560354362620e+00 5.999170343959943530e+00 5.933655561669075595e+00
5.086389520310947709e+00 5.638794488945171324e+00 5.326103027487396169e+00 5.191236625824356743e+00 5.854219097246795123e+00 5.875833918649585819e+00 5.575051960269840734e+00 5.247674834485492212e+00 6.023242813375547122e+00 5.517401968457213535e+00 5.693533742945287024e+00 5.832287527900299473e+00 5.561096812859030791e+00 5.717695414089742023e+00 5.867518215707053564e+00 5.204263907127925748e+00 5.796373327685818033e+00 5.111812219227142684e+00 5.890409098805389654e+00 5.255822192975026397e+00 5.666108999668955981e+00 5.174398887327211760e+00 5.820566472891089305e+00 5.947369728450406789e+00 5.574669829268699139e+00 5.818541461025591666e+00 5.336719955769259727e+00 6.000030072002815018e+00 5.701073277762757741e+00 5.225581867430016736e+00 5.560076372660180510e+00 5.247316101767926178e+00 5.183463614688420762e+00 5.832798227828965842e+00 5.348188319443091920e+00 5.941020717825565178e+00 5.805862693156045751e+00
5.998529760677797640e+00 5.852170442637075531e+00 5.951668325332282627e+00 5.343720164083380908e+00 6.036900308713978980e+00 5.480444963368481304e+00 5.124638106141687466e+00 5.579012400098070756e+00 5.572422609131161941e+00 5.915751188851622544e+00 5.731504407787823219e+00 5.270876418573728017e+00 5.230800047930070029e+00 5.191200322734593975e+00 5.900836216680869661e+00 6.015013532881753555e+00 5.880776418772740044e+00 5.864390586445106024e+00 5.174275839680756661e+00 5.304608964988836384e+00 5.530934662834208204e+00 5.263167795151840522e+00 5.799097180888519887e+00 5.869772532913573038e+00 5.626935705098248697e+00 5.670736557281220946e+00 5.649715822610169802e+00 5.916673040282706353e+00 5.970311422516849653e+00 5.311966105810832950e+00 5.517569641474977082e+00 5.194054392374018114e+00 5.934361627979350295e+00 5.396097271915085258e+00 5.626330979700299828e+00 5.313535277811375579e+00 5.256207386667012038e+00
5.926043663923564075e+00 5.432798975991758539e+00 5.182129036956482970e+00 5.150649447696590499e+00 5.736650752291308386e+00 5.317176170991844586e+00 5.150398933666809675e+00 5.213936460894006863e+00 5.146298341669734988e+00 5.304667920692845762e+00 5.697156627249789551e+00 5.086183575298750092e+00 5.876189541489918788e+00 5.968934786113301527e+00 5.555791962428278552e+00 5.297868933584513051e+00 5.485736306721011424e+00 5.351849807506747325e+00 5.290639680584604321e+00 5.907490313166457341e+00 5.754529558105411446e+00 5.858008826780690015e+00 5.138802777041723502e+00 5.544149622158772495e+00 5.787093394221135334e+00 5.650665130184924223e+00 5.865900836463764811e+00 5.574804653312238401e+00 5.772986142645883056e+00 6.040737959395722889e+00 5.397288735490796796e+00 5.542837767204449761e+00 5.200787831379800608e+00 5.593129730933586785e+00 5.638157228706475621e+00 5.710120250619596938e+00 5.629260227374899728e+00
5.690630040978132520e+00 5.841926801394386359e+00 5.170419014892533305e+00 5.580747623041293792e+00 5.909393486061723877e+00 5.160426200901423677e+00 5.209751953145818071e+00 5.130978615635147122e+00 5.517915259554429852e+00 5.456129707199155909e+00 5.267384549961147577e+00 5.700196737565469185e+00 5.571107547025204276e+00 5.810810036897073871e+00 5.058695568308816171e+00 5.118874393604094131e+00 5.471163689063741842e+00 5.431011975655334112e+00 5.071702498313091390e+00 5.502996632657048082e+00 5.215348018869718771e+00 5.474465354468463829e+00 5.104282774091950969e+00 5.267178813915249336e+00 5.676474966155141466e+00 5.821241148672233301e+00 5.185314292485823096e+00 5.335615371826112785e+00 5.298546312957853388e+00 5.937797110655008481e+00 5.510080628108238621e+00 5.660767970784285730e+00 5.812019870287894463e+00 5.099418701852491687e+00 5.592071190356346477e+00 5.509415482211415416e+00 5.933208159757051625e+00
5.142857766796794294e+00 5.556533612245027953e+00 5.102990669722297312e+00 5.303611906874338366e+00 5.412904572270390346e+00 5.138057507210818109e+00 5.513080094713093793e+00 5.526213126030530276e+00 5.977950498370970145e+00 5.900234338135600609e+00 5.451251643417888815e+00 5.989951442324268349e+00 5.233943738544366120e+00 5.729291975045970098e+00 5.756546076943690693e+00 5.080551790694371128e+00 5.486815350539997915e+00 5.681115957876077260e+00 5.897150374583940646e+00 5.462477759486864315e+00 5.144360461964331499e+00 5.958028867689071362e+00 5.150008900695685732e+00 5.799993059026189890e+00 5.150822487811177908e+00 5.466943957212946792e+00 5.353315017085735761e+00 5.692241730329132388e+00 5.500790146036254491e+00 5.090212852985077419e+00 5.620467401385404571e+00 6.018694598525127226e+00 5.673601120690637600e+00 5.480007905999287665e+00 5.745453494870527145e+00 5.268843504632592101e+00 5.979329238378680245e+00
5.920962381873443370e+00 5.636119169385623628e+00 5.641514067660293286e+00 5.167720000504647082e+00 5.097457806072201336e+00 5.743781553623621861e+00 5.703500452173808632e+00 5.610430869124275688e+00 5.687552467914439802e+00 5.775333113085186376e+00 5.140999076027754633e+00 5.153056885173320723e+00 5.990671511558122830e+00 5.735830399075374508e+00 5.808352421015993805e+00 5.749013542871560745e+00 5.240853746525442780e+00 5.427411867875380658e+00 5.205812405674322463e+00 5.129348522723425674e+00 5.685487654108071887e+00 5.708318342260288780e+00 5.554690666849188219e+00 6.000103535369512464e+00 5.204340214377377372e+00 5.554659113378158430e+00 5.418954124999128652e+00 5.325728170272344464e+00 5.841887884314493462e+00 5.294927444907552960e+00 5.183300452606407482e+00 5.538121293753621721e+00 5.768181237061892119e+00 5.834604559205787133e+00 5.988108644857482510e+00 5.543349228428026798e+00 5.504894129925038015e+00
5.597611944522030036e+00 5.738287968427724373e+00 5.203335130771368888e+00 5.875669406960038366e+00 5.620555989616041082e+00 5.178171378424727855e+00 5.911235868773744073e+00 5.468368451753655712e+00 5.965808030209618806e+00 5.245522315659639112e+00 5.373318456511495533e+00 5.925953929219685001e+00 5.803575636307335195e+00 5.407261501649959001e+00 6.027994629318941477e+00 5.395758833193665005e+00 5.205885847415934187e+00 5.199323568220672875e+00 5.950513745303461555e+00 5.073411207548054414e+00 5.939863757510171816e+00 5.054490751061698539e+00 5.471075907715726494e+00 5.293448821787384517e+00 5.592439327656625991e+00 5.277325851134805568e+00 5.906482198264205508e+00 5.713157260772489643e+00 5.345499698364135632e+00 5.342277685300982348e+00 5.555559586844577957e+00 5.565670253769575027e+00 5.109990776049420091e+00 5.828154919302162007e+00 5.103216359352899190e+00 5.596913103630750008e+00 5.839126432006907841e+00
5.166793997884087553e+00 5.082451175814212796e+00 5.590416454978448968e+00 5.686608459324467013e+00 5.802365044838057706e+00 5.438926930882335142e+00 5.925033807520993179e+00 5.429947881423864864e+00 5.271986200813714163e+00 5.655220502104508107e+00 5.415734233996800207e+00 5.707484687368190812e+00 5.259301429495383928e+00 5.170031617943553037e+00 5.199268879170888091e+00 5.696560630965590732e+00 5.700785948901834210e+00 5.827429000436265660e+00 5.343487407265184785e+00 5.759178072749159050e+00 5.848782910413029335e+00 5.763464113212442896e+00 5.611985856919961435e+00 5.904353805595220273e+00 5.883979885959006673e+00 5.344290957448748713e+00 5.654565856643583466e+00 5.754998117173715677e+00 5.935102039633926019e+00 5.757731673789250770e+00 5.086604428622817586e+00 5.372287687479307294e+00 5.523726085242447681e+00 5.831275190392946506e+00 6.006956505334536622e+00 5.402640304142568795e+00 5.135187498946684137e+00
5.944944877576350706e+00 5.093826537624900119e+00 5.725856750385142746e+00 5.373483136592965614e+00 5.710846955293278349e+00 5.254505205448698923e+00 5.697907355755368997e+00 5.240625967582138500e+00 5.713505643018839564e+00 5.691626381670760182e+00 5.571739945393072269e+00 5.160530606213530547e+00 5.539958771762557355e+00 5.312711258090604183e+00 5.356824527198984498e+00 5.806406257576575136e+00 5.374546117362174691e+00 5.772959189701440508e+00 5.137232427652687505e+00 5.938769798337922623e+00 5.785926108502962073e+00 5.381614562679932767e+00 5.486940126291441011e+00 5.327763831854786858e+00 5.336698335711321128e+00 5.569851215402636058e+00 5.750619579316193608e+00 5.961367860366765470e+00 5.758721312203556764e+00 6.001048267425227678e+00 6.010645398511560877e+00 5.557617234993544209e+00 5.827326335773041599e+00 5.416542525723964552e+00 5.438306513693949462e+00 5.868690102311894030e+00 5.711041233329877898e+00
5.902516775976903496e+00 5.938643870431667970e+00 5.650740150411269092e+00 5.270660407219709853e+00 5.287535181853793453e+00 5.710361200219745470e+00 5.516109909634913322e+00 5.829385405705933998e+00 5.129848823814236347e+00 5.684764004949196980e+00 5.718762418156881466e+00 5.368627730911839535e+00 5.315194194138590511e+00 5.130985264739210905e+00 5.329983248951955410e+00 5.097257314971352926e+00 6.033016425765303836e+00 5.648128685167085550e+00 5.533564516538316269e+00 5.566018345919996335e+00 5.365927772817320474e+00 5.319272265166888225e+00 5.275967650940107667e+00 5.857109714573014436e+00 5.190603410492557579e+00 5.097949196668744243e+00 5.597102319371983548e+00 5.661593440396014643e+00 5.760974592453456111e+00 5.618324186080392302e+00 5.754321470793073878e+00 5.152438671330884290e+00 6.026925412797235815e+00 5.435284315208792627e+00 5.381192046502587090e+00 5.959275598545670682e+00 5.361387521598944161e+00
5.268313340189131999e+00 5.791732175967154284e+00 5.253731528600023459e+00 5.513734541417287360e+00 5.175572563212177180e+00 5.203688191671821173e+00 5.443195655238237229e+00 5.808319126630075324e+00 5.483431330064557407e+00 5.467055267880704506e+00 5.120252407588012034e+00 5.736382566827828988e+00 5.561427528637380213e+00 5.093777731300678013e+00 6.008010912047410557e+00 5.059015731645697400e+00 5.636117099741519532e+00 6.005235751433708025e+00 5.617546717218747432e+00 5.192043874881459686e+00 6.033663553902290921e+00 5.238367729463548450e+00 5.510502889478407162e+00 5.832385712083139495e+00 5.129226325827144883e+00 5.092347149957020314e+00 5.984888457638267489e+00 5.200392610672794902e+00 5.944380758077011606e+00 5.258262945130484312e+00 5.052932130431051938e+00 5.417624554397074021e+00 5.251517192690154268e+00 5.074130731623615276e+00 5.949514337843393896e+00 5.139148290563418264e+00 5.286195794873982834e+00
5.802624786264471979e+00 5.178656093009309735e+00 5.753764935661818569e+00 5.490199403275775047e+00 5.539625887423958339e+00 5.642540202709054320e+00 5.257958276650659180e+00 5.139607790680316590e+00 5.368450559652840681e+00 5.320544626199542826e+00 5.801115244269194449e+00 5.208005399796561186e+00 5.307380694686139933e+00 5.607147093529101234e+00 5.324220716657847241e+00 5.403386718706963521e+00 5.408224004059797529e+00 5.390545582292434190e+00 5.354564172238400310e+00 5.458713501085629360e+00 5.898910029171193337e+00 5.062235182410860901e+00 5.120696585222444419e+00 5.249632226688119907e+00 5.245905955303249435e+00 5.622510454367644073e+00 5.118814910396369378e+00 5.581789081076490078e+00 5.573734018282198832e+00 5.881661532212478782e+00 5.517962415801722642e+00 6.030070102116582120e+00 5.463765851492323300e+00 5.408018822202841136e+00 5.956897545673588645e+00 5.895869382578959872e+00 5.075278776267757586e+00
5.695994585691586565e+00 5.872076178010347647e+00 5.218871479062920038e+00 5.317838092031502484e+00 5.725841348776963713e+00 5.350192431205975652e+00 5.957639286104004839e+00 5.821270687587584369e+00 5.085114028697374167e+00 5.756073169736335871e+00 5.130741075268987927e+00 5.834632951844962889e+00 5.441272964155648317e+00 5.753290972611445397e+00 5.312302490446789704e+00 5.849418259369195461e+00 5.412922720835476653e+00 5.088279142155736956e+00 5.633387637495520295e+00 5.691429810412750534e+00 5.646854340190928134e+00 5.679695627101292388e+00 5.316191274994866767e+00 6.010191509047248637e+00 5.663879863241449542e+00 5.592864239716248242e+00 5.439823423585308682e+00 5.111894600872680883e+00 5.819347379039422563e+00 5.066034949600996207e+00 5.778232614210398133e+00 5.927136430639085241e+00 5.963013758967776745e+00 6.014463644819419308e+00 5.170319202776489043e+00 5.461004396667087590e+00 5.796979461669855560e+00
5.944007935157286759e+00 5.660356970606744476e+00 5.112247698375679938e+00 5.989430937050173043e+00 5.329379445802019610e+00 5.516514730659094035e+00 5.851804595510400553e+00 5.306550957690805426e+00 5.632846750462062069e+00 5.559710217759094242e+00 5.703895398560423047e+00 5.150222161239482510e+00 5.101206735825720706e+00 5.270149699617147299e+00 5.428868199385533444e+00 5.637376332903987652e+00 5.356621345455956806e+00 5.845596475005613968e+00 5.095954652837101584e+00 6.007024148699781740e+00 5.138935806922011018e+00 5.260260613319549527e+00 5.092974204810562178e+00 5.916126262998623098e+00 5.108609894222611025e+00 5.941541124763360493e+00 5.290830984017649286e+00 5.544519005767193143e+00 5.613720752535038550e+00 5.791784821136825023e+00 5.445585555587581617e+00 6.042567959883871076e+00 5.139014940971031287e+00 5.933041803018757498e+00 5.622482233655011541e+00 5.968939705069550961e+00 5.886482282685481238e+00
5.201381607253427575e+00 5.898984613707720648e+00 5.991619643589094046e+00 5.141102890694903671e+00 5.556223736989119644e+00 5.809686514494694087e+00 5.154601643832090296e+00 5.704977815500094529e+00 5.875575901315082561e+00 5.189509397453643480e+00 5.896094349201574936e+00 5.871256253994468821e+00 5.779178245457428531e+00 5.771755471076425614e+00 5.933804798982469819e+00 5.985339981467547865e+00 5.832825268060441992e+00 5.542764202941731888e+00 5.575148827676065899e+00 5.701959041803545958e+00 6.028508743381393309e+00 5.303956631866135751e+00 5.172388403222356601e+00 5.764671389981320004e+00 6.031034728538529066e+00 5.332775768461430310e+00 5.242560745269967626e+00 5.441728352041078409e+00 5.601361370838558784e+00 5.272938618342361217e+00 5.324668479196843940e+00 5.242512914509705801e+00 6.027995834428636179e+00 5.612191124793882047e+00 5.735333599701187168e+00 5.897449205162328845e+00 5.788732971132904304e+00
