output_new_topo_ddd_2/topo_0_yrs_bedrock__elevation.asc
ncols 300
nrows 100
xllcorner 0.0
yllcorner 0.0
cellsize 10.0
[rows 17 to 33 of 100, columns 185 to 221 of 300]
1.047179387394005401e+00 3.714326587563850368e-01 3.642171862623631573e-01 1.022329949926979120e+00 6.335284316298672724e-01 3.001290991218532045e-01 6.923939051427648039e-02 3.490603145825264542e-01 3.692417795045841999e-01 5.609973960671900128e-01 2.434436179752543228e-01 7.316847054016372143e-01 1.015707450505497711e+00 7.287373405657368020e-01 7.725842083493568435e-02 1.327670735205088159e-01 8.137243425075662007e-01 1.816071199931696412e-01 5.215581856915745274e-01 1.377864744307051859e-01 2.213478446240852437e-01 7.010705595403972368e-02 6.959398001144950774e-01 8.752700657563244890e-01 6.569023511336737897e-01 1.008818455816594906e+00 2.701445975116501530e-01 5.427454146736786500e-01 1.002235454058568731e+00 7.325477203087753519e-01 8.682078927457387296e-01 1.019232087346375604e+00 6.719659273171963987e-01 8.156082638471791324e-02 6.434421754967951657e-01 2.094657191632572357e-01 2.809174925633727837e-01
6.092439658782459189e-01 1.003060296514620031e+00 7.053618615236879608e-01 6.244356480069592763e-01 9.147762781420402112e-01 2.873583105720086128e-01 9.633065741493549439e-01 1.005205487052656999e+00 6.413244932817422361e-01 2.074483140351443544e-01 5.483804456806152805e-01 3.488973884104509815e-01 3.827476632470651619e-01 8.515729651066886730e-01 3.324860119877523501e-01 8.970989550812179525e-01 5.370754562829983536e-01 5.362759476403627934e-01 8.204746553647916940e-01 1.007924734983378229e-01 1.592335332766376399e-01 3.403182344760896094e-01 5.760987396414176676e-01 6.884867725270814587e-01 1.039621226289945827e-01 6.611097736632292055e-01 4.544926674455697646e-01 2.997879094058650273e-01 5.797839861514432203e-01 2.379659717670380981e-01 7.885818638433046701e-02 2.803736331878639576e-01 4.113173020845555805e-01 6.665112882813670758e-01 9.104144335328964166e-01 7.029269015851906666e-01 4.021229441658681902e-01
5.731320081853370496e-01 7.451320603467560533e-01 1.025097029357782796e+00 8.306455357598608868e-01 6.303051921196174412e-01 2.915466599384402557e-01 6.169952117892878451e-01 2.640640825344220954e-01 4.611534673152922204e-01 7.379223793031534084e-01 1.888013535080253491e-01 2.801205906690825143e-01 7.882580502208726969e-01 2.041067659561585645e-01 1.189292430536954132e-01 5.360723406367186028e-01 2.010886547777935296e-01 6.035633483742119942e-01 8.489058312576805987e-01 1.665795972521065260e-01 8.774701730219808260e-01 8.139969633214229061e-01 6.844784594208378481e-01 1.157525265631732109e-01 4.759841416548283299e-01 3.424191071963780808e-01 5.328565717335966845e-01 1.647105720019234609e-01 7.522115274916434391e-01 1.719539887640731401e-01 1.911826705242125057e-01 2.616445356022226165e-01 9.504033392696121796e-01 5.529326719248385258e-01 1.996716233045542910e-01 9.330571001932179698e-01 1.474994253822332069e-01
7.156612967872153508e-01 6.315774366917210891e-02 1.006034125334226009e-01 8.909365369625030784e-01 2.891853288606374695e-01 4.374658398912603663e-01 4.623454842798547237e-01 4.087534210120626343e-01 1.439107334189989040e-01 1.091760053793642965e-01 1.049187490115357280e+00 1.054593127699302163e-01 9.403709197151280952e-01 5.154520844102499222e-01 3.510193126785517426e-01 6.402266340060976946e-01 9.464665625202640653e-01 5.036144155379416176e-01 9.971553929520778070e-02 6.243642305203382925e-01 9.352737066369135599e-01 9.930069522541594695e-01 3.557477346711994115e-01 2.422352441311035887e-01 1.936279974566473272e-01 6.958497919016533029e-01 3.400882801364178420e-01 1.029250899254201129e-01 7.970586130350351128e-01 1.457980990354740825e-01 3.398654188405503818e-01 6.185963749440890336e-01 2.894118348654777795e-01 2.250620392571689998e-01 1.038820965664112084e+00 1.140640662996819793e-01 4.980465340348304015e-01
6.117759914442210123e-01 1.046845571841662048e+00 9.769554231954943324e-01 1.309206394790372596e-01 7.125162049483386995e-02 8.604240261116893329e-01 5.907186847532726326e-02 5.798659296825200427e-01 5.869537962235881201e-01 2.910948041141424025e-01 6.224821309339021447e-01 1.022029651644590142e+00 1.006488500494808536e+00 3.694054711846377903e-01 5.756105176801157297e-01 6.044211743797732739e-01 6.341998510068179717e-01 2.785390528494754991e-01 4.302994691940874028e-01 9.380777131734625574e-01 4.102252843254884929e-01 4.021336719514678193e-01 1.828870286758676467e-01 1.033050392247341520e+00 1.142071936074175592e-01 3.788076763573978156e-01 6.014155307435479214e-01 2.197575987106043516e-01 1.009699680878098915e+00 1.910405365751836615e-01 7.957992199313888015e-01 9.242005215610885616e-01 6.834739503583368014e-01 6.308274075253597069e-01 8.843188468646275835e-01 4.438194142667952202e-01 1.079456776088528330e-01
5.078774210484008345e-01 6.849239204925270386e-01 6.890620807012444449e-02 3.438649913144735115e-01 4.617819744884346655e-01 6.599809052671553600e-01 6.517068544159442256e-01 5.334741311246371520e-01 7.325090432169959476e-01 5.628165889362874985e-01 5.099778158893688573e-01 1.047819044550639900e+00 7.531063261875281523e-01 8.775991968868649407e-01 5.312232369887711636e-01 5.883002206033254300e-01 1.990891830937074336e-01 1.797806249681115909e-01 8.104066917833214756e-01 6.815141434883313920e-01 2.109389716680264981e-01 1.740293132756385863e-01 5.040516257779277531e-02 6.756154983699743655e-01 8.921314232147754819e-02 5.787797328361724558e-01 9.507364931649169293e-01 4.351235793690883535e-01 2.965180326463737193e-01 5.214579010373684431e-01 1.025084441655314649e+00 4.812859382938459718e-01 5.243425635706516763e-01 2.696049434499295239e-01 6.074445898185079074e-01 8.297885590262003008e-01 5.630223023552624051e-01
6.056662221089712528e-01 3.232760355185924639e-01 4.263845240478115195e-01 5.890260919148210261e-01 4.327402834244490903e-01 2.653596750342658850e-01 8.095678236686317808e-01 1.005653574301877545e-01 7.646508777006129076e-01 9.405403927264778252e-01 9.568849163122600254e-01 9.343014972621558334e-01 7.152149368650929651e-01 1.000117085761965230e+00 9.883187586283516124e-01 5.174142787849596303e-02 7.943589090404024056e-01 2.973057020113695770e-01 2.998808487114844046e-01 6.846029938938178461e-01 6.036603026322661103e-01 7.638053611508002216e-01 5.470192539790837971e-01 4.049016512828382264e-01 4.922362794688615595e-01 2.753256439404674905e-01 7.817709626440834392e-02 1.745829406548805030e-01 1.031782553571281680e+00 4.000836218846404724e-01 5.521383706362048560e-01 9.912691256698423770e-01 1.777750980679987935e-01 8.323660888475602482e-01 1.918437721669446483e-01 7.412955801173728432e-01 5.700317662846797750e-01
4.014091371573716427e-01 1.554986281778544810e-01 4.083790448187888944e-01 9.052670420062592926e-01 3.709258581784164455e-01 6.032070834850052909e-01 1.585192838126317505e-01 6.107202072342835519e-01 6.539372677350263618e-01 4.115250478173316240e-01 9.302446309782396172e-01 7.034973692223905894e-01 9.207106823866165746e-01 4.227301793741546354e-01 3.410516713228839980e-01 3.581501015006111621e-01 2.673595501451337397e-01 7.959038906114227485e-01 7.189407013355411102e-01 6.481417686900264874e-01 4.011248982133755470e-01 1.794635276819524505e-01 7.150385771813857483e-01 9.588393762122955355e-01 8.030593824232326039e-01 6.158422103609844100e-01 1.006971172725339425e+00 7.626208001745548026e-01 9.120540385958609830e-01 6.114799455566952702e-01 3.836688990582000636e-01 1.225095135375992711e-01 3.085363580082005064e-01 1.033581911098045314e+00 4.655197658869195121e-01 3.617876546102573587e-01 3.692230438649999891e-01
4.192310050883147343e-01 9.470008203055182427e-01 1.040372804942522489e+00 4.590951049906759063e-01 8.899949527421471274e-01 9.797871588050875991e-01 4.629454430476583338e-01 3.134032765708992252e-01 3.618406205703525447e-01 2.108364744093485510e-01 8.611434137213710427e-01 3.621098690763714933e-01 8.805963440233343098e-01 3.707444006658949243e-01 5.685289907849812030e-01 5.067805346169699243e-01 6.028176230570243543e-01 5.235785800579516591e-01 1.041082695246168477e+00 4.244114348441827000e-01 3.731758294386418595e-01 1.149484018600310381e-01 1.494322311449028384e-01 7.621415621885770098e-02 3.680785379937238644e-01 9.086724550726279492e-01 9.460166986351802310e-01 5.954051321475702929e-01 3.571725289588947860e-01 9.538021174469475394e-01 3.144984714594918906e-01 2.496217892744008737e-01 5.918612636560172113e-01 1.789521237041943880e-01 4.048094828217145280e-01 8.540194219946846410e-02 5.255778919482886336e-01
5.113684952448898091e-01 1.575827597393236190e-01 7.135638988830158569e-01 7.736664289850433418e-01 3.446496821362907137e-01 7.850142512896277625e-01 7.656251325427955168e-01 5.488428965016330097e-02 3.500050305026944364e-01 8.271205807130831422e-01 8.434434206583744098e-01 5.296840483094363006e-02 5.261193381011900483e-01 3.346572578899496553e-01 9.766268119969915285e-01 1.170265699561725131e-01 2.404993683057646270e-01 5.937090895639262067e-01 6.746826114634436600e-01 9.368257224978211450e-01 5.425603579889815009e-01 8.728534795213899189e-01 5.031966919049508657e-01 1.210390360470973842e-01 9.395230972446730888e-01 2.616581828500192386e-01 7.981080080995606174e-01 2.874790645929355404e-01 1.724296827858781689e-01 8.811377122829417985e-01 1.047450788832306606e-01 8.984164031319198385e-01 3.729049357880081517e-01 1.022407029485547181e+00 2.547276375690377681e-01 7.879349142892138058e-01 5.093438797174530963e-01
2.424445507096307240e-01 8.222076608058766223e-02 9.481538508000300070e-01 5.734053978675953678e-01 5.113968035395817235e-01 8.919494625118492559e-01 3.142614759215372477e-01 4.471087430794910555e-01 2.308373815984867128e-01 4.985673522358960441e-01 5.163967329077393531e-01 5.352183967439073653e-01 1.338235504127895381e-01 9.220718844203288356e-01 9.845971983891670387e-01 8.068773928120260841e-01 7.490016161123976002e-02 6.406117867823237777e-01 5.263686628658000022e-02 8.816617386155473080e-01 8.202716985164978380e-01 1.138988476178281611e-01 3.281371309252396062e-01 4.274371083628749068e-01 4.745209663045233950e-01 5.459557817924025613e-01 1.243306289364257272e-01 7.166179004477374326e-01 5.879382119682791119e-01 8.551323352741191375e-01 5.338877559346428825e-01 4.843088986926175621e-01 1.009536001217552270e+00 7.091108945620707704e-01 8.614762439392887883e-01 7.528364351534730936e-01 1.032068178664900859e+00
4.752946917010286154e-01 8.542723630465417495e-01 6.560026080278077432e-01 1.987642907831982941e-01 3.303610173689539020e-01 2.753165341608956873e-01 7.296851639215912178e-01 9.912495201656306154e-01 1.048627560813102155e+00 8.871394483164615208e-01 6.768686021887458937e-01 4.628335009371410957e-01 1.002833853493267507e-01 3.791828280773141269e-01 1.526005983147120104e-01 6.803746296131850668e-01 1.034248712087440403e+00 1.845235404542869273e-01 4.894006283863361895e-01 1.202701230535506288e-01 1.030954168425777029e+00 5.381632835456582331e-01 1.521110490180833108e-01 2.449866195250674505e-01 1.011641988756105448e+00 8.390408827752926513e-01 1.006141834735202911e+00 1.111835762446283377e-01 3.323330151651808229e-01 7.839595035102338294e-02 4.153749965510124542e-01 2.291270874709802619e-01 6.961131318180620309e-02 1.162514493643949792e-01 3.770587503532820128e-01 2.609646910126797725e-01 1.662304114807295341e-01
7.802239251748311899e-01 6.106214919994191748e-01 3.646835244167066503e-01 1.048100786819607277e+00 6.702972657231844877e-01 4.024030618986505492e-01 5.573424454613536971e-01 3.224453320510746734e-01 5.227641239261138217e-01 6.582134229690195237e-01 5.221383475668310847e-01 1.045822179292970056e+00 8.241732304706559376e-01 4.239221355091496446e-01 7.891410660565014723e-01 8.005792109168196058e-01 9.287156941818213163e-01 1.000035065118401123e+00 4.385033370524119012e-01 1.288178518597967170e-01 4.411933619387459760e-01 8.644276975947558228e-02 1.310815967792287595e-01 8.592557916521738060e-01 2.090604883318779028e-01 2.426393508449581904e-01 5.981414745987251314e-01 9.138435139337183211e-01 1.368997834080836751e-01 9.569350640325708923e-01 3.461073076989992781e-01 5.450068924655506741e-01 3.906390701840178337e-01 4.590010437516606756e-01 9.032293721942308284e-01 5.531559092962116120e-01 8.853266483511458285e-01
6.469750138381449300e-01 3.779690473145119189e-01 1.977284432565074579e-01 8.622070266607834155e-01 9.855132649870357309e-01 3.773560296101993727e-01 3.256730678378951249e-01 1.197390024430127903e-01 6.616134505368004293e-01 2.179902566967642508e-01 1.015103767315815864e+00 8.054458982981750337e-01 5.191574671548060405e-01 7.680369503717762170e-01 8.315744796580197828e-01 9.979425336960674742e-02 7.758749024350315437e-01 3.939304076325253479e-01 3.490832345483670385e-01 8.246789060014765582e-02 4.771231571692632900e-01 4.348636139536500855e-01 6.924257201464763256e-02 2.742098597402961579e-01 9.030222680453839912e-01 7.416454389998339281e-01 1.005797959917622136e-01 3.424450104086775304e-01 7.844331861901687741e-01 1.367079152840243172e-01 4.312848782402555758e-01 5.174067566225397652e-01 1.388620599621333551e-01 9.033878230315822710e-01 2.004384031663941079e-01 1.563893699589258834e-01 1.045182314103499266e+00
3.627080628241104443e-01 1.032847601577590257e+00 5.087768481184499203e-01 6.731598509807221742e-01 6.850579222840572635e-01 6.706209942953670344e-01 5.388850130566882335e-01 7.734786988186407308e-01 5.709998740784647531e-01 3.207616058631425626e-01 3.534034671683874973e-01 8.480189132093428617e-01 6.304307411971623587e-01 7.000228685631658676e-01 7.864298689281452592e-01 9.417662221661630140e-01 6.204084173118772361e-01 5.089801786493984848e-01 1.503444293009318922e-01 9.025652412536243618e-01 6.896787857937871635e-01 4.945903498266032705e-01 2.989764515197557704e-01 1.279193098378446636e-01 9.630413159340663887e-01 1.034590606339653052e+00 5.473188894844745189e-02 3.851218589385084212e-01 3.400292317457255797e-01 1.240141472990377719e-01 7.280863601539186991e-01 4.358687553815106530e-01 2.215006792364992427e-01 1.749026272595176068e-01 9.918723614660913956e-02 5.657579366904412765e-01 6.182643531515886748e-01
5.869342571359721650e-02 1.010778842048891235e+00 2.635340971706991442e-01 4.653821071267591480e-01 2.356428316906422071e-01 4.461646382244026099e-01 9.505629802792129324e-01 9.095025738883040223e-01 8.071144859472371147e-01 2.162931045050301981e-01 1.042571536239543573e+00 9.469294095580079729e-01 8.891684148158300882e-01 2.997581630926265395e-01 6.835014578982652467e-02 1.349227860184735728e-01 9.118414402354078074e-01 1.040304137160386277e+00 9.570114401779213076e-02 7.650916275738599559e-01 6.581659655173102141e-01 3.135927694390731602e-01 3.060370482886992094e-01 3.312250995506831885e-01 1.381703656556552695e-01 3.299005070358217995e-01 3.768892883691773998e-01 5.010300219227169505e-01 7.627736241684265339e-01 3.682901482915945102e-01 1.694336097474064551e-01 7.121251245849589129e-01 5.496741288937990744e-01 4.499982391463459019e-01 6.736572964842831857e-01 8.924712001252320670e-01 8.570959073421073882e-01
6.093914842397304410e-01 1.017926061227375722e+00 5.349262288684695221e-01 9.677825385016849413e-01 7.190486674259359834e-01 4.416474073841996639e-01 4.278588634615312913e-01 6.415058648151600318e-01 7.305166089124355555e-02 5.213810105728575728e-01 6.256990331767054991e-01 4.278575647230872803e-01 2.079353404475852707e-01 4.898621753903847353e-01 6.697575723942013060e-01 3.434572690006291729e-01 7.886141758163728310e-01 1.040876779319279466e+00 6.198721235778655025e-02 3.860851843866811017e-01 5.515256501241058151e-01 4.259915710585697179e-01 6.699996317164481630e-01 8.911552296790993255e-01 1.046860322789115560e+00 5.922445593845890865e-01 5.284172864584699703e-01 8.325047268550217483e-01 1.007224757811300497e+00 9.519335432636627514e-01 2.111237997885779261e-01 2.576128024373846581e-01 8.585928157262292526e-01 2.446417879527872929e-01 2.829416627566233022e-01 3.781423361339606992e-01 8.483710708192233607e-01
