output_new_topo_ddd_2/topo_0_yrs_topographic__steepest_slope.asc
ncols 300
nrows 100
xllcorner 0.0
yllcorner 0.0
cellsize 10.0
[rows 0 to 16 of 100, columns 222 to 258 of 300]
0.000000000000000000e+00 0.000000000000000000e+00 0.000000000000000000e+00 0.000000000000000000e+00 0.000000000000000000e+00 0.000000000000000000e+00 0.000000000000000000e+00 0.000000000000000000e+00 0.000000000000000000e+00 0.000000000000000000e+00 0.000000000000000000e+00 0.000000000000000000e+00 0.000000000000000000e+00 0.000000000000000000e+00 0.000000000000000000e+00 0.000000000000000000e+00 0.000000000000000000e+00 0.000000000000000000e+00 0.000000000000000000e+00 0.000000000000000000e+00 0.000000000000000000e+00 0.000000000000000000e+00 0.000000000000000000e+00 0.000000000000000000e+00 0.000000000000000000e+00 0.000000000000000000e+00 0.000000000000000000e+00 0.000000000000000000e+00 0.000000000000000000e+00 0.000000000000000000e+00 0.000000000000000000e+00 0.000000000000000000e+00 0.000000000000000000e+00 0.000000000000000000e+00 0.000000000000000000e+00 0.000000000000000000e+00 0.000000000000000000e+00
5.118279214723191195e-02 0.000000000000000000e+00 4.323896167326068615e-03 5.482719861321871946e-02 0.000000000000000000e+00 6.103656490574760340e-03 6.818020346687632405e-02 5.335974401656384813e-02 0.000000000000000000e+00 7.188461115857736061e-02 4.909309159352002322e-02 3.514358636204040383e-03 0.000000000000000000e+00 7.217923579204335582e-02 0.000000000000000000e+00 6.737064011550800147e-02 0.000000000000000000e+00 5.030487014449693678e-02 1.255966090331440965e-02 3.083204155810343253e-02 3.166309505074558356e-02 4.775872469585085156e-02 0.000000000000000000e+00 5.750565924977557239e-03 2.532786961844939524e-02 0.000000000000000000e+00 1.115307028129146685e-02 6.820619443579367669e-03 0.000000000000000000e+00 8.234289991587209756e-02 6.174863491885131811e-02 4.060265980125184193e-02 2.359332281150834307e-02 4.815775333615663310e-03 5.921721122961533940e-02 0.000000000000000000e+00 6.905433979567350555e-02
4.839153759005174887e-02 0.000000000000000000e+00 3.881623752250966397e-02 3.255199502695418912e-02 4.460938860097494324e-02 5.822429055283047383e-02 0.000000000000000000e+00 7.277335586667944486e-03 8.367379779011399621e-02 5.805445162970744588e-02 2.623226419832889317e-02 0.000000000000000000e+00 2.816512021104155931e-03 3.149320591635955402e-02 0.000000000000000000e+00 4.662076993232107391e-02 7.900009397670260808e-03 1.705777606319446374e-02 5.245737539821151291e-02 3.469664161067633618e-02 2.391599443148244644e-02 2.003411970899699954e-02 0.000000000000000000e+00 1.324695048224988538e-03 4.740824559385128228e-02 3.180018667222661403e-03 7.619167539226801011e-02 3.037865215005375319e-02 2.841919529025620575e-02 0.000000000000000000e+00 1.584445518359665211e-02 1.827019377023342273e-02 2.592252394133815960e-02 6.271034924460643090e-02 5.112659819245351372e-02 7.420436129046423246e-02 1.696519748081186038e-02
1.254309074851261280e-02 9.290455679666242972e-02 2.099409898732683410e-02 4.201428831197269453e-02 8.577785591350028504e-04 1.563034745306402656e-02 6.914996685134769394e-02 7.939568222872983583e-02 5.655852233357359926e-02 4.651167174030037404e-02 5.660751836737496628e-02 5.230144577156572300e-02 7.300976328300423646e-02 5.960258934806450526e-02 1.956938585987977319e-02 0.000000000000000000e+00 1.570146335999265258e-02 6.596324410515377878e-02 0.000000000000000000e+00 8.522276669462573728e-02 0.000000000000000000e+00 8.450767833874905932e-02 3.893644378213760582e-02 0.000000000000000000e+00 4.393392056173972549e-02 5.363525498828973503e-02 1.701322535564181795e-02 0.000000000000000000e+00 5.428714138182983567e-02 4.815917669667770656e-02 1.549037344202315765e-02 3.142198443249988316e-02 6.381099909849111129e-02 0.000000000000000000e+00 8.046152944101878091e-02 0.000000000000000000e+00 4.684605712120948340e-02
1.631467184228414455e-02 2.261060593118964165e-02 1.944970524159144246e-02 0.000000000000000000e+00 5.610317342255512901e-02 5.841701874938749761e-02 9.071265058662217676e-03 0.000000000000000000e+00 8.350253013034132643e-02 0.000000000000000000e+00 3.077599620582276499e-02 3.658898364883000822e-03 1.403305256440407975e-02 1.704995672868116208e-02 2.948064077817775727e-02 8.915475217850055145e-02 9.656384518133175748e-03 6.879026480564540136e-02 5.803552519916754804e-02 9.660117202928750202e-02 1.389057118738450634e-02 7.190194587220091749e-02 5.910771532074830109e-02 6.855450887848055230e-02 4.570418479742702905e-02 2.773957734509918324e-02 6.370305356711628009e-02 0.000000000000000000e+00 5.900260579602436412e-02 3.499467301869501473e-02 6.140609271407111713e-02 0.000000000000000000e+00 1.682182800744564874e-02 9.954542788049724686e-03 5.003812906436930913e-02 4.227148322070130998e-02 5.280609869285228519e-02
0.000000000000000000e+00 3.857167613948240398e-02 0.000000000000000000e+00 5.095502018243145553e-02 3.545499705626001252e-02 6.076062207517338859e-02 0.000000000000000000e+00 0.000000000000000000e+00 6.992745698931539244e-02 5.809686019012812175e-02 1.256936774384236413e-02 2.231875672048738192e-03 5.921731582240399167e-02 0.000000000000000000e+00 0.000000000000000000e+00 6.013666973508344921e-02 3.409330700258372902e-03 4.662120270315917026e-02 7.991992722843299646e-02 0.000000000000000000e+00 3.035982548774089976e-02 9.339745140384946714e-03 5.269620170466584458e-02 4.237728720593127163e-02 0.000000000000000000e+00 1.415537440731959827e-02 3.194674639393883103e-02 8.794305715141730040e-02 2.124151625917940558e-02 5.165976429165208827e-02 4.924985879894254459e-02 1.234281900322793321e-02 2.204709957712232618e-02 0.000000000000000000e+00 0.000000000000000000e+00 7.088690725742700927e-02 0.000000000000000000e+00
5.448122405899100823e-02 1.386496021241168108e-02 2.735193435786396204e-02 1.061245758657212122e-02 6.845610455092003555e-02 9.096830441320787053e-02 2.241757741458618586e-02 5.809398274956745212e-02 4.008902559881031419e-02 2.172349120459174821e-03 6.016554108066784817e-04 2.033476306464176986e-02 1.610995395121721588e-02 2.260863352747382107e-02 0.000000000000000000e+00 6.371402129670747372e-02 0.000000000000000000e+00 6.002443674520367700e-02 5.627643658693717160e-02 7.158162324110224801e-03 6.904433122054873251e-02 9.253441753948328519e-02 8.903976009174216152e-03 6.298929035825348577e-02 3.060546885817263391e-02 4.583355059347673371e-02 3.981033596291592286e-02 3.573276933682061063e-02 0.000000000000000000e+00 0.000000000000000000e+00 8.425320285229939699e-02 0.000000000000000000e+00 0.000000000000000000e+00 0.000000000000000000e+00 5.002599169759029685e-02 7.812160755157701586e-02 4.000591143453924477e-03
2.728667680680286339e-02 6.221087509609750377e-02 0.000000000000000000e+00 1.052832870444433445e-02 0.000000000000000000e+00 0.000000000000000000e+00 1.261337113325948847e-02 4.561181875294302579e-02 1.478996342007260142e-02 0.000000000000000000e+00 2.283749507444703467e-02 4.223899209594943194e-02 5.219249595573540595e-02 3.030086579790580714e-02 3.078240243399856663e-02 3.286942596202626493e-02 1.049850267527618897e-02 6.101591262124957116e-03 0.000000000000000000e+00 0.000000000000000000e+00 7.306116170236345853e-02 0.000000000000000000e+00 2.899260213241659084e-02 1.842207185769844172e-02 0.000000000000000000e+00 6.223070848161125351e-02 1.268997921025105668e-02 0.000000000000000000e+00 6.355393948438687809e-03 4.253214415890269745e-02 4.448923199957448282e-02 2.844881388805147251e-02 7.652281352836567963e-02 4.428753445171684788e-02 6.110473773166776035e-02 4.102898588771193046e-03 7.777990116068336790e-02
6.722978630184010818e-02 1.453041295585813346e-02 2.565787624062299162e-03 1.177071572054089188e-02 7.517031288429362745e-02 7.549121713023998481e-02 0.000000000000000000e+00 2.035792182950757652e-03 7.721244885529987556e-02 2.960146548394835403e-02 4.774685770318916334e-02 0.000000000000000000e+00 8.657334057071093547e-02 1.398700718889372627e-02 5.020975918805534871e-02 0.000000000000000000e+00 5.831623617209018284e-02 7.758069343155246655e-02 0.000000000000000000e+00 7.660767605003737830e-03 3.640602567549411275e-03 6.776689118281850610e-02 4.281440646404090916e-02 0.000000000000000000e+00 5.896156695424333016e-02 2.635842396075907534e-02 4.728861321278791940e-02 6.268929069612153016e-02 3.879886983413527446e-02 3.335637696530362184e-02 0.000000000000000000e+00 4.370014011467331094e-02 7.862522695324533628e-02 3.343765852311329778e-02 4.211139534249656868e-02 7.781082256935079478e-04 7.096099805819396089e-02
4.965235156760652163e-02 0.000000000000000000e+00 8.128072912603201416e-03 7.536738682494549882e-03 4.521638728278043473e-02 0.000000000000000000e+00 8.458237184412924214e-02 3.840754680437506036e-02 0.000000000000000000e+00 1.372802887659299066e-02 2.425460530353893557e-02 0.000000000000000000e+00 6.736525841449311769e-02 2.681010277613197351e-02 4.305962229315376394e-02 3.337783611465870021e-02 1.050069110550620397e-02 5.410568006417841580e-02 8.160772309447894557e-02 7.058202240746877520e-02 2.754074350969215601e-02 9.976310161935631957e-03 1.394618545246035027e-02 6.677493471170184436e-02 5.207504776153337039e-02 2.433008658453461592e-02 6.372301280413497637e-02 4.016269875584810994e-02 2.938504762440024079e-02 1.587663978425334771e-02 1.556962581784970823e-02 3.774991590709318029e-02 0.000000000000000000e+00 2.582509958944698841e-02 2.182662205426618915e-02 6.831021452384718196e-02 4.472107121799285406e-02
5.355842242873078834e-02 2.261503207805786245e-02 8.256847267873465568e-02 6.534959637000951893e-02 5.577332065027649360e-02 7.288727098425722140e-02 2.663261405604151408e-02 6.109255145778887119e-02 2.827079639683542991e-02 6.386810214002994202e-02 9.217815560020397106e-03 6.883594924448192820e-02 1.535762760822490317e-02 2.222929620334319553e-02 1.036946345794420229e-02 1.836214026575253011e-02 5.918389000731183458e-02 2.121506086917520142e-02 5.037170093214467237e-02 0.000000000000000000e+00 3.253070961802526778e-02 0.000000000000000000e+00 2.658092594077103923e-02 4.739829530965677766e-03 6.122544708307122580e-02 2.770987658898781472e-02 0.000000000000000000e+00 4.379051831306490783e-02 0.000000000000000000e+00 5.251911089208061156e-02 0.000000000000000000e+00 8.891548259149759104e-02 2.268198082004202476e-02 3.013359652987990245e-02 0.000000000000000000e+00 8.242003237956475187e-03 2.692531079992495011e-02
0.000000000000000000e+00 1.497969447264271316e-02 4.748852371685101381e-02 4.912406367231821058e-02 5.888415366039545171e-03 3.665153125992030858e-02 1.286876546998326140e-02 5.208271897697773489e-02 6.200689647921011488e-02 2.970940183908092960e-02 2.840350387653902547e-02 4.305256610396464290e-02 5.243040988298623695e-02 1.414900646058404876e-02 6.173170257420083906e-02 0.000000000000000000e+00 2.741478340492014068e-02 2.306390793306077949e-02 2.887470904923894466e-02 3.652937185102222983e-02 3.672868213120494829e-02 0.000000000000000000e+00 0.000000000000000000e+00 6.298272917843679430e-02 2.293051769859024130e-03 4.288611490158818207e-02 5.595646731295918219e-02 5.339120231670442529e-02 4.322986753527820192e-02 1.141026189455992840e-03 9.569837396497619941e-02 6.858184226207039713e-02 3.311714000585794931e-02 1.774352788518385182e-02 0.000000000000000000e+00 4.355899670844339162e-03 3.699543560936487119e-02
3.104159234446068893e-02 5.847525247700717521e-02 0.000000000000000000e+00 1.423905594781675957e-02 6.848986244689889147e-02 0.000000000000000000e+00 8.221334899050658507e-02 1.312876125087629117e-02 0.000000000000000000e+00 4.147665591582398725e-02 3.353824832680522838e-02 4.176572291867177572e-02 5.503384442440149155e-02 4.644404483335114187e-02 2.543983980832402805e-02 3.055239379005438710e-02 3.656654430843284814e-02 5.911197798323133273e-02 0.000000000000000000e+00 1.216021317551323547e-02 2.568409458216409577e-02 5.470162269851456920e-03 0.000000000000000000e+00 0.000000000000000000e+00 7.187935130066591682e-02 4.729510083955838079e-02 6.929406277256848490e-02 0.000000000000000000e+00 1.058845147157061461e-02 4.816508407252974994e-02 6.276271830709276300e-02 1.818662249005154052e-02 3.694148333832351916e-02 5.111809012986494316e-02 7.600549551076980770e-02 5.138731650956938207e-02 2.813661076048035344e-03
0.000000000000000000e+00 0.000000000000000000e+00 4.265126438393336550e-02 4.369825572084877485e-02 0.000000000000000000e+00 7.957079473065427344e-02 1.178401344744264313e-02 2.669988659686701668e-02 8.958642714911775606e-02 2.736298000696422983e-02 0.000000000000000000e+00 3.849779612597004075e-02 0.000000000000000000e+00 3.270690321680245344e-02 0.000000000000000000e+00 0.000000000000000000e+00 6.051623415463236455e-02 0.000000000000000000e+00 7.188879224890904959e-03 0.000000000000000000e+00 1.013292601589431408e-02 0.000000000000000000e+00 4.299758168108534090e-02 7.720835078969674747e-02 5.077493184406802612e-02 6.509214860850098816e-02 1.037207971156115308e-02 4.815023878863566864e-02 2.342065471755452183e-02 0.000000000000000000e+00 0.000000000000000000e+00 2.643370964361748537e-02 9.423355907212282306e-03 2.027550508637165905e-02 1.332507443963288837e-02 2.411820101322702942e-02 1.958916542251802964e-02
3.163289412636984682e-02 4.991841786364679262e-02 6.281684473691422077e-02 4.023849401273497418e-03 4.148859964819386764e-02 0.000000000000000000e+00 2.651230269112421142e-02 6.024464452419664440e-03 2.516708246554122397e-02 1.043633948124966793e-02 0.000000000000000000e+00 5.742187616246088172e-02 2.722475365029601840e-03 2.255911621501223083e-02 8.345115104471209633e-02 4.107507405707924025e-02 1.145951988077745579e-02 1.554005525393034083e-02 6.721917434338804676e-02 0.000000000000000000e+00 8.471419809958211089e-02 0.000000000000000000e+00 8.656337381409065501e-02 1.344879288178728218e-05 6.322468583614479498e-02 0.000000000000000000e+00 7.524106736786259630e-02 4.366935925117916562e-02 0.000000000000000000e+00 5.033957838759297448e-02 1.022810895874376284e-02 2.607607062554642002e-02 0.000000000000000000e+00 3.640183213227387964e-03 1.355110999860755817e-02 4.180588339437711631e-02 0.000000000000000000e+00
1.035444611388509559e-02 0.000000000000000000e+00 1.110089440403694283e-02 0.000000000000000000e+00 5.868830426186751048e-02 8.603699953547758184e-02 7.909263661623473773e-02 4.956364684790530439e-02 5.886948484999363768e-02 0.000000000000000000e+00 6.805771143580000015e-02 5.559291278275120540e-02 4.986081184826547663e-02 1.393357592396284560e-02 4.346889023492055137e-02 1.744546139336167895e-02 4.729858859022355311e-02 1.063410818000461514e-02 0.000000000000000000e+00 3.868041551338396826e-03 6.790180872717339888e-02 7.201266542038968488e-02 1.083296173718029110e-02 3.594903323139302109e-02 0.000000000000000000e+00 6.004838264212759846e-02 1.581189819648197784e-02 2.095561161680175102e-02 7.699221184158977493e-02 1.959735317481284267e-02 2.959668905557943930e-02 3.770468604176571009e-02 4.488879027827863410e-02 1.198909186362078286e-02 0.000000000000000000e+00 5.983604030782352368e-03 8.443726344514069105e-04
8.282097161574002164e-02 0.000000000000000000e+00 0.000000000000000000e+00 5.925534149267939338e-02 8.586439945393387063e-02 2.518621899893948995e-02 0.000000000000000000e+00 2.531717904434325345e-02 5.758215562116717617e-02 9.092905034170577216e-02 4.839084670248601505e-02 3.964540829525180221e-02 7.046794280725957038e-02 4.539535058565421360e-02 5.180709117110815498e-02 5.153652178569254755e-02 0.000000000000000000e+00 1.360129008337711623e-02 5.964736339784639657e-02 0.000000000000000000e+00 4.607844178165079047e-02 0.000000000000000000e+00 5.650880430654865727e-02 5.347930959713433768e-02 9.157764354948217181e-03 4.332891714332163385e-02 4.083396736199915861e-02 6.022163375006197444e-02 0.000000000000000000e+00 4.218305503088153052e-02 1.018861546604883303e-02 8.021172540595504150e-03 7.390285413251804214e-02 4.840771883397669562e-02 4.741162723521012701e-02 4.418693231414447947e-02 5.057683706002702451e-02
