output_new_topo_ddd_2/topo_0_yrs_bedrock__elevation.asc
ncols 300
nrows 100
xllcorner 0.0
yllcorner 0.0
cellsize 10.0
[rows 68 to 84 of 100, columns 0 to 36 of 300]
5.128708705358255848e-01 3.702847231875590617e-01 8.316747009858782569e-01 3.612377436683861798e-01 1.464310379281516528e-01 4.543240434163247632e-01 5.563013630004225440e-01 9.569426890164808297e-01 6.777822695850412860e-01 1.258204479068661397e-01 5.041203014435796659e-01 7.728393914067510639e-01 9.427957006397830186e-01 1.977736517816052753e-01 9.374894847147383636e-01 9.484543980964963428e-01 4.678138493607170711e-01 8.521670015189541925e-01 4.572183802945561371e-01 7.571705208484786898e-01 5.643833910740757576e-01 9.001565465123879672e-01 6.291654637316477228e-01 6.029900069443051569e-01 6.066353233932205713e-01 7.795421749129830546e-01 4.792662386169295741e-01 4.215510461636191031e-01 1.584788076035405502e-01 7.890247796867945196e-01 5.874366693940795692e-01 9.090154012405672335e-01 1.202347820808768591e-01 8.112035430152214621e-01 4.435890844852906079e-01 6.605578008017890523e-01 7.503550390845310503e-01
9.681471340935822179e-01 2.206849968932790840e-01 4.941091619837505999e-01 4.210510100188556426e-01 9.446325622739855377e-02 3.884582902373949209e-01 6.625502461318253378e-01 8.756159788340007744e-01 5.820302725013300205e-02 7.673012053937301458e-01 7.117623355747999536e-01 9.957021974389209662e-01 8.848977838072770163e-01 6.219619285836341938e-01 1.397129789988503235e-01 1.163980527736698384e-01 1.015357687630899841e+00 7.241263455592761300e-01 1.720532212849067988e-01 7.315196884046539783e-01 2.177099538207470375e-01 3.086298282734756815e-01 8.088731760657247305e-01 8.802214487097953510e-01 4.250173766815124599e-01 7.585213919318070097e-01 9.111035680538416281e-01 9.229954197348951006e-02 2.769785283415451826e-01 5.551157584410693069e-01 4.200759662032049202e-01 6.010514090302117030e-01 5.685527475545392173e-01 3.199334957747334562e-01 6.120672879507687014e-01 5.424807143814736055e-01 5.528005809833410611e-01
9.201679224510694866e-02 3.017876615356311354e-01 4.376245774162650926e-01 8.576908092339767808e-01 5.651137724125165906e-01 6.694025435367008392e-02 4.873768303830003368e-01 5.104552964349580446e-02 1.984372718214833520e-01 8.645674416570517939e-01 6.625434571339590129e-01 7.903422574837012382e-01 2.242820500991037913e-01 1.023875208014624505e+00 7.461206519955013716e-01 5.843854159890689015e-01 4.761121410053452130e-01 7.065523381231141320e-01 1.819098533608295987e-01 1.019432438183806716e-01 6.085547431552789099e-01 9.584790645167537981e-01 2.246939323408923550e-01 9.600691645890176984e-01 1.983130973662558527e-01 3.753032382944873624e-01 1.030544534125456435e+00 1.014749820543416003e+00 8.001840386340682842e-01 3.513618070650231240e-01 9.155226388616756195e-01 7.878029150031365946e-01 2.165232886168966808e-01 3.565945796904487763e-01 4.133113249362951325e-01 8.648758024291568480e-01 7.626632896599102596e-01
9.888620230072358019e-01 1.023383606991225214e+00 1.044642004467871921e+00 2.106478804107144165e-01 5.510515745447792935e-02 1.042947434676173124e+00 5.845058231042687957e-01 3.825196569991194395e-01 1.955306804170176549e-01 8.057022269936249259e-01 1.036814144112014890e+00 1.039630796957581760e+00 3.912106179833880204e-01 8.110229047545381986e-01 4.741993109560181385e-01 2.003386407196046659e-01 7.184843695016835952e-01 6.247852694578848176e-01 6.616153625638276914e-01 4.672708399666551382e-01 8.963011109097930307e-01 3.021239869596769601e-01 8.691646489512373508e-01 6.894856646667811839e-01 3.712405248977176941e-01 3.034628661265664218e-01 1.256274212905876264e-01 3.464230887209131526e-01 2.447209719047891974e-01 8.620745114515688812e-01 7.228056950850025864e-01 9.505583970611096722e-01 2.868636068276881335e-01 2.593970476590876095e-01 1.040177175029419754e+00 8.815231569043194826e-01 1.142547938914925815e-01
9.210609827851935494e-01 7.074272247190488416e-01 7.046695177697376300e-01 7.926974863734866927e-01 2.223922159019508515e-01 1.625884647379159387e-01 2.725050483458609230e-01 6.522124554974860766e-01 7.630491136237659289e-01 3.022312581035002110e-01 8.065897439903262356e-01 5.610878701867798579e-01 2.296284793914716293e-01 3.957891557301148056e-01 8.109766097772981297e-01 5.022158111788105339e-01 9.455444560907398932e-01 6.956234556832874283e-01 5.290267642691481864e-01 2.650633349732031685e-01 1.027097011226530965e+00 9.862785794390085403e-01 7.601508549530137104e-01 7.538941300641250898e-01 3.355010279480372115e-01 8.914496320825188169e-01 1.887722250013885161e-01 4.834114701031416161e-01 4.037052201356780556e-01 6.477386840242771449e-01 6.501572849114343189e-01 8.954714197429296529e-01 9.502411154796012172e-01 6.173575870926084619e-01 5.183656619749382743e-01 1.584001928840356732e-01 2.252238049761725036e-01
1.961704154390183641e-01 5.977053747237330850e-01 2.525360130010395054e-01 2.332807910673452834e-01 5.246207007048788729e-01 1.463455657571654522e-01 3.827722216898091223e-01 3.304622316518985303e-01 7.037795605988209635e-01 1.003823961692404065e+00 8.701627538810616791e-01 3.108690611719712726e-01 4.318445254961979507e-01 2.377040931012494585e-01 7.094810066391842307e-01 9.449546255243101989e-01 2.252755667056333677e-01 6.774367535996581591e-01 8.473405554987367694e-01 3.534669919411290162e-01 4.840789170731177316e-01 3.883382050429187715e-01 9.681164257148570096e-01 5.475538124604513168e-01 1.023178247749942038e+00 5.194571780445345066e-01 8.571497971032105978e-01 7.394102652031685485e-01 1.842678020281207085e-01 1.997178629126213356e-01 8.770071014924167851e-01 5.080933997913040789e-01 5.031407749689020825e-01 8.838860937475665480e-01 7.032371223704332319e-01 1.631125826729111217e-01 8.703992460044011059e-01
5.761017691059440171e-01 8.155337002521521050e-01 2.579404674613712811e-01 9.366858194715628194e-01 3.881681233940110221e-01 1.954431063930837653e-01 9.235141717810269046e-01 8.642153220197281716e-01 4.780573355596330898e-01 9.812605492008415198e-02 3.480640124484238318e-01 6.904973674117075300e-01 7.811169555127897013e-01 5.087170058544102647e-01 3.105741783609207718e-01 7.364039152599903826e-01 1.973474514951097381e-01 6.306368946863009084e-01 3.224150806915654921e-01 8.107826034965067707e-01 9.189911536759153288e-01 9.277037267722428870e-01 4.934199372005540485e-01 5.717515603930459767e-01 9.368031122455905413e-01 5.937137043494846722e-01 6.522540196043795646e-01 4.821281463710735404e-01 9.159816775329232552e-01 6.837084620196606233e-01 9.073911228617156377e-01 4.623688773501519189e-01 9.686038268580545729e-01 2.997416401506666772e-01 6.299106468273414361e-01 9.519869389616812949e-01 1.009743016322637077e+00
2.185676900312675253e-01 1.041695481751920394e+00 4.356296186833594208e-01 5.172167110540104584e-01 8.364562301317342297e-02 9.249527610931942423e-01 5.157222393151791318e-01 7.713731488554216587e-02 5.756461374997343672e-01 8.827634232241430290e-01 7.849915120084264286e-01 5.495042922196903268e-01 9.702892257641307916e-01 3.322851117647103725e-01 8.005547481834540680e-01 2.306201457349933981e-01 6.451511676991724675e-01 5.674464038623872053e-01 1.016468275817096867e+00 2.127881951763693213e-01 3.531821637619705911e-01 6.197067682577466208e-01 1.188398519727424524e-01 7.342386595838993335e-01 2.472507821684459262e-01 2.200927095542135059e-01 5.760008245257814963e-01 7.548997060613880095e-01 1.653862717244777847e-01 3.439741093028066410e-01 8.592792444908966543e-01 7.632708072863172433e-01 2.789854544639228107e-01 1.388295171946001827e-01 9.076612422420794468e-01 3.189154604807249993e-01 9.137435165594246511e-01
4.338839538490053549e-01 1.804480298327417187e-01 3.314206322336225585e-01 6.529252936984651923e-01 1.089593767401275254e-01 4.988009809164419273e-01 8.211891025259104859e-01 1.334945741038989220e-01 1.009544287623206138e+00 7.623894634947238069e-01 4.262139032809186268e-01 1.027640000085126015e+00 7.408448901267136177e-01 1.804050644457894648e-01 9.344441104760754790e-02 6.910735503025193793e-01 1.938066325496410891e-01 5.651753709221345456e-01 2.869025705716608532e-01 3.930326872234065072e-01 9.575421208104924198e-02 6.243651498409076295e-01 2.178132822207931585e-01 7.394955249511843409e-02 1.037626837218936782e+00 2.814832784530403864e-01 9.241339490236961662e-01 5.081190575726381997e-01 6.717641149547001200e-01 1.300505214974448376e-01 9.337670599304399854e-02 4.153696331270795850e-01 2.313751309454910587e-01 5.528592949928259337e-01 3.526528723397022724e-01 7.768094059604339074e-01 3.146697690713456397e-01
5.660171846745473134e-01 9.636831433968491567e-02 9.192708749830565962e-01 8.772000197209824102e-02 2.928714275387462318e-01 1.849554909742177622e-01 2.826235003484984243e-01 2.250929361159375586e-01 7.562166769875270367e-01 3.280373924368079064e-01 4.736809002247756584e-01 4.156133106058831905e-01 8.738822367662253399e-01 8.208022913878791904e-01 1.301819222215968019e-01 2.656940934090588624e-01 6.197130025489595573e-01 1.090302953729618968e-01 1.037941988052466735e+00 4.662436005679885809e-01 1.393059414498806770e-01 6.512211543798541724e-01 4.213622298116049270e-01 7.093319241783360152e-01 8.414092904234100889e-02 8.308952574353185849e-02 2.406891772380339023e-01 2.295784335893206740e-01 1.330638796787406153e-01 6.947800848079557223e-01 5.583515377846319794e-01 1.035921026363431086e+00 5.141240425884385790e-01 8.053118081279624363e-01 3.992317512459169770e-01 9.829659359371892835e-01 6.966637003644223780e-01
6.229481079083745154e-01 4.656370448126899153e-01 9.342128391022870570e-02 8.643025282742257120e-01 2.446376615848533942e-01 8.185980602661742100e-01 9.724613652349584081e-01 7.843954871123105521e-01 2.722371858243956555e-01 6.534637574005038863e-01 1.014595169458563761e+00 6.820601913141699502e-01 6.249226537668042258e-01 2.498390117123914789e-01 3.908349483368415700e-01 9.747103545484053777e-01 3.042939626215743210e-01 3.172461872676103911e-01 7.670581773781475210e-01 7.690433063685464532e-01 6.303861030252022601e-01 4.680390650823992860e-01 6.904514566842400169e-01 5.588438265978032948e-01 7.242133540783164680e-02 7.574790267924581544e-01 7.957365706847436826e-01 8.512882815544443593e-01 7.212642475793664687e-01 3.713513205170487219e-01 5.419738490754784366e-02 8.950506885585239880e-01 6.697209654263834855e-01 9.386102010549899344e-01 3.871977084240308398e-01 9.932192929075023269e-01 8.326962349919775352e-01
9.749028601234344116e-02 3.290480758525215488e-01 7.259173239939374911e-01 1.029941405472267341e-01 3.992622032783533226e-01 8.492700201912391222e-02 9.099795854635585046e-01 1.303775030160541637e-01 2.552841748179917603e-01 7.591780805222332340e-01 1.452985310152424270e-01 9.043792556178060771e-01 6.578604273868332575e-01 1.420969414798811115e-01 2.585433504240485791e-01 9.712940723049963143e-01 2.518840108858399485e-01 4.655421987637075598e-01 4.076057214712494603e-01 6.532228570085678587e-01 6.515471969547396158e-01 3.642926876295202177e-01 9.104078615218507142e-01 6.979314367609704695e-01 7.196240474997613046e-02 1.839109608600458245e-01 4.279431043240201071e-01 9.076670882422125386e-01 4.452772731565085018e-01 1.110121442414053333e-01 6.206938391860246373e-02 3.394624229288183970e-01 1.005618604256390158e+00 7.032284528590502237e-01 1.092816854327330472e-01 6.815697552469150988e-01 5.569944836017949319e-01
7.488791594575413546e-01 5.466394351434868959e-01 4.340851593438745382e-01 9.510908089457613679e-01 4.982348196859953116e-01 8.491303939778891419e-01 9.248766745995449234e-01 7.715749416446011921e-02 1.612767822045051980e-01 6.095739726079969500e-01 6.570824310859434414e-01 5.979870190567403432e-01 7.490821002703115239e-01 2.551413700604003298e-01 6.922882538318125833e-01 4.399738909694054789e-01 5.214900167727343216e-01 9.988535052030194095e-01 3.894870033509361673e-01 4.394489343835619732e-01 1.973851830031542742e-01 6.978408772461794918e-01 6.347125397473005748e-01 6.953072728829000626e-01 7.735532522686217050e-01 5.871251691114374172e-01 7.690821834290156866e-01 1.022924001605573174e+00 4.703962121836672838e-01 7.734169051157845365e-01 6.158279140462057377e-01 2.818829504320387591e-01 7.286866115974895142e-02 7.655789501654877149e-01 9.073969720426142693e-01 7.665462520953024717e-01 7.937234754602504605e-01
7.681000663350590063e-02 7.981119231783891932e-01 1.129001429784358274e-01 8.046229746117538051e-01 5.911599552639619226e-01 7.375396547737557151e-01 3.876333670772317830e-01 1.429140402494019635e-01 9.382773153460428617e-01 9.449084453654206239e-01 4.612378803287619511e-01 2.726014996414014013e-01 3.532046092384186209e-01 7.525872744528112612e-01 6.498297457322790294e-01 8.071533837100417497e-01 8.051951352043521526e-01 2.021197663470802319e-01 4.359903826137538352e-01 8.177626768718910810e-01 5.105178080023693721e-02 1.600480162961155917e-01 7.615921167020071048e-01 1.324127607924187600e-01 6.799415013705472077e-01 5.876918916333436771e-01 7.104768310577542767e-01 1.526899151950978362e-01 9.401312039111596741e-01 4.855035491366978539e-01 1.354765152477898638e-01 7.359376748733508222e-01 1.288526533953505138e-01 1.606190107086124530e-01 1.319810818626410698e-01 6.646928363818995766e-01 1.251324225183764738e-01
4.287772958673949919e-01 8.194211864552181090e-01 7.070178543189105103e-01 7.960484133947416385e-01 1.465525353572839085e-01 3.209392413780964293e-01 1.049621114096815910e+00 1.316051504788319781e-01 4.263975749737575760e-01 6.953253883703620908e-02 3.898489879911166134e-01 1.788758235981116607e-01 4.282449354134947872e-01 7.871054886427175656e-01 1.071046962218052540e-01 7.723338888485467013e-01 9.871393673394832646e-01 6.428145244565260097e-02 7.413162448194573484e-01 2.724442034898461595e-01 8.685364740329937217e-01 8.257610374837971723e-02 6.662671809121928357e-01 6.798526580906689987e-02 5.945471978621144071e-01 1.188811271535240160e-01 2.408365521206851656e-01 8.801538383170738333e-01 8.706021478747743014e-01 7.913015079798944029e-01 7.764046514063028814e-01 1.019438910259243602e+00 8.313464167502010449e-01 5.825114416291777841e-01 2.901861120675650052e-01 1.384061474222391674e-01 2.691493627377691822e-01
4.790414149675031874e-01 6.408034215948104073e-01 4.276494885532477475e-01 2.475805863520811889e-01 1.551624515243161251e-01 9.457556634112221916e-01 1.588768120131708872e-01 6.973840988185295853e-01 8.561513298032971120e-01 4.380379458448436236e-01 5.077325735385175287e-01 4.898593948738779180e-01 7.834512237678170621e-01 3.782777612641248788e-01 6.773993483146789618e-01 4.496264632945947137e-01 9.878190578673166078e-01 9.550433704877198116e-01 4.917490603529977578e-01 9.679150780556111666e-01 3.855463092386088308e-01 1.594435517306180272e-01 7.719099234018302891e-01 6.113671798524835665e-01 2.849977163870574537e-01 9.588398215980915851e-02 1.352158279419773401e-01 5.020038964813255955e-01 1.010746719997795556e-01 6.777616428760230294e-01 7.837165998401592892e-01 5.629328492354250812e-01 6.780404680397037476e-01 9.582265378187830862e-01 7.396503475618564361e-01 8.209116296714112915e-01 9.564204620151049996e-01
4.104878240991868266e-01 6.418103020477227139e-01 6.360699589733579407e-01 4.161515436414233160e-01 8.424996513949256638e-01 9.565181179255728416e-01 4.103160036767595220e-01 9.501688480271979209e-01 8.423505591792461722e-01 5.359035542709322808e-01 6.407708398293197050e-01 9.566431801182920802e-01 1.261030029282187992e-01 3.524429067862474008e-01 6.278490908140436089e-01 3.540438154306572716e-01 9.932754386051756423e-01 7.899034884153839364e-01 2.013675959514436564e-01 1.040567224520013295e-01 1.657018682150308009e-01 9.532101526868935748e-01 2.187294636752539767e-01 6.055853807180106019e-01 7.395708345287332897e-01 4.183853073313097970e-01 8.321137395097706613e-02 1.508326517638374775e-01 7.084482399331137881e-01 2.082692439485104852e-01 1.009467623659576985e+00 6.591224311980233008e-02 1.006291476573538679e+00 7.737954521134779995e-01 7.733319923835887399e-01 2.045388462335509527e-01 7.981496395883600492e-01
