output_new_topo_ddd_2/topo_0_yrs_topographic__steepest_slope.asc
ncols 300
nrows 100
xllcorner 0.0
yllcorner 0.0
cellsize 10.0
[rows 51 to 67 of 100, columns 148 to 184 of 300]
2.693355571897439920e-04 5.186819327802690005e-02 4.402197593055046099e-02 4.187566217153389225e-02 7.439366665693203373e-02 3.901549782219078388e-02 1.185437676554696937e-02 4.218337185066180911e-02 2.139890582240368960e-02 1.993151075290704524e-02 7.352439588089634825e-02 3.017735695790646488e-02 6.264853427750889658e-02 0.000000000000000000e+00 7.973422083700576479e-02 0.000000000000000000e+00 1.364360188536357585e-02 7.679642529575136760e-03 0.000000000000000000e+00 2.117800949735979682e-02 6.562356056722888631e-02 5.437076249130558953e-02 3.039149079544358617e-02 6.253566972413952818e-02 9.971104797717750962e-03 5.820338939243656362e-02 1.808085385875361772e-02 3.650465489131615726e-02 2.519105275139601335e-02 2.900689903188977820e-02 0.000000000000000000e+00 3.320805553543850624e-02 1.648636863390596022e-02 6.745609688403035598e-02 6.283151619608071115e-02 6.466626779495117383e-02 7.350821441403806999e-02
6.231495951533716493e-02 3.732982270083677612e-02 4.929264849811350324e-02 3.448040559241878633e-02 3.028274802347770064e-02 2.871418927573188111e-03 0.000000000000000000e+00 0.000000000000000000e+00 0.000000000000000000e+00 8.585159421673083796e-03 2.693890814378620963e-02 1.880812659899205180e-02 6.662725926870756432e-02 4.898067995840924352e-03 0.000000000000000000e+00 6.754357291777761396e-02 3.023462100520095744e-02 2.800119764892263635e-02 9.330068493331297730e-02 1.902612645100395725e-02 3.078735452340719547e-02 1.775884073172227101e-02 3.307242064018369593e-02 0.000000000000000000e+00 2.312275077403498288e-02 0.000000000000000000e+00 6.823949372586897433e-02 2.326277117407338224e-02 8.883394743260594750e-02 0.000000000000000000e+00 2.310590246529296149e-02 0.000000000000000000e+00 6.751538229376859157e-02 5.802373564768847913e-02 1.260233423097215436e-02 3.147597492611167030e-02 4.729017287924195539e-02
0.000000000000000000e+00 2.183573039717785422e-02 6.262557084759948212e-02 0.000000000000000000e+00 7.670617200777556099e-02 1.295510111610793588e-02 2.324755440059940101e-02 4.433862503334991267e-02 3.558211693450923085e-02 7.579001261833191727e-02 4.095549974428260714e-02 6.717817779347745599e-02 6.863965805661234425e-03 0.000000000000000000e+00 5.106455822710982695e-02 8.641250876084134724e-02 0.000000000000000000e+00 3.889456750240265215e-02 8.933839880467013550e-02 0.000000000000000000e+00 7.932336804202888558e-02 4.047898338857390532e-02 6.030780405976958469e-02 1.361297241138208561e-02 6.445189304907010530e-02 2.159185460082024832e-02 6.166963778868916890e-02 8.789403784926701213e-02 4.334849995379759513e-02 0.000000000000000000e+00 4.189127111496659950e-03 3.755214979778598305e-02 5.009433397514948677e-02 0.000000000000000000e+00 6.440502597891581416e-02 1.155672773931346563e-02 0.000000000000000000e+00
4.740509286243908132e-02 3.769309409044874215e-02 5.389602114787868381e-02 8.842989267142975160e-03 6.611845543759331534e-02 1.080211099715608358e-02 2.753188619256601369e-02 4.474356220073749668e-02 2.767712382338105050e-03 0.000000000000000000e+00 1.673939773531580785e-02 0.000000000000000000e+00 7.393090539856883581e-02 6.672140081265007239e-02 5.914760606747142269e-02 0.000000000000000000e+00 0.000000000000000000e+00 8.690860107629357068e-02 1.262793892634391218e-03 4.094780678219640813e-02 4.432468488939200605e-04 4.815838546253221886e-02 1.191836062373079555e-02 4.298478165341155371e-03 4.552334981999513197e-02 1.145830330970113234e-02 1.985197236259130665e-02 0.000000000000000000e+00 2.630994072201506620e-02 5.648370429667197434e-02 0.000000000000000000e+00 8.018379765360376943e-02 3.798747539882430663e-02 4.888178660296542410e-02 2.207189011602341336e-02 7.487226837661049850e-02 6.698130347825959063e-03
5.313156713007716192e-02 6.255093700850414273e-02 4.339889990422616389e-02 9.309995041360962995e-03 0.000000000000000000e+00 7.917707558186312666e-02 0.000000000000000000e+00 0.000000000000000000e+00 3.352147020146754169e-02 5.795214382927751234e-02 2.629817765172495075e-02 8.334679152026965021e-02 8.687165562867367463e-02 2.252223202664715984e-03 7.930146108227340007e-02 3.873286424512843024e-02 0.000000000000000000e+00 6.145939279158367519e-02 1.702720140327258422e-02 3.232109365457178779e-02 1.093204725754475318e-02 2.103866355523661621e-02 2.494286218251060699e-02 9.347913138857881499e-02 2.203940057862684501e-02 1.249575030351941438e-02 3.543315520040905831e-02 3.982222103052848045e-02 4.964754839895944155e-02 1.131301830566808740e-02 0.000000000000000000e+00 0.000000000000000000e+00 5.424908572429130299e-02 1.153544081473478755e-02 2.511979825680166201e-02 2.620598120718980670e-02 8.047035623325174414e-02
0.000000000000000000e+00 9.816892515876399217e-02 3.083273016544909456e-02 0.000000000000000000e+00 4.381619015124575689e-02 1.690950926301127257e-03 4.311260296731785069e-02 7.204500026527274614e-02 5.996305292280616761e-02 3.807174412045331163e-02 7.732179644881984060e-02 3.828369748747346285e-02 5.331750954448590679e-02 0.000000000000000000e+00 2.621771114823810006e-02 0.000000000000000000e+00 8.315048303513794190e-03 8.193838421370189251e-02 0.000000000000000000e+00 4.224537891439492099e-03 5.293806837632226980e-02 3.152425483116738647e-02 0.000000000000000000e+00 0.000000000000000000e+00 6.299895627241100526e-02 1.537457614057551394e-02 2.518914573426869058e-02 0.000000000000000000e+00 3.436754457623667630e-02 2.097781003506200490e-02 3.170669261557179652e-03 0.000000000000000000e+00 1.263952473140825782e-02 8.692599582888238183e-03 0.000000000000000000e+00 2.191730946970427141e-02 2.375410521241487841e-02
0.000000000000000000e+00 7.264065611617383234e-02 6.169128077152840825e-03 3.539240961598943969e-02 3.721926211180827393e-02 3.857158454158789163e-02 1.477779316761109775e-02 1.800269861586363193e-02 0.000000000000000000e+00 0.000000000000000000e+00 0.000000000000000000e+00 3.696088923178351276e-02 5.663098601819376021e-02 4.607549936862955636e-02 5.941830766327365655e-03 5.414577945709027340e-02 2.300294703337770006e-03 6.035929288972727985e-02 7.584268997611429142e-02 3.837367207908881639e-02 5.362360553101924721e-02 6.912843257409218012e-02 0.000000000000000000e+00 8.877977888327440170e-02 3.411110797072548773e-02 1.357512746991655986e-02 4.389229555303859019e-03 1.258691802295635112e-02 0.000000000000000000e+00 6.723783324658265392e-02 4.608098925655586264e-02 8.795344525653323031e-02 7.529647828964014522e-02 7.774668495529688667e-03 0.000000000000000000e+00 1.673084882653839284e-02 1.251157391845714173e-02
1.540270293802281643e-02 5.581405170667368132e-02 0.000000000000000000e+00 3.959248389264313772e-02 4.851832926261438750e-02 1.973232241970940791e-03 2.681628461846639194e-02 7.325379984838811809e-02 1.678609220012469141e-03 5.223117405279494030e-02 6.082582547380344096e-02 1.070124863286183760e-02 2.841452147316044299e-03 6.721860622094819049e-02 6.516942126163974280e-02 6.521836885136434239e-03 5.247143382357873087e-02 2.657260758519068913e-02 9.704900814883359386e-03 3.942102731088451689e-02 7.518232847172061362e-02 0.000000000000000000e+00 3.333783718541134811e-02 0.000000000000000000e+00 6.393919202302447702e-02 5.370227708176154163e-02 8.462443658262985835e-02 7.781494629482839896e-03 7.561372870652504914e-05 1.080095599467787403e-02 2.507085420262553793e-02 2.464825813449520592e-02 0.000000000000000000e+00 6.804342412521284522e-02 9.531156634322002219e-02 4.608787765646100987e-02 1.021971443606952551e-02
1.245634587040988974e-03 5.509767207170242209e-02 5.306699592861478798e-02 2.387197192458217695e-02 0.000000000000000000e+00 3.041046733264263224e-02 3.620230152166154652e-02 5.759977409595498643e-02 4.255993075747133148e-02 4.851424197507849673e-02 3.573884331180776641e-02 6.021754358970495512e-03 7.490009928194663220e-03 0.000000000000000000e+00 6.300900503969045219e-02 0.000000000000000000e+00 2.945285916270865695e-02 1.065001434170413999e-02 5.223689766112959987e-02 5.673058272542812197e-02 0.000000000000000000e+00 0.000000000000000000e+00 2.962329735080171389e-02 1.268265838269924152e-02 4.416686146980693117e-02 1.987461382641209084e-02 0.000000000000000000e+00 6.076392362007121406e-02 0.000000000000000000e+00 5.250839500157189477e-02 5.137457342311711056e-02 0.000000000000000000e+00 2.529172070034402427e-03 7.053136475312200837e-02 1.101705096459326769e-03 3.625992485952817673e-02 6.609730259806986807e-02
3.818599857528096487e-03 0.000000000000000000e+00 0.000000000000000000e+00 7.876619015170582827e-02 2.770078819554306834e-02 0.000000000000000000e+00 6.931606163764954254e-02 4.936132169068345454e-02 2.537376680000980045e-02 5.462482494157869933e-02 0.000000000000000000e+00 4.898621938508256057e-02 1.078729881332662899e-02 2.425827217508524924e-02 4.760683849108787724e-02 6.639108318364073114e-02 0.000000000000000000e+00 0.000000000000000000e+00 4.141698195326144749e-02 3.328895143726207095e-02 3.966442492821072030e-02 7.777704572826005247e-02 0.000000000000000000e+00 5.566831845190379005e-03 6.416722323668100705e-03 0.000000000000000000e+00 3.715963439796308304e-02 6.771203271550642160e-03 2.786227949267239268e-02 8.078374931546852822e-02 7.380437096123777449e-03 9.156184558140809115e-02 2.551810980557496153e-02 3.497174274304088587e-02 0.000000000000000000e+00 9.702421168156278100e-03 2.761612558311021814e-02
2.678673914445832763e-02 3.624838747046509740e-03 8.711654639305876566e-03 4.569605824098381397e-02 3.956913580146990267e-02 1.066500396035647592e-02 5.607920970969360042e-02 3.645552480669663614e-03 7.644098148705591456e-03 5.093586864404988507e-02 4.350825583352389142e-02 0.000000000000000000e+00 0.000000000000000000e+00 0.000000000000000000e+00 9.383584784907120224e-02 3.146906062830799600e-02 2.322192376497964755e-02 1.138099783194501669e-02 7.629213933784875779e-02 2.508212110785414811e-02 0.000000000000000000e+00 2.683719332956426701e-02 8.763937075089031636e-02 2.368774472049306468e-03 1.275687980196257669e-03 2.851381430690320615e-02 1.874048271148787137e-02 9.236770722386466667e-03 2.162376772893752699e-02 4.150829352555467089e-02 2.878870369039967375e-02 2.353859060946481702e-02 5.573929562304202889e-02 0.000000000000000000e+00 0.000000000000000000e+00 1.354685558122108516e-02 0.000000000000000000e+00
6.869710890685461202e-02 0.000000000000000000e+00 3.728328165644904935e-02 0.000000000000000000e+00 6.622664996822233419e-02 2.561510474770836016e-02 1.704177237373105669e-02 2.633618466806613226e-02 7.074624719949014484e-02 6.497047867801430954e-02 2.441855234037433250e-02 1.092483037662440003e-03 0.000000000000000000e+00 1.435354518462181837e-02 2.295313359974366849e-02 4.100985290898455371e-02 4.066270376406944109e-02 7.565517386666176410e-03 5.358186213144921876e-03 1.450707695596724703e-02 7.530473167067519742e-03 3.866311927041028718e-02 0.000000000000000000e+00 6.021905287298414539e-02 0.000000000000000000e+00 7.748007435018662570e-02 2.641235194630857722e-02 5.761609686760378601e-02 5.783080873353618756e-02 7.348029749653814391e-02 0.000000000000000000e+00 3.581417689186903314e-02 1.780181559604514588e-02 1.965838319176729104e-02 4.304818630510372224e-02 3.964313069895615549e-02 0.000000000000000000e+00
6.335783647460954682e-02 6.329433764926406525e-02 4.217525504187839835e-02 3.268091418147278833e-03 4.891132547116753236e-03 4.920537568715497440e-02 0.000000000000000000e+00 6.042963724430672201e-02 0.000000000000000000e+00 0.000000000000000000e+00 3.464363313261894974e-03 2.713963050365082383e-02 5.005213946477597708e-02 2.499657500505092500e-02 4.422003236785831959e-02 4.234098607888760885e-02 0.000000000000000000e+00 0.000000000000000000e+00 6.961776028901152380e-02 1.031932724654946974e-02 5.821385140143346681e-02 0.000000000000000000e+00 2.552585351567282501e-02 6.393511548653371158e-03 7.234829585662305718e-02 6.748418184492358841e-03 8.389341062515169589e-02 4.092971091995627198e-02 2.225064441943205677e-03 5.169563816706181786e-02 6.924844963173706902e-02 4.569265642116979859e-02 0.000000000000000000e+00 2.298524384295701564e-02 4.307538892453237345e-02 4.066690991456365506e-02 1.601189307072975812e-02
0.000000000000000000e+00 2.897143581384318406e-02 5.315058092771520609e-02 0.000000000000000000e+00 2.368233617353397019e-02 1.622176063001470186e-02 4.938027676650904793e-03 2.174267879586402191e-02 1.675887290975399541e-02 2.485427426542514626e-02 0.000000000000000000e+00 0.000000000000000000e+00 0.000000000000000000e+00 9.122595614396615538e-02 0.000000000000000000e+00 4.871449132348067146e-02 3.087086033020680631e-02 2.456920345161322378e-02 2.926614525504538447e-02 4.641271410387393104e-02 0.000000000000000000e+00 0.000000000000000000e+00 2.708608167853156917e-02 7.213453328156624322e-02 7.369465604928367164e-02 2.627489365082435850e-03 4.179622204894650750e-02 8.329585498223059190e-04 4.264604435202760946e-02 3.656349398100813136e-02 1.834448349132680040e-02 1.687530720574543716e-02 5.863109014985568024e-02 4.799063566288843535e-02 0.000000000000000000e+00 0.000000000000000000e+00 2.435097171333389099e-02
2.817697087436164122e-02 7.936707544401705450e-03 7.525143405248665984e-02 2.289709507531832028e-02 3.899504361250327733e-02 0.000000000000000000e+00 0.000000000000000000e+00 8.873073593349908861e-02 6.149047779157381516e-02 4.110862435835551526e-02 0.000000000000000000e+00 1.429959304158465692e-02 2.415478641527562045e-02 7.040844066950277536e-02 6.030887262925777037e-03 1.870661643563327134e-02 0.000000000000000000e+00 3.700065479997798057e-02 4.903376659382896463e-02 1.552111825586939206e-02 0.000000000000000000e+00 3.241146628349760028e-02 6.459855698033844726e-03 4.879936322842910734e-02 3.835037104448293238e-02 9.112849633985665304e-03 0.000000000000000000e+00 4.325526873818912044e-02 0.000000000000000000e+00 7.951098362001296493e-02 3.162176665139559278e-02 1.787203778119250686e-02 1.722651944121824513e-02 3.383361185990061554e-02 3.466682837984373655e-02 1.911322530111068257e-02 4.758650825826293840e-02
0.000000000000000000e+00 1.835940774597295475e-02 2.624202275192636432e-03 9.069450447080473071e-03 1.020661816606169975e-02 0.000000000000000000e+00 2.471025648923204018e-02 5.728980716260290151e-02 0.000000000000000000e+00 8.333360597024830341e-02 0.000000000000000000e+00 8.667569377018909116e-02 7.145260520789573078e-02 0.000000000000000000e+00 1.383734931150124546e-02 4.437138171993507303e-03 3.160125655854049281e-02 0.000000000000000000e+00 1.874439048757051834e-02 4.062909219804024946e-02 4.324766088239302697e-02 3.318334488273722016e-02 3.175665718819624395e-02 0.000000000000000000e+00 5.873031600016318660e-02 2.512585236335791380e-02 9.351991413026894406e-03 3.028640682612326884e-02 4.262120111389107457e-02 1.823493476639411609e-02 4.970934843486327775e-02 0.000000000000000000e+00 3.692984401585421711e-02 0.000000000000000000e+00 0.000000000000000000e+00 1.658079548074853013e-02 4.103443491485512379e-02
9.200768461735711612e-02 5.107071515982939541e-02 7.198847510411114647e-02 0.000000000000000000e+00 6.114853033758382850e-02 5.620111771090856301e-02 8.722766026833221609e-02 0.000000000000000000e+00 4.527440533488702630e-03 1.472837478269024489e-02 6.857099262707366805e-02 2.163326470816464425e-02 2.546007454428282982e-02 6.764121260797288648e-02 4.116766859215781338e-02 8.790947781759035629e-02 7.105897165754501699e-02 0.000000000000000000e+00 6.047923359836478163e-02 0.000000000000000000e+00 1.346124919156377287e-03 1.172628860006401721e-02 1.063619621553328967e-02 0.000000000000000000e+00 0.000000000000000000e+00 6.543904600398020577e-02 5.900804411793991733e-02 3.055927177282411616e-02 6.452134412678960096e-02 4.976311052348476871e-02 0.000000000000000000e+00 6.486044724281266050e-02 2.575395539467905878e-02 2.714710862060618762e-02 0.000000000000000000e+00 4.962938566227972220e-02 0.000000000000000000e+00
