output_new_topo_ddd_2/topo_0_yrs_flow__link_to_receiver_node.asc
ncols 300
nrows 100
xllcorner 0.0
yllcorner 0.0
cellsize 10.0
[rows 68 to 84 of 100, columns 222 to 258 of 300]
1.909000000000000000e+04 1.879100000000000000e+04 1.879300000000000000e+04 1.879400000000000000e+04 1.879500000000000000e+04 7.859200000000000000e+04 1.909600000000000000e+04 1.849800000000000000e+04 1.849900000000000000e+04 7.800000000000000000e+04 1.880000000000000000e+04 7.860400000000000000e+04 1.910200000000000000e+04 1.910300000000000000e+04 1.850500000000000000e+04 7.801200000000000000e+04 1.880600000000000000e+04 1.880700000000000000e+04 1.880800000000000000e+04 7.802000000000000000e+04 1.881000000000000000e+04 1.881100000000000000e+04 7.802600000000000000e+04 1.881300000000000000e+04 7.803300000000000000e+04 1.851600000000000000e+04 7.803400000000000000e+04 1.911700000000000000e+04 7.863800000000000000e+04 1.911900000000000000e+04 1.912000000000000000e+04 1.882100000000000000e+04 1.912200000000000000e+04 7.864700000000000000e+04 1.882400000000000000e+04 7.805200000000000000e+04 1.852700000000000000e+04
1.849100000000000000e+04 7.798500000000000000e+04 1.819300000000000000e+04 1.819500000000000000e+04 7.799200000000000000e+04 1.849600000000000000e+04 1.819800000000000000e+04 1.789900000000000000e+04 7.740000000000000000e+04 1.820000000000000000e+04 1.790200000000000000e+04 1.790300000000000000e+04 1.790400000000000000e+04 1.790500000000000000e+04 7.741200000000000000e+04 1.820600000000000000e+04 1.820700000000000000e+04 1.850800000000000000e+04 7.801900000000000000e+04 1.821000000000000000e+04 1.821100000000000000e+04 1.821200000000000000e+04 1.821300000000000000e+04 1.791500000000000000e+04 1.821600000000000000e+04 1.791700000000000000e+04 1.821700000000000000e+04 1.791900000000000000e+04 7.744000000000000000e+04 1.852000000000000000e+04 1.852100000000000000e+04 7.804500000000000000e+04 7.804800000000000000e+04 1.852400000000000000e+04 7.805100000000000000e+04 1.822600000000000000e+04 1.792800000000000000e+04
1.729300000000000000e+04 1.789300000000000000e+04 1.789400000000000000e+04 1.759600000000000000e+04 1.789600000000000000e+04 1.789700000000000000e+04 1.759900000000000000e+04 7.680300000000000000e+04 1.730100000000000000e+04 1.760200000000000000e+04 1.760300000000000000e+04 7.681100000000000000e+04 1.730500000000000000e+04 7.681200000000000000e+04 1.760600000000000000e+04 7.741500000000000000e+04 1.760800000000000000e+04 1.760900000000000000e+04 1.791000000000000000e+04 7.742300000000000000e+04 1.761200000000000000e+04 1.791300000000000000e+04 7.742900000000000000e+04 1.761500000000000000e+04 1.731700000000000000e+04 7.683600000000000000e+04 1.761800000000000000e+04 1.761900000000000000e+04 1.762000000000000000e+04 1.762100000000000000e+04 1.762300000000000000e+04 1.792300000000000000e+04 1.792400000000000000e+04 1.762500000000000000e+04 1.792600000000000000e+04 1.762700000000000000e+04 1.732900000000000000e+04
1.669400000000000000e+04 1.699400000000000000e+04 1.699600000000000000e+04 1.699700000000000000e+04 1.729700000000000000e+04 1.729800000000000000e+04 1.699900000000000000e+04 1.700100000000000000e+04 1.670200000000000000e+04 1.670300000000000000e+04 1.670400000000000000e+04 1.700500000000000000e+04 1.670600000000000000e+04 1.700600000000000000e+04 1.700800000000000000e+04 1.730800000000000000e+04 1.730900000000000000e+04 1.671100000000000000e+04 7.682400000000000000e+04 1.731200000000000000e+04 7.682700000000000000e+04 1.701400000000000000e+04 7.623200000000000000e+04 1.701600000000000000e+04 1.701700000000000000e+04 1.701800000000000000e+04 1.731900000000000000e+04 7.684100000000000000e+04 1.702100000000000000e+04 1.702300000000000000e+04 7.684800000000000000e+04 1.732400000000000000e+04 1.732500000000000000e+04 1.702700000000000000e+04 1.732700000000000000e+04 1.702800000000000000e+04 7.626000000000000000e+04
7.559000000000000000e+04 1.639500000000000000e+04 1.639700000000000000e+04 7.619600000000000000e+04 1.669800000000000000e+04 1.669900000000000000e+04 1.610100000000000000e+04 1.640200000000000000e+04 7.560900000000000000e+04 1.610400000000000000e+04 7.561000000000000000e+04 1.610600000000000000e+04 7.561400000000000000e+04 1.640700000000000000e+04 7.561800000000000000e+04 1.670900000000000000e+04 1.641100000000000000e+04 1.611200000000000000e+04 1.641200000000000000e+04 1.641400000000000000e+04 1.671400000000000000e+04 7.623100000000000000e+04 1.641600000000000000e+04 1.641700000000000000e+04 1.671800000000000000e+04 7.623900000000000000e+04 1.672000000000000000e+04 1.672100000000000000e+04 1.642300000000000000e+04 7.624800000000000000e+04 1.672400000000000000e+04 7.625100000000000000e+04 1.642700000000000000e+04 7.625600000000000000e+04 1.672800000000000000e+04 7.625900000000000000e+04 1.643000000000000000e+04
1.579500000000000000e+04 1.549700000000000000e+04 1.579800000000000000e+04 1.609800000000000000e+04 1.609900000000000000e+04 1.580100000000000000e+04 1.580200000000000000e+04 7.560600000000000000e+04 1.580400000000000000e+04 1.550500000000000000e+04 1.550600000000000000e+04 7.501400000000000000e+04 1.580700000000000000e+04 7.561700000000000000e+04 1.580900000000000000e+04 1.551100000000000000e+04 1.581200000000000000e+04 1.551300000000000000e+04 1.581300000000000000e+04 7.563000000000000000e+04 7.563200000000000000e+04 1.611600000000000000e+04 1.611700000000000000e+04 7.563700000000000000e+04 1.581900000000000000e+04 1.582000000000000000e+04 1.552200000000000000e+04 1.582300000000000000e+04 7.564800000000000000e+04 1.612400000000000000e+04 1.582500000000000000e+04 1.552700000000000000e+04 1.582800000000000000e+04 1.612800000000000000e+04 1.583000000000000000e+04 1.613000000000000000e+04 1.613100000000000000e+04
1.519700000000000000e+04 1.519800000000000000e+04 7.499800000000000000e+04 1.549900000000000000e+04 1.520000000000000000e+04 1.520200000000000000e+04 7.500600000000000000e+04 1.550300000000000000e+04 1.490500000000000000e+04 1.490600000000000000e+04 7.441400000000000000e+04 1.520700000000000000e+04 1.520900000000000000e+04 1.550900000000000000e+04 1.521000000000000000e+04 7.442700000000000000e+04 1.521300000000000000e+04 7.443100000000000000e+04 1.491500000000000000e+04 1.521600000000000000e+04 1.551600000000000000e+04 1.521800000000000000e+04 7.503800000000000000e+04 1.551900000000000000e+04 1.552000000000000000e+04 7.504300000000000000e+04 1.492300000000000000e+04 1.522400000000000000e+04 1.552400000000000000e+04 1.552500000000000000e+04 7.505300000000000000e+04 1.522700000000000000e+04 1.522800000000000000e+04 1.552900000000000000e+04 7.506200000000000000e+04 1.553100000000000000e+04 1.523300000000000000e+04
7.439600000000000000e+04 1.489800000000000000e+04 1.489900000000000000e+04 1.490000000000000000e+04 7.440300000000000000e+04 1.460200000000000000e+04 1.490300000000000000e+04 1.430500000000000000e+04 1.430600000000000000e+04 7.381400000000000000e+04 1.460700000000000000e+04 7.441700000000000000e+04 1.460900000000000000e+04 1.491000000000000000e+04 1.461100000000000000e+04 1.461300000000000000e+04 7.442800000000000000e+04 1.461500000000000000e+04 1.461600000000000000e+04 7.443400000000000000e+04 1.491700000000000000e+04 1.461800000000000000e+04 1.491900000000000000e+04 1.432100000000000000e+04 1.432200000000000000e+04 7.384600000000000000e+04 7.384800000000000000e+04 7.445000000000000000e+04 1.492500000000000000e+04 7.445400000000000000e+04 1.492700000000000000e+04 1.492800000000000000e+04 7.445900000000000000e+04 7.386500000000000000e+04 1.463200000000000000e+04 1.463300000000000000e+04 7.446800000000000000e+04
1.429800000000000000e+04 7.379900000000000000e+04 1.400000000000000000e+04 1.430100000000000000e+04 1.430200000000000000e+04 1.400300000000000000e+04 1.400500000000000000e+04 1.370600000000000000e+04 7.321400000000000000e+04 1.400700000000000000e+04 1.400800000000000000e+04 1.430900000000000000e+04 7.382100000000000000e+04 1.431100000000000000e+04 7.382500000000000000e+04 1.401400000000000000e+04 1.401500000000000000e+04 7.383200000000000000e+04 1.431600000000000000e+04 1.431700000000000000e+04 1.431800000000000000e+04 7.383900000000000000e+04 1.372100000000000000e+04 7.324400000000000000e+04 1.402200000000000000e+04 1.402300000000000000e+04 1.372500000000000000e+04 1.402600000000000000e+04 7.385400000000000000e+04 1.432700000000000000e+04 7.385700000000000000e+04 1.402900000000000000e+04 1.373100000000000000e+04 1.403200000000000000e+04 7.386600000000000000e+04 1.433300000000000000e+04 1.433400000000000000e+04
1.369900000000000000e+04 1.370000000000000000e+04 7.320300000000000000e+04 1.340200000000000000e+04 1.370300000000000000e+04 7.320900000000000000e+04 1.340600000000000000e+04 7.261700000000000000e+04 1.310800000000000000e+04 1.370800000000000000e+04 1.311000000000000000e+04 1.311100000000000000e+04 1.311200000000000000e+04 1.341200000000000000e+04 1.341300000000000000e+04 1.311500000000000000e+04 1.341600000000000000e+04 1.371600000000000000e+04 1.341700000000000000e+04 1.311900000000000000e+04 7.264000000000000000e+04 1.342000000000000000e+04 7.264400000000000000e+04 1.342200000000000000e+04 7.324700000000000000e+04 1.342400000000000000e+04 1.342600000000000000e+04 7.325400000000000000e+04 1.372700000000000000e+04 1.342800000000000000e+04 1.372900000000000000e+04 1.343100000000000000e+04 7.266700000000000000e+04 1.313300000000000000e+04 1.343400000000000000e+04 1.343500000000000000e+04 1.343600000000000000e+04
1.310000000000000000e+04 1.280200000000000000e+04 1.310200000000000000e+04 1.280300000000000000e+04 1.280500000000000000e+04 7.201500000000000000e+04 1.250700000000000000e+04 1.280800000000000000e+04 1.250900000000000000e+04 1.280900000000000000e+04 7.202500000000000000e+04 1.251200000000000000e+04 7.202600000000000000e+04 7.203100000000000000e+04 1.281500000000000000e+04 1.281600000000000000e+04 7.263400000000000000e+04 1.311700000000000000e+04 1.251900000000000000e+04 7.204000000000000000e+04 1.282000000000000000e+04 1.282100000000000000e+04 1.282200000000000000e+04 1.282300000000000000e+04 1.252500000000000000e+04 7.205200000000000000e+04 1.312600000000000000e+04 1.312700000000000000e+04 1.312800000000000000e+04 1.283000000000000000e+04 1.283100000000000000e+04 1.283200000000000000e+04 1.283300000000000000e+04 7.207100000000000000e+04 1.253500000000000000e+04 1.313500000000000000e+04 1.283700000000000000e+04
7.200400000000000000e+04 7.200600000000000000e+04 1.250300000000000000e+04 7.200900000000000000e+04 1.220600000000000000e+04 1.220700000000000000e+04 7.141900000000000000e+04 1.220900000000000000e+04 1.191000000000000000e+04 1.221000000000000000e+04 1.191200000000000000e+04 7.142600000000000000e+04 1.221300000000000000e+04 1.221500000000000000e+04 7.203200000000000000e+04 1.221700000000000000e+04 1.251700000000000000e+04 7.203700000000000000e+04 1.221900000000000000e+04 1.222000000000000000e+04 1.222100000000000000e+04 1.222200000000000000e+04 1.222300000000000000e+04 1.222400000000000000e+04 1.222500000000000000e+04 1.222600000000000000e+04 7.145600000000000000e+04 1.192900000000000000e+04 1.223000000000000000e+04 7.206200000000000000e+04 1.253100000000000000e+04 1.253200000000000000e+04 1.193400000000000000e+04 1.193500000000000000e+04 7.147200000000000000e+04 1.223700000000000000e+04 1.223800000000000000e+04
1.190200000000000000e+04 1.130400000000000000e+04 7.081000000000000000e+04 1.160500000000000000e+04 1.160600000000000000e+04 7.141600000000000000e+04 1.160900000000000000e+04 1.161000000000000000e+04 7.082500000000000000e+04 1.131200000000000000e+04 7.082900000000000000e+04 1.131400000000000000e+04 1.131500000000000000e+04 7.083200000000000000e+04 1.131700000000000000e+04 7.083600000000000000e+04 1.131900000000000000e+04 1.132000000000000000e+04 1.192000000000000000e+04 1.192100000000000000e+04 1.192200000000000000e+04 1.192300000000000000e+04 1.192400000000000000e+04 7.145100000000000000e+04 1.162600000000000000e+04 7.145500000000000000e+04 1.162800000000000000e+04 7.086300000000000000e+04 1.133100000000000000e+04 7.086400000000000000e+04 7.086600000000000000e+04 1.133400000000000000e+04 7.087000000000000000e+04 1.163500000000000000e+04 1.163600000000000000e+04 1.163800000000000000e+04 7.147800000000000000e+04
1.070400000000000000e+04 7.021000000000000000e+04 1.100500000000000000e+04 1.130600000000000000e+04 7.081500000000000000e+04 1.130800000000000000e+04 1.130900000000000000e+04 1.101100000000000000e+04 1.101200000000000000e+04 7.022900000000000000e+04 1.101400000000000000e+04 7.023300000000000000e+04 1.071600000000000000e+04 1.101700000000000000e+04 7.023900000000000000e+04 1.071900000000000000e+04 7.024000000000000000e+04 1.102000000000000000e+04 1.102100000000000000e+04 7.024900000000000000e+04 1.102400000000000000e+04 1.072500000000000000e+04 7.085200000000000000e+04 1.132600000000000000e+04 1.102800000000000000e+04 1.132800000000000000e+04 1.102900000000000000e+04 1.103100000000000000e+04 7.026700000000000000e+04 1.073300000000000000e+04 1.103300000000000000e+04 1.073500000000000000e+04 1.073600000000000000e+04 1.073700000000000000e+04 1.103800000000000000e+04 7.087800000000000000e+04 1.133900000000000000e+04
6.961000000000000000e+04 1.040500000000000000e+04 1.040600000000000000e+04 7.021500000000000000e+04 1.040900000000000000e+04 1.041000000000000000e+04 1.011100000000000000e+04 1.041200000000000000e+04 1.041300000000000000e+04 1.041400000000000000e+04 7.023000000000000000e+04 1.041600000000000000e+04 1.011700000000000000e+04 1.041700000000000000e+04 1.011900000000000000e+04 6.964000000000000000e+04 1.042000000000000000e+04 7.024300000000000000e+04 1.042200000000000000e+04 1.042400000000000000e+04 1.042500000000000000e+04 6.965500000000000000e+04 1.012700000000000000e+04 6.965600000000000000e+04 7.025800000000000000e+04 1.072900000000000000e+04 7.026100000000000000e+04 1.043100000000000000e+04 1.013300000000000000e+04 6.966800000000000000e+04 1.043400000000000000e+04 6.967500000000000000e+04 1.013700000000000000e+04 1.013800000000000000e+04 1.013900000000000000e+04 1.073900000000000000e+04 1.074000000000000000e+04
9.805000000000000000e+03 6.961300000000000000e+04 9.807000000000000000e+03 9.509000000000000000e+03 9.510000000000000000e+03 9.811000000000000000e+03 9.512000000000000000e+03 9.812000000000000000e+03 9.814000000000000000e+03 6.963000000000000000e+04 1.011500000000000000e+04 9.817000000000000000e+03 6.903900000000000000e+04 9.519000000000000000e+03 6.904000000000000000e+04 9.820000000000000000e+03 6.964300000000000000e+04 9.822000000000000000e+03 9.823000000000000000e+03 9.525000000000000000e+03 9.526000000000000000e+03 9.827000000000000000e+03 6.905900000000000000e+04 9.529000000000000000e+03 9.530000000000000000e+03 9.831000000000000000e+03 1.013100000000000000e+04 6.966500000000000000e+04 9.833000000000000000e+03 9.834000000000000000e+03 9.536000000000000000e+03 6.907400000000000000e+04 6.907900000000000000e+04 9.539000000000000000e+03 9.540000000000000000e+03 9.840000000000000000e+03 1.014100000000000000e+04
9.206000000000000000e+03 9.507000000000000000e+03 9.209000000000000000e+03 9.210000000000000000e+03 6.842500000000000000e+04 9.212000000000000000e+03 6.842900000000000000e+04 8.914000000000000000e+03 8.915000000000000000e+03 9.515000000000000000e+03 9.217000000000000000e+03 6.843900000000000000e+04 8.919000000000000000e+03 6.844000000000000000e+04 8.921000000000000000e+03 9.222000000000000000e+03 9.522000000000000000e+03 9.223000000000000000e+03 6.904900000000000000e+04 9.225000000000000000e+03 9.226000000000000000e+03 8.928000000000000000e+03 8.929000000000000000e+03 9.230000000000000000e+03 9.231000000000000000e+03 6.906400000000000000e+04 9.532000000000000000e+03 9.533000000000000000e+03 9.534000000000000000e+03 8.936000000000000000e+03 6.847400000000000000e+04 9.237000000000000000e+03 9.239000000000000000e+03 8.940000000000000000e+03 6.848200000000000000e+04 9.242000000000000000e+03 8.943000000000000000e+03
