output_new_topo_ddd_2/topo_0_yrs_bedrock__elevation.asc
ncols 300
nrows 100
xllcorner 0.0
yllcorner 0.0
cellsize 10.0
[rows 34 to 50 of 100, columns 74 to 110 of 300]
2.388106373451037157e-01 8.989391334403910028e-01 1.186955629182111088e-01 6.605201138168359520e-01 5.813455011445065601e-01 9.128301464902855988e-01 1.120586999363012010e-01 1.037536206305894187e-01 6.791363396339983316e-01 8.235571456916609412e-01 1.040341816316381562e+00 9.800305573768031131e-01 3.266765503784592739e-01 2.104776337093067773e-01 8.870645306756214099e-01 6.142014884714290801e-01 4.161025334775527162e-01 4.471412720752495074e-01 1.179588159613809834e-01 4.746692081630317639e-01 2.081577235108085788e-01 5.673166015305307619e-01 9.246517018918523068e-01 6.266084021119291414e-01 9.900793812880658296e-01 5.836367577597365575e-01 1.055960317208059634e-01 4.604621729636783622e-01 4.892141624083163332e-01 7.567497815354440327e-01 7.037201213450321458e-01 6.183129312824489077e-01 8.111220970229000571e-01 6.169932086926879222e-01 1.248081103598128322e-01 8.219110530221998001e-01 4.266091145648175931e-01
4.910989208624133018e-01 5.097701420486919766e-01 9.524903249061825727e-01 6.434889535087661150e-01 9.210694922192704803e-01 8.014374310373446886e-02 8.574752627387660642e-01 1.043339480186221913e+00 8.631210824197795839e-01 1.768326956454369658e-01 2.200415872060355604e-01 3.236197663808249581e-01 1.436187479018619650e-01 1.080004318096449839e-01 1.024455684276585760e-01 2.629067869598942786e-01 2.995648282276802132e-01 1.047209780845381077e+00 1.179493608385453057e-01 7.109503805511434571e-01 9.886946524996429453e-01 8.481483991740683681e-01 2.673684020869078748e-01 7.364368310803158790e-01 6.052659851450122031e-02 9.210249969726476416e-02 4.988782311693764071e-01 9.012673789000980040e-01 2.062202984346890866e-01 9.386362055672723415e-01 8.032167227234353613e-01 2.105393249486410823e-01 9.326489436314752135e-01 3.310207481448947386e-01 1.045978250502342499e+00 5.600618649715952690e-01 1.315437544801986713e-01
7.138668164993260401e-01 1.570322208770476569e-01 2.323630342909443480e-01 4.359370320714685554e-01 6.589913843016319550e-01 5.606906347422057069e-01 1.010061667468842961e+00 8.450866003407232485e-01 4.442590600840354287e-01 2.430418649730936020e-01 5.645425793559187833e-01 8.401160862577623512e-01 1.719839332385051933e-01 8.789520441328718681e-01 3.201195632405478553e-01 5.521401635451209655e-01 3.460845652543032558e-01 3.177786461900751758e-01 9.093243700251452122e-01 6.239849959284775593e-01 9.341074664184038090e-01 8.362469171126093448e-01 2.780764777757627759e-01 5.165794759467863539e-02 2.827337877560932022e-01 3.647918019515367649e-01 8.889498753399850406e-01 9.549566516961101315e-02 4.084217858682442359e-01 1.591334858772441296e-01 9.201303182926645619e-01 9.547513106534679661e-01 8.336886431663301789e-01 8.338515091867244600e-01 1.358083381981506910e-01 1.368483369250138026e-01 2.112530734976422742e-01
2.532078736430549148e-01 2.261644467095139110e-01 8.103761625905167021e-01 8.417489286593479170e-01 8.924451531124212300e-01 7.765360966141883203e-01 4.606749467115505703e-01 7.853554574408773137e-01 8.971170686303642228e-01 1.008695725591214343e+00 4.110901725551730501e-01 3.792161118405578679e-01 1.017594322833833109e+00 2.482232311257854263e-01 6.535997105883013802e-02 6.628426735069132825e-01 5.024814615507801063e-01 6.741917760167200901e-01 1.643073922052376568e-01 5.231914047452125294e-01 9.107057754313321318e-01 7.864478083283076293e-01 1.100752834620347259e-01 8.844617625327791943e-01 1.042010703932811033e+00 8.964366034821997786e-01 1.944967370241587612e-01 2.172946184811930803e-01 6.009050586541041516e-01 9.259582296956194725e-01 7.059463209857927968e-01 5.952932095427949655e-01 2.784745277793630458e-01 1.389295179955818971e-01 3.296835921561367955e-01 1.513110208494116704e-01 2.193320410703993306e-01
1.963454763720255403e-01 6.374206608068504476e-01 2.903254629707468504e-01 7.088137294638573449e-01 1.223810181873705299e-01 3.151697974122359969e-01 3.273310904957250078e-01 3.998586977082005389e-01 3.642192852025742389e-01 1.388664548737395532e-01 6.277138391636616355e-01 1.842395680009932257e-01 3.073979649477576737e-01 9.195724312694100178e-01 2.668929943091932766e-01 1.015891961248860609e+00 9.808364102647091354e-01 7.754250828933603179e-01 2.125898238489846714e-01 4.014173253846592959e-01 1.300173204771827851e-01 1.217679824237297287e-01 9.127379296648762130e-01 8.028712279228975568e-01 8.505291111130280912e-01 9.442365509330553630e-01 4.266710388165780299e-01 7.153680317028826563e-01 5.266346422951513340e-01 5.208723816082870828e-01 8.143988026889628085e-01 6.385865866187234730e-01 1.966483194152935376e-01 8.484418674200686628e-01 7.773022413270574971e-01 9.089655100256095743e-02 6.071405043165284399e-01
4.711523430293017012e-01 4.104044554438111558e-01 8.269913643172644990e-01 8.405647481197245918e-01 3.869138856855695585e-01 5.653623200319719544e-01 7.539690627534425538e-01 2.951106309926885829e-01 3.323774206957358923e-01 1.369745634199304729e-01 8.188116856122813481e-01 1.043842770658482522e+00 5.957192731984632950e-01 7.858783371472837231e-01 9.164003749907341512e-02 5.866256891978166577e-01 6.216591838214051702e-01 9.172661094025698347e-02 7.861436624582760491e-01 1.051506463308716360e-01 6.204982043841781314e-01 7.727641215486572568e-01 2.854176255603653733e-01 7.659297819605327406e-01 5.979125465074434098e-01 2.086509836919749339e-01 1.263039324251606366e-01 1.040030148432807389e+00 8.846290612379471563e-01 7.312003543107521708e-02 6.670740850822780565e-01 4.293274213248629567e-01 1.298433634958045535e-01 2.056995137399684759e-01 7.478207776106691185e-01 4.573820241719284696e-01 8.111581749576964873e-01
7.399077355314550575e-01 1.215150108191428019e-01 8.390428058083660989e-01 4.909345552503007748e-01 4.163046925964226097e-01 1.569603760737387499e-01 1.304316779608628019e-01 2.445364128430712047e-01 1.581402274539870922e-01 8.425424255257117911e-01 1.048589899497166966e+00 3.017599436824412451e-01 7.723969132743738752e-01 7.805306234337259230e-01 2.585627469324009442e-01 7.070510351849241815e-01 1.695657745022490226e-01 4.656732924424731856e-01 5.486920965619171975e-01 4.522395459491645453e-01 4.992245170418176392e-01 1.365348493012940589e-01 3.753931215186127601e-01 8.068311607892134640e-01 2.596234075958406273e-01 4.655110312441917420e-01 5.461956529203592092e-01 8.110422550314340118e-01 6.400231044370775502e-01 6.298255691240288723e-01 3.936967258486757104e-01 3.128395736733023402e-01 8.143765015634905069e-01 6.285830587769315470e-01 7.927828884788080677e-01 4.180872790034719233e-01 9.429192934648562563e-01
3.333929400700525458e-01 1.942973488642635860e-01 8.300433037389396418e-01 3.266249297892210302e-01 9.224779488878577238e-01 1.454625416607310817e-01 2.173305551476058528e-01 5.324993365913273102e-01 6.713127440843457139e-01 9.381955095946474810e-01 9.386465267303963078e-02 1.131831297814522436e-01 3.257300909990328841e-01 7.513564072684215944e-02 8.394559450312581994e-01 1.535205144443855807e-01 4.610452009089269221e-01 5.414059933602168861e-01 7.052149954228643658e-01 7.247244755842161545e-01 5.338299270139792441e-01 7.588060275629714413e-01 2.469204378818205536e-01 3.199561560276472094e-01 9.771725152880850196e-01 8.938812162048137555e-01 8.516171190654939771e-01 6.422326140650879145e-01 6.082448859306580635e-01 6.363685747095704226e-01 6.417448869659255761e-01 7.262212182287628437e-01 6.729619606697119227e-01 2.672825355590508489e-01 1.173739318119470659e-01 3.455392604315508653e-01 7.730467694837366288e-01
2.038167113862720536e-01 9.155190211734834937e-01 1.179269241684358233e-01 3.810539653008667149e-01 6.211569819930266023e-01 6.181905152640954082e-01 7.622493757003355741e-01 1.498083018454521853e-01 7.655443165207871659e-02 2.706570266210073794e-01 5.633842225442964313e-01 9.589227339183374887e-01 8.019224068079571222e-01 7.229312709857097508e-01 7.629607945759573351e-01 1.023317112564649634e+00 5.088342073505814911e-01 9.989435336720471348e-01 4.562593624709884721e-01 2.774832913999149553e-01 5.852713927255477344e-01 8.224668225659315102e-01 7.899287144370655822e-01 1.340076591852810695e-01 4.380844222734307514e-01 9.761578544664956114e-01 5.835229374216962528e-01 5.870527238833972428e-01 6.004795485310912007e-01 8.747698206925400566e-01 7.073815211430884986e-01 6.539801159151857890e-01 9.564173485156063359e-01 1.022602755540556352e+00 9.434565428298488099e-01 2.746183783233230868e-01 1.817600390844848479e-01
7.807162788734515191e-01 4.879992246777490883e-01 3.201795449402899396e-01 6.476797615620344395e-01 8.793330498097282621e-01 7.532293138188102255e-02 5.689173606441096931e-01 5.502102225399519986e-01 1.632033159549501344e-01 8.512376718740495285e-01 5.703165567756428578e-01 1.045205525070190156e+00 9.070619348547938054e-01 9.035268164412670888e-01 6.738708134762676494e-01 4.799286617092285989e-01 3.935984514105103638e-01 4.310711483023350055e-01 3.571784154507236519e-01 5.721555680995474846e-01 6.903422947495442275e-01 9.210255645995033547e-01 4.057550388144606779e-01 1.533402285281924571e-01 5.959814873980711081e-01 1.042596631683746056e+00 5.596249828510565516e-01 5.699416699444564971e-01 5.850740175593698300e-01 7.158843740083992158e-01 4.914837554051459390e-01 6.755321178218743894e-01 6.135788403444394357e-01 5.044669230841362095e-01 4.341345846386133744e-01 7.758158667610630665e-01 8.022043819788580166e-01
6.389304779854254601e-01 9.710507639234422506e-01 1.021106622261310104e+00 2.321078098238026910e-01 4.748005301417764223e-01 3.066205061129679277e-01 4.148379383085210592e-01 7.326604046225752009e-01 8.053631452710134919e-01 2.670012021789869849e-01 7.595248380105399377e-01 8.180394900785346035e-01 1.558733077419254820e-01 1.005788143579882110e+00 4.030056296319501352e-01 8.511923006882136100e-01 2.828820932929239640e-01 2.790375646702000778e-01 8.345422753480129519e-01 6.518732905825610491e-01 4.571531128021373847e-01 1.044362884262779678e+00 5.941798137183491868e-02 4.026511787219309579e-01 7.649980829413925987e-01 4.317886729389331379e-01 8.503419890871924958e-01 9.363670712949606623e-01 7.423393284865860142e-01 9.669154773385546520e-01 3.046152700568579008e-01 9.225885839852883130e-01 1.342461387368742431e-01 4.025471245882965010e-01 6.793706925247119388e-01 3.987202071560528860e-01 7.037465915543360540e-01
2.864693901587071490e-01 7.271898498745812400e-01 7.915891431836854508e-01 1.375132523000923146e-01 7.320719754892875131e-02 7.174267678851751207e-01 7.473216205891638486e-01 5.392497488585108745e-02 2.679612492937519241e-01 5.647283493300022661e-01 7.533200552766455838e-01 2.322369581587442888e-01 7.351295824697697823e-01 2.418953052567350270e-01 3.670638773794835941e-01 8.606097079579945186e-01 6.593634596745453491e-01 3.854122432139561183e-01 1.295539259298982837e-01 1.138080290639662123e-01 7.328465635711073345e-01 6.371773885092640866e-01 5.316909752341105744e-01 8.841578304864728954e-01 9.170097724259824723e-01 7.107461942822160816e-01 6.406780235122562506e-02 5.968434421515429467e-01 6.032766438203486237e-01 9.144816889265260373e-01 1.811653729844704963e-01 3.308089521268350874e-01 6.772092963029818780e-01 1.092424234803179434e-01 9.457987677301449292e-01 1.021415308363444963e+00 1.019902525404199789e+00
7.212243836702922906e-01 6.418319919124155781e-01 8.300894374537242104e-01 7.965187708567925684e-01 9.271748136467657941e-01 1.038478024367102570e+00 1.836235470502278200e-01 6.292115371352513531e-01 8.310353245526914678e-01 2.713422901120863817e-01 9.852368720971477201e-01 4.925264189841195850e-01 3.030923686773591696e-01 5.432208348268054987e-01 5.146227681336450477e-01 1.045974270726450994e+00 3.447863535334999008e-01 1.024837128338474734e+00 1.673129314268413936e-01 1.933902539564371081e-01 4.456342762148224890e-01 1.614663907754664840e-01 1.012471964890409720e-01 7.840554178965726539e-02 1.001984419556641637e+00 7.882979892873691607e-01 7.528175313392211354e-01 8.418232300447929806e-01 4.105710683261195038e-01 8.779584107301454665e-01 5.546854124928495278e-01 6.616242247877950344e-01 5.845285584949129198e-01 1.322342100106431162e-01 7.213417562164150532e-01 8.574576712801407208e-01 1.733867946297130147e-01
9.584588320755110802e-01 7.421892186522386359e-01 8.530141695383754996e-01 9.162274215744242722e-01 3.729675847652565435e-01 1.201820400955089935e-01 5.383198632290171759e-02 6.573074460498441463e-01 1.028030669121979601e+00 7.922571558066807684e-01 7.746183517260214757e-02 1.002084739853781103e+00 2.807618037780399978e-01 7.549997364229772412e-01 2.935936206731712406e-01 5.205599662380134829e-01 6.840940372626243271e-02 7.793678557993908296e-01 2.330704098302365801e-01 5.829031533657473840e-01 9.799017964575863493e-01 7.757166280162252070e-01 6.749363739839456811e-01 6.501679680542806761e-01 2.458098842858325583e-01 3.973484290645675210e-01 1.600456743775530710e-01 9.732791837398085955e-01 7.076886122690730918e-01 1.458951313656944859e-01 9.564257013776030769e-01 3.622064947409669444e-01 7.030170699154062453e-01 4.076259037587056100e-01 1.023167551136258568e+00 3.041406055035659750e-01 1.086524130679132477e-01
2.711740985459387132e-01 4.485657952132562909e-01 4.112164417696212992e-01 6.153612509299254407e-01 3.259534888613013215e-01 6.900553359295864830e-02 3.726074785896985042e-01 5.481891886336461850e-01 4.981757232207690289e-01 9.699784656084039502e-01 8.793572399232864045e-01 2.175319730516317995e-01 1.039140168007945286e+00 8.041372820299008684e-01 8.962366773695996658e-01 7.093215710531900475e-01 2.739112815094000841e-01 8.241572375662139516e-01 9.609153462113320110e-01 3.128367728945498638e-01 2.228625020236364995e-01 1.279557650984785577e-01 4.816170999979286216e-01 6.213321479283347160e-02 7.902406542736790940e-02 3.722722661710090031e-01 4.538408725630396767e-01 5.750560642993977067e-01 9.463762520587424287e-01 5.252598445282516959e-01 2.939443684234958609e-01 4.776208182475207287e-01 5.467712002675301219e-01 5.676166420382450228e-01 4.865702021177428782e-01 4.226668602260673091e-01 4.705427770233568396e-01
1.249036822124362650e-01 4.891619509346824546e-01 5.265866253411589648e-01 8.036673980345012680e-01 3.042643248144690227e-01 6.156719650439053115e-01 6.334962525032235281e-02 7.731996531408479312e-01 5.521274647968469340e-01 3.965984407755158148e-01 7.886974382395507410e-01 5.171249460172664403e-01 7.833348907368758995e-01 1.096706032828125982e-01 1.042136856051923521e+00 6.816094376052164172e-01 5.514092525718812254e-01 9.141162022869616655e-01 6.534858859149006438e-01 2.032864886759355172e-01 9.249125852049311369e-01 9.293293594225452425e-01 4.020770100262266999e-01 9.538902176703518976e-02 9.381024010261340695e-01 2.436977959929999549e-01 9.708877345568486250e-01 7.452873817459190198e-01 5.538628291879380550e-01 2.947094357500488759e-01 4.959365933312708807e-01 7.379291574586026581e-01 5.910319787297597938e-02 3.486005688711733552e-01 1.389391596873386647e-01 6.873499472049550141e-01 6.885198656194233546e-01
1.135406557578436254e-01 2.241893234189506479e-01 9.214009632331861266e-02 7.980847285371881483e-01 1.507557413255951606e-01 5.258381507045568615e-01 3.511709924833067986e-01 7.763637612654268605e-02 4.171889951771238780e-01 4.931641600207624099e-01 9.105633422343025751e-01 7.252143432537436762e-01 9.927717296411960879e-01 6.278051060680183149e-01 4.415257194249594952e-01 9.016036483530623924e-01 3.625856362241815511e-01 2.999819753951035728e-01 6.067411253176461239e-01 8.701315272805622003e-01 3.888352237659911670e-01 8.503228423227600363e-02 1.003714250334518443e+00 4.886285656487762696e-01 8.868718122450671704e-01 2.496247111824753673e-01 1.582926658926078756e-01 4.137752320212154111e-01 5.009902339467495747e-01 8.493006254549233525e-01 9.636225762527997896e-01 8.298920386919121928e-01 1.931784542703767760e-01 5.024532427096866094e-01 2.807209967067351708e-01 7.908384298556874192e-01 9.313376003825381000e-01
