output_new_topo_ddd_2/topo_0_yrs_soil__depth.asc
ncols 300
nrows 100
xllcorner 0.0
yllcorner 0.0
cellsize 10.0
[rows 0 to 16 of 100, columns 111 to 147 of 300]
0.000000000000000000e+00 0.000000000000000000e+00 0.000000000000000000e+00 0.000000000000000000e+00 0.000000000000000000e+00 0.000000000000000000e+00 0.000000000000000000e+00 0.000000000000000000e+00 0.000000000000000000e+00 0.000000000000000000e+00 0.000000000000000000e+00 0.000000000000000000e+00 0.000000000000000000e+00 0.000000000000000000e+00 0.000000000000000000e+00 0.000000000000000000e+00 0.000000000000000000e+00 0.000000000000000000e+00 0.000000000000000000e+00 0.000000000000000000e+00 0.000000000000000000e+00 0.000000000000000000e+00 0.000000000000000000e+00 0.000000000000000000e+00 0.000000000000000000e+00 0.000000000000000000e+00 0.000000000000000000e+00 0.000000000000000000e+00 0.000000000000000000e+00 0.000000000000000000e+00 0.000000000000000000e+00 0.000000000000000000e+00 0.000000000000000000e+00 0.000000000000000000e+00 0.000000000000000000e+00 0.000000000000000000e+00 0.000000000000000000e+00
4.999491348292036896e+00 4.997085613606425447e+00 5.001141061806553267e+00 4.998234028924517958e+00 4.997839024654846085e+00 5.000837449534936141e+00 4.998879010791980271e+00 4.996915717947143953e+00 4.997019789965612802e+00 5.001874846963366927e+00 4.997018796186649681e+00 4.995776356191804268e+00 4.996890054439290907e+00 5.001408195727645278e+00 4.996597134560541775e+00 4.999366456152301907e+00 4.999316050998793060e+00 5.002141929715076429e+00 5.000277026657967028e+00 4.996549694909034223e+00 5.001717577246084900e+00 4.996191124226697866e+00 4.999440273092337961e+00 4.999265575012610263e+00 5.001430367703290969e+00 4.996956194776514870e+00 4.999578062578629023e+00 4.997680990789422850e+00 4.998535361370826990e+00 4.995905206703244339e+00 5.001562547447555573e+00 5.000554534575754495e+00 4.999076571306085626e+00 4.999234768432825327e+00 4.999677407786093042e+00 4.995751146625615036e+00 4.998617613098613077e+00
4.994457786833049084e+00 4.997192344293710953e+00 5.002150253388207624e+00 4.998513863998481632e+00 4.998480565238136109e+00 4.999253526919006596e+00 4.995863544186228467e+00 5.002901656952627008e+00 4.995848728605480460e+00 5.000738356207136803e+00 4.995586479295446303e+00 5.002258549990970415e+00 4.997654316028164345e+00 4.997972529580750667e+00 4.999090839474929382e+00 4.996204522769307488e+00 4.972134989564934493e+00 4.996911235911132287e+00 4.999105663904224173e+00 4.999256984642198809e+00 4.989875802710594499e+00 4.995934486722742207e+00 5.001928205909158542e+00 5.000094117587790876e+00 4.990246282426682001e+00 4.998929189680161755e+00 4.999085244655173454e+00 4.999107969824078346e+00 4.999886039514318981e+00 4.996959010685876557e+00 4.995210057731052977e+00 4.996142780489249091e+00 5.000566826006712873e+00 4.996507676596207759e+00 4.999038870515988719e+00 5.003688009000590853e+00 4.994570058095644249e+00
5.003245263375180940e+00 4.997217308236225008e+00 4.997860480773400838e+00 5.002179975535363532e+00 4.997276489451986770e+00 4.996538125921635043e+00 5.000853389840877128e+00 4.997279107054627190e+00 4.996185128430954414e+00 4.995627601712556043e+00 5.003236451896420967e+00 4.996346780207890248e+00 4.995998294700352282e+00 4.997440551727856395e+00 4.998579235584561076e+00 4.996824860931178947e+00 5.004279537300872605e+00 4.995255604612224509e+00 4.998594075080469601e+00 4.990194115149279241e+00 4.996307398886891349e+00 4.998369817630411660e+00 4.996170200973505615e+00 4.996430710524884411e+00 4.998862350214131389e+00 5.002276703516352896e+00 4.998616797415596835e+00 4.998437261858303060e+00 5.000793956066744705e+00 4.999043284777085816e+00 4.999574284432470428e+00 4.999126179968332195e+00 4.997016462588909747e+00 4.999910242069697475e+00 5.002765450322847585e+00 4.997136766747781955e+00 4.997021885930585050e+00
4.996660963611869732e+00 4.990887576991548613e+00 4.998250517883167987e+00 4.999053335476135729e+00 4.995651465367075161e+00 5.003477052403052738e+00 4.997959405675558742e+00 4.996399418204603649e+00 4.996649657876343298e+00 4.997184480232202297e+00 4.998120391288560782e+00 4.998000550346300308e+00 5.001730506273680099e+00 5.001246473469777243e+00 4.996012922698371383e+00 5.002626442184479494e+00 4.998741356814029757e+00 4.998850142581397371e+00 5.002519126274443728e+00 4.997180172019040967e+00 4.998122038232203579e+00 4.999050232936709470e+00 4.997021356926643065e+00 4.996936439072346303e+00 5.002214831540283235e+00 4.997516067298203524e+00 5.002840630396060639e+00 4.996609970176304927e+00 5.000404357662591615e+00 4.998186538529462375e+00 4.996769902412840914e+00 4.997895685266374066e+00 4.999289938237676090e+00 4.998358379358634807e+00 4.998080669677669619e+00 4.997793959327407443e+00 4.998880461347930293e+00
4.996126936524731832e+00 5.002335504098557095e+00 4.996394878672725248e+00 4.998358753816877886e+00 4.997668490840671218e+00 4.996896028953298874e+00 4.996823449727575195e+00 5.003271696801957269e+00 5.001889691010975802e+00 4.999903098757173758e+00 4.997557875939133254e+00 5.001350944429587386e+00 5.000900560413797713e+00 5.000727238432544297e+00 4.996754156083072829e+00 4.965699930264533712e+00 4.996351446751591041e+00 4.998681401744409669e+00 5.002652509836023498e+00 4.996854722814094707e+00 5.002913810000854333e+00 4.998188974255757699e+00 5.000709313486837893e+00 4.997902472412278918e+00 4.998003937963922283e+00 4.996322655638613774e+00 4.996987662111607165e+00 4.993988464815616091e+00 4.999456127031773889e+00 4.997145414905928007e+00 5.002804623967762154e+00 5.000582618973847815e+00 4.998788865065245446e+00 5.001268369261508973e+00 4.997565684276581877e+00 5.000251413078601992e+00 4.998072306875536164e+00
4.995743901605800730e+00 5.002235800087403206e+00 5.000663958258347641e+00 4.998745650177999877e+00 4.997974046162518391e+00 4.996519619050411087e+00 4.999434608712963524e+00 4.997448073307110938e+00 4.996538439901597961e+00 4.998680772878282497e+00 4.997870928363781218e+00 4.998299882699949848e+00 4.999742595946369939e+00 4.996658820429895620e+00 4.998418936598795881e+00 4.997933503626648566e+00 4.979437541162338832e+00 4.998263889870976584e+00 4.999809951394764695e+00 5.002239417172391178e+00 4.998043116970394273e+00 4.991143314145748633e+00 5.002597180465055082e+00 4.998747717262639334e+00 4.996910696329095458e+00 5.002377059019515571e+00 4.998381702421241357e+00 4.996670795491306549e+00 4.998359896193088403e+00 4.999252987147051464e+00 4.997251612246545349e+00 4.999095461318884936e+00 4.997796829361439208e+00 4.995054521151140570e+00 4.995307701212372109e+00 4.996360436332082600e+00 4.996624693414133844e+00
5.002641513594662470e+00 5.002167664372818123e+00 4.998833049196957035e+00 4.998699703226022528e+00 4.996663724620431069e+00 5.003348017459376962e+00 4.996441631408378825e+00 4.997256599930974375e+00 4.998670531122530569e+00 4.996656765291800362e+00 4.996620115776458704e+00 4.996875726519715677e+00 4.999127696759812167e+00 4.997108606606145642e+00 5.000832501644073780e+00 4.999186937995334645e+00 5.003995350696936129e+00 4.998899628154537922e+00 4.999252687917552507e+00 4.996662395433105530e+00 4.995824634993741853e+00 4.998390668298656081e+00 4.998094351465293350e+00 4.985844636117950479e+00 5.002065406380777013e+00 4.997760314055037512e+00 4.998948986984879106e+00 5.001815425868366916e+00 4.996541347930410382e+00 4.996814366758982828e+00 5.002514898154036160e+00 4.999234949215549229e+00 4.996433871266639848e+00 5.001018928653492068e+00 5.002894089801386279e+00 5.001786374520440503e+00 4.997301428048690042e+00
4.997444747644247620e+00 4.997772934023112512e+00 5.001361087827030261e+00 4.997746174710961498e+00 4.997092557048167905e+00 4.986542856919295552e+00 5.003227647859533889e+00 4.991025589407104945e+00 5.001402350591337864e+00 4.997306413768704658e+00 4.997066789917043117e+00 5.002282478765701867e+00 4.997055668958565455e+00 4.997918906679597484e+00 4.998227071354667039e+00 4.995595369112965756e+00 5.004121202469968388e+00 4.998960317827911837e+00 4.995817821162624739e+00 4.996575537303383108e+00 5.002935876832909301e+00 4.998272866369852352e+00 4.999047167348445342e+00 5.002209294325020039e+00 4.999353671086746331e+00 4.998061819220216861e+00 4.999829994234535668e+00 4.996612437544001750e+00 5.001250708269972201e+00 4.999084074690358648e+00 4.996182428222458505e+00 4.993285780353959424e+00 4.997767824262444591e+00 5.002620618840364131e+00 4.997270998895898764e+00 4.999551187143276287e+00 4.998897134901293171e+00
4.995467903226076700e+00 5.003761392354135751e+00 4.998540436728419856e+00 4.998955294319740617e+00 5.003518051120056320e+00 4.997770154168617474e+00 4.998850536469401362e+00 4.996264324062972939e+00 5.000069109507989218e+00 4.998440277114065466e+00 4.998059503761039579e+00 4.997614790184435662e+00 4.998373603309730129e+00 5.002805635281103669e+00 4.995716145545631370e+00 4.998677617170321774e+00 4.999122679651073042e+00 4.978121157844113576e+00 5.003636515472638990e+00 4.998232979821979782e+00 5.001905785169491025e+00 4.996126322699948830e+00 5.001941191770653994e+00 4.996731176638676608e+00 4.999756824993048632e+00 4.998154396700141611e+00 5.000182106092652567e+00 4.995663147425886130e+00 5.002335591340957066e+00 4.997717722383197447e+00 5.000065868626453636e+00 4.981039305426379293e+00 5.003375538819602397e+00 4.982313815744774388e+00 4.997870766093790884e+00 4.998514283996662755e+00 4.997052951320396730e+00
4.998482255381992978e+00 4.995274272482193467e+00 4.996963735561968711e+00 5.003472019719277242e+00 4.996406418660550131e+00 4.997376870332470133e+00 4.996621382357131047e+00 5.002882572586470289e+00 5.000097249322333681e+00 4.997027646211410712e+00 4.997520722368813395e+00 4.998073021829516627e+00 4.998078561238061823e+00 5.001579393060007206e+00 4.999275811210079468e+00 4.999023956193906493e+00 4.997270110658056375e+00 4.999109866160397431e+00 4.995604889811650295e+00 4.997952397769349631e+00 5.000151755494844252e+00 4.997763825135736582e+00 5.002288312269749682e+00 4.998425745408080267e+00 4.996331710254357183e+00 4.999155872414489998e+00 4.997445769604190957e+00 4.999384432921974764e+00 4.998394075725459906e+00 5.001334621469569974e+00 5.003512958936350508e+00 4.997287953156767770e+00 4.997358206252124901e+00 5.001272605519510250e+00 4.997037279262470655e+00 5.003242333348047133e+00 4.981254906130360816e+00
5.000119612812529368e+00 4.999816175354166781e+00 5.000463582197903989e+00 4.998389959368640945e+00 4.998215895919336127e+00 4.996300660128970783e+00 4.999147499328162603e+00 4.996509319748250633e+00 4.997433453008296667e+00 4.997000650507939845e+00 5.002968917898568790e+00 4.996878697441669459e+00 4.998367134439607007e+00 4.996671571325520311e+00 5.002405857243756415e+00 5.002430469844489025e+00 4.997586843092487463e+00 5.004286868243726261e+00 4.996302302917095872e+00 4.998988855995431635e+00 4.997571579288219823e+00 5.002543262573731830e+00 5.001695936388148134e+00 4.997681224860427207e+00 4.996638617250894754e+00 5.001541666912746820e+00 5.001764758603258976e+00 4.998890654239201758e+00 4.998656743936988889e+00 5.003231012133512401e+00 4.998763157034670002e+00 4.997968606487887655e+00 4.996271062216116832e+00 5.002590684292036904e+00 4.997452596634779809e+00 4.997837200069414010e+00 4.997665040567977002e+00
5.001732551614431088e+00 5.003095976137852396e+00 4.998278097953490651e+00 4.999584183489889533e+00 4.997761502071670137e+00 5.002263894459499483e+00 4.996663739778533397e+00 4.997211954162266601e+00 4.997829097092568951e+00 4.990634598887861983e+00 4.996973436578819872e+00 4.997697674362008513e+00 4.997326733700064416e+00 5.000151382642099129e+00 4.998202761648968817e+00 5.003082623556728947e+00 4.996170807472487319e+00 4.998348824193139528e+00 4.964890160929829932e+00 4.998519692220511956e+00 4.997692553662391290e+00 4.997290138572785700e+00 4.997640710747538684e+00 5.002604729982750520e+00 4.997298987527642566e+00 4.997607406242257078e+00 4.998554708514156175e+00 4.997504146327170105e+00 4.989347926871013250e+00 5.003126448704771967e+00 4.997697673286793041e+00 4.997461296674543085e+00 4.998407813162277336e+00 5.002494717306276151e+00 4.992737253580630252e+00 4.997702081344836955e+00 4.997887474999484603e+00
4.997996866372560021e+00 4.973962826144465943e+00 5.001092694404212224e+00 4.997731100334333654e+00 5.001857579900147677e+00 4.998326603466491491e+00 4.999642893076813088e+00 5.001502818254516036e+00 4.999330859327748122e+00 4.997410103662912384e+00 4.999457819525907176e+00 4.999653362055742178e+00 4.995560024512258224e+00 4.996376211784607335e+00 5.001206674618479120e+00 4.997981221848814215e+00 4.998482488499379706e+00 4.997934456164795591e+00 4.973098136938737923e+00 4.998561098978298922e+00 4.996817694847117686e+00 4.997436550897276675e+00 4.998299691317825477e+00 4.997141015480436543e+00 4.998067017547410451e+00 4.997251721191659612e+00 4.966484098967156591e+00 5.003360307047870492e+00 4.996708071663986672e+00 4.998626212801711155e+00 5.003529120048993306e+00 4.983662600031767198e+00 5.002492521402066572e+00 5.002943335822565452e+00 4.996416468918511100e+00 5.001525283866626204e+00 4.998259010018180071e+00
5.003222880005276707e+00 4.998411762551499216e+00 5.002342645618389483e+00 4.997570021201648061e+00 4.998459511928987631e+00 4.999017803891327105e+00 4.997928386902445119e+00 5.001969796629675891e+00 5.001469074712015406e+00 4.998449692260766852e+00 4.998528353046623351e+00 5.000004210648541836e+00 5.003299397028318829e+00 4.996273466997938506e+00 4.998278256286833532e+00 4.996278925600669218e+00 4.996619173614611498e+00 4.998191082592783552e+00 4.986448716075564391e+00 5.003891309330631643e+00 4.997084612384583124e+00 4.999508489549324253e+00 4.997037216900798384e+00 4.997784534127814204e+00 4.996291653974302527e+00 5.003816572020604703e+00 4.995372655647224214e+00 4.998304538219284332e+00 4.997123449156183561e+00 4.997518801442131675e+00 4.996271699130134358e+00 5.001912669138597778e+00 4.996398524499368499e+00 4.996207776140526136e+00 4.996165490079141236e+00 4.998338456138424313e+00 4.999170051989554331e+00
4.996737127732534312e+00 4.998751473623837427e+00 4.998707456245960579e+00 4.996367168352295884e+00 4.998900344267280360e+00 4.997265668648365633e+00 4.996545193028648413e+00 5.002424250267824668e+00 5.002415480029788419e+00 4.996049593694394275e+00 4.996088473397224838e+00 4.997450365715236487e+00 4.995615453327815203e+00 4.999888440730146044e+00 4.995578589730447661e+00 5.003271593104329895e+00 5.003119499949796101e+00 4.996502338521037423e+00 4.998195439146860153e+00 4.995934248024958890e+00 4.973972201425769235e+00 4.996375996628550809e+00 5.002319220654088738e+00 4.998045703007289120e+00 5.001953033710886842e+00 4.981870429259293687e+00 5.001973819634035756e+00 5.000227762786734864e+00 5.000920580059260878e+00 4.998064798401479436e+00 4.998773273301557296e+00 5.001542861693740960e+00 4.997323423671025111e+00 4.996955238052213311e+00 4.997788900113582677e+00 5.002169815072517345e+00 4.998321595281514540e+00
5.001617060107981239e+00 5.001597112957086644e+00 5.000682438938198970e+00 4.999061089714396999e+00 4.997414205158836609e+00 5.001519208879629197e+00 4.998166874556934758e+00 4.999607622972304988e+00 4.998056673562108365e+00 4.996138806636067464e+00 5.003594481505960090e+00 4.997412006696897890e+00 4.998658445957452123e+00 5.000555833099641134e+00 4.997057638763379828e+00 5.002207112851159820e+00 4.995784624478665670e+00 4.998991802339454615e+00 5.004266505972728041e+00 4.997429354452489036e+00 4.991588756710381602e+00 4.999507308974481923e+00 4.997920761501056575e+00 4.998683353081519343e+00 5.003478154889024587e+00 5.001639120784806103e+00 4.996747127068102756e+00 5.000853351362028576e+00 4.995955133636059031e+00 5.002112393966626769e+00 4.995514383159169292e+00 4.998021579318243646e+00 5.000918174860949250e+00 5.001917533900919643e+00 4.997528193790515161e+00 5.002792761738580118e+00 4.996161939785164208e+00
