topo142x109.asc
ncols        142
nrows        109
xllcorner    850.000000000000
yllcorner    75.000000000000
cellsize     1.000000000000
[rows 18 to 35 of 109, columns 80 to 119 of 142]
4.0761213302612304688 4.2237482070922851562 4.376781463623046875 4.5285334587097167969 4.6657805442810058594 4.766815185546875 4.8004860877990722656 4.7485628128051757812 4.6304140090942382812 4.4760456085205078125 4.3074469566345214844 4.1388683319091796875 3.9781858921051025391 3.8287472724914550781 3.6910266876220703125 3.5639047622680664062 3.4456489086151123047 3.3348653316497802734 3.2305462360382080078 3.1319909095764160156 3.0355222225189208984 3.1000680923461914062 3.1633915901184082031 3.2281196117401123047 3.2943549156188964844 3.3622620105743408203 3.43204498291015625 3.5039572715759277344 3.5783011913299560547 3.6554300785064697266 3.7357463836669921875 3.8197062015533447266 3.9078280925750732422 4.0007066726684570312 4.0990357398986816406 4.2036299705505371094 4.3154554367065429688 4.4356451034545898438 4.5654954910278320312 4.7064104080200195312
4.095066070556640625 4.2429747581481933594 4.3956317901611328125 4.5455040931701660156 4.6781830787658691406 4.77028656005859375 4.7885565757751464844 4.7200284004211425781 4.5941162109375 4.4372897148132324219 4.269496917724609375 4.1036128997802734375 3.9466862678527832031 3.8016040325164794922 3.6685156822204589844 3.5457882881164550781 3.4304563999176025391 3.3210709095001220703 3.2170152664184570312 3.1181309223175048828 3.0217275619506835938 3.0867452621459960938 3.1507127285003662109 3.2161841392517089844 3.2832083702087402344 3.3519175052642822266 3.4225001335144042969 3.4952051639556884766 3.5703406333923339844 3.6482706069946289062 3.7294158935546875 3.8142554759979248047 3.9033362865447998047 3.9972863197326660156 4.0968365669250488281 4.2028441429138183594 4.3163180351257324219 4.4384303092956542969 4.57050323486328125 4.7139348983764648438
4.1034197807312011719 4.2513813972473144531 4.4038839340209960938 4.5524020195007324219 4.6814045906066894531 4.7662110328674316406 4.7720842361450195312 4.6903462409973144531 4.5580186843872070312 4.3989386558532714844 4.231536865234375 4.0676693916320800781 3.9138786792755126953 3.7730333805084228516 3.6457238197326660156 3.5306375026702880859 3.4202470779418945312 3.312976837158203125 3.2087845802307128906 3.1076271533966064453 3.0079755783081054688 3.0738215446472167969 3.1387839317321777344 3.2052786350250244141 3.2732670307159423828 3.3428549766540527344 3.4142346382141113281 3.4876699447631835938 3.5634894371032714844 3.64208221435546875 3.7238965034484863281 3.8094427585601806641 3.8993022441864013672 3.9941396713256835938 4.0947246551513671875 4.2019548416137695312 4.3168783187866210938 4.4407019615173339844 4.5747685432434082031 4.720462799072265625
4.0996999740600585938 4.2488722801208496094 4.4021921157836914062 4.55036163330078125 4.6770462989807128906 4.7569036483764648438 4.7553343772888183594 4.6700119972229003906 4.5335559844970703125 4.3716859817504882812 4.2027173042297363281 4.0381360054016113281 3.8842597007751464844 3.7441744804382324219 3.6193327903747558594 3.5255312919616699219 3.4240539073944091797 3.3211233615875244141 3.2186942100524902344 3.1127572059631347656 2.9940524101257324219 3.0622563362121582031 3.1290788650512695312 3.1969978809356689453 3.26604461669921875 3.3364419937133789062 3.4084687232971191406 3.48244476318359375 3.5587391853332519531 3.6377778053283691406 3.7200469970703125 3.8060972690582275391 3.8965506553649902344 3.9921123981475830078 4.0935912132263183594 4.201923370361328125 4.3181934356689453125 4.4436383247375488281 4.5796151161193847656 4.7274909019470214844
4.0837531089782714844 4.236209869384765625 4.3917279243469238281 4.5406975746154785156 4.6663885116577148438 4.7431650161743164062 4.7365565299987792969 4.6473188400268554688 4.5076284408569335938 4.3432478904724121094 4.1722240447998046875 4.0055432319641113281 3.8488342761993408203 3.7041268348693847656 3.5710980892181396484 3.4536535739898681641 3.3627541065216064453 3.2614839076995849609 3.16226959228515625 3.0749075412750244141 2.979278564453125 3.0552990436553955078 3.1250069141387939453 3.1940150260925292969 3.2635331153869628906 3.3342061042785644531 3.4064393043518066406 3.4805817604064941406 3.5570197105407714844 3.6362102031707763672 3.7186825275421142578 3.8050343990325927734 3.8959338665008544922 3.9921283721923828125 4.0944643020629882812 4.2039122581481933594 4.3215870857238769531 4.4487528800964355469 4.5867791175842285156 4.7370147705078125
4.0590891838073730469 4.2162890434265136719 4.3748083114624023438 4.5252423286437988281 4.6508340835571289062 4.7259540557861328125 4.7163310050964355469 4.6244945526123046875 4.4825754165649414062 4.3162355422973632812 4.1432924270629882812 3.9743762016296386719 3.8146185874938964844 3.6652796268463134766 3.5248277187347412109 3.3883810043334960938 3.2685298919677734375 3.1607389450073242188 3.0582184791564941406 2.9569935798645019531 3.0124959945678710938 3.0689997673034667969 3.1311430931091308594 3.1966145038604736328 3.2645001411437988281 3.3343987464904785156 3.4061822891235351562 3.4799435138702392578 3.5560069084167480469 3.6348583698272705078 3.7170855998992919922 3.8033442497253417969 3.8943445682525634766 3.9908628463745117188 4.0937623977661132812 4.2040228843688964844 4.3227634429931640625 4.4512434005737304688 4.5908141136169433594 4.7427754402160644531
4.0333547592163085938 4.19377899169921875 4.3545293807983398438 4.5060915946960449219 4.6317420005798339844 4.7060918807983398438 4.6953897476196289062 4.6026644706726074219 4.4598674774169921875 4.2925734519958496094 4.1185717582702636719 3.9485137462615966797 3.7876741886138916016 3.6377978324890136719 3.4987170696258544922 3.3699214458465576172 3.2521727085113525391 3.1431725025177001953 3.0404922962188720703 2.9394478797912597656 3.0066518783569335938 3.0675189495086669922 3.1313033103942871094 3.1975502967834472656 3.2658622264862060547 3.335887908935546875 3.4074029922485351562 3.4804871082305908203 3.5557036399841308594 3.6337571144104003906 3.7153763771057128906 3.801288604736328125 3.8922300338745117188 3.9889736175537109375 4.0923657417297363281 4.2033629417419433594 4.3230581283569335938 4.4526805877685546875 4.5935382843017578125 4.7468600273132324219
4.0097994804382324219 4.1716847419738769531 4.3332157135009765625 4.4847955703735351562 4.6098871231079101562 4.6836833953857421875 4.6739950180053710938 4.5824718475341796875 4.4404387474060058594 4.273406982421875 4.0993275642395019531 3.9290814399719238281 3.7681984901428222656 3.6187162399291992188 3.4807338714599609375 3.3535363674163818359 3.2361924648284912109 3.1271045207977294922 3.0248484611511230469 2.9253809452056884766 2.9938080310821533203 3.0609428882598876953 3.1292219161987304688 3.1985566616058349609 3.2687737941741943359 3.3395400047302246094 3.4105007648468017578 3.4818773269653320312 3.5553884506225585938 3.6321439743041992188 3.7129719257354736328 3.7985687255859375 3.8895993232727050781 3.9867599010467529297 4.0908298492431640625 4.2027072906494140625 4.3234372138977050781 4.4541978836059570312 4.5962371826171875 4.7507014274597167969
3.9903764724731445312 4.1520843505859375 4.3126325607299804688 4.4625716209411621094 4.585895538330078125 4.6569042205810546875 4.6517438888549804688 4.5641865730285644531 4.424831390380859375 4.2593102455139160156 4.0859851837158203125 3.9161329269409179688 3.7555723190307617188 3.6064970493316650391 3.4689989089965820312 3.3421370983123779297 3.2245640754699707031 3.1148266792297363281 3.01183319091796875 2.9117150306701660156 2.9869837760925292969 3.0603232383728027344 3.1331088542938232422 3.2054455280303955078 3.2772619724273681641 3.3478655815124511719 3.4160664081573486328 3.4822490215301513672 3.5527324676513671875 3.6281538009643554688 3.7086937427520751953 3.7946457862854003906 3.8864238262176513672 3.9845705032348632812 4.0897679328918457031 4.2028517723083496094 4.3248171806335449219 4.4567937850952148438 4.5999684333801269531 4.7553954124450683594
3.9679367542266845703 4.1253204345703125 4.2803406715393066406 4.4241170883178710938 4.5413575172424316406 4.6221337318420410156 4.6279702186584472656 4.5481042861938476562 4.413555145263671875 4.2507061958312988281 4.0787472724914550781 3.9095926284790039062 3.7494525909423828125 3.6006901264190673828 3.4633808135986328125 3.3364171981811523438 3.2181947231292724609 3.1070299148559570312 3.0016229152679443359 2.8977222442626953125 3.0020284652709960938 3.0812451839447021484 3.1552376747131347656 3.2278454303741455078 3.2990331649780273438 3.3665690422058105469 3.4261798858642578125 3.4708423614501953125 3.5419404506683349609 3.6189289093017578125 3.7014701366424560547 3.7894837856292724609 3.8832390308380126953 3.9832308292388916016 4.0901317596435546875 4.2047777175903320312 4.328155517578125 4.4613714218139648438 4.6055574417114257812 4.7616801261901855469
3.8834018707275390625 4.0421223640441894531 4.2006506919860839844 4.3492784500122070312 4.4861674308776855469 4.5820145606994628906 4.6035947799682617188 4.5352010726928710938 4.4074730873107910156 4.248180389404296875 4.0778975486755371094 3.9094965457916259766 3.7497496604919433594 3.6012938022613525391 3.4642860889434814453 3.3375627994537353516 3.2193057537078857422 3.1072299480438232422 2.9982390403747558594 2.8823640346527099609 2.9629635810852050781 3.0324008464813232422 3.1053028106689453125 3.1784217357635498047 3.2510633468627929688 3.3195219039916992188 3.3671879768371582031 3.440013885498046875 3.5212628841400146484 3.6054205894470214844 3.6931610107421875 3.7851045131683349609 3.8819298744201660156 3.9843831062316894531 4.0932946205139160156 4.2095942497253417969 4.3343114852905273438 4.4685487747192382812 4.6133890151977539062 4.7696995735168457031
3.7669699192047119141 3.9319388866424560547 4.101856231689453125 4.2727146148681640625 4.4289112091064453125 4.5399336814880371094 4.5791478157043457031 4.5281462669372558594 4.4088411331176757812 4.2533726692199707031 4.0845184326171875 3.9164826869964599609 3.7567870616912841797 3.6084675788879394531 3.4719140529632568359 3.3462092876434326172 3.2300496101379394531 3.1224544048309326172 3.0236113071441650391 2.9370877742767333984 2.8575963973999023438 2.9347066879272460938 3.0061781406402587891 3.0812132358551025391 3.1584866046905517578 3.2371020317077636719 3.3216698169708251953 3.4159703254699707031 3.5069699287414550781 3.5979170799255371094 3.6905314922332763672 3.7860825061798095703 3.8856353759765625 3.9901773929595947266 4.1006879806518554688 4.2181797027587890625 4.3437089920043945312 4.4783530235290527344 4.62311553955078125 4.7787318229675292969
3.7250194549560546875 3.8861446380615234375 4.0528554916381835938 4.2194142341613769531 4.373565673828125 4.4958896636962890625 4.5525507926940917969 4.5155668258666992188 4.4044146537780761719 4.2533507347106933594 4.0867757797241210938 3.9199719429016113281 3.7611048221588134766 3.6135575771331787109 3.47788238525390625 3.3531916141510009766 3.2380499839782714844 3.1309781074523925781 3.0306448936462402344 2.9357399940490722656 2.8410084247589111328 2.9181394577026367188 2.9978399276733398438 3.081089019775390625 3.16533660888671875 3.2498042583465576172 3.3355360031127929688 3.4240429401397705078 3.5141255855560302734 3.60573577880859375 3.6994647979736328125 3.7961308956146240234 3.8966310024261474609 4.0018911361694335938 4.1128602027893066406 4.2305154800415039062 4.3558545112609863281 4.4898586273193359375 4.6333894729614257812 4.7869915962219238281
3.6938290596008300781 3.8525948524475097656 4.0174651145935058594 4.1826796531677246094 4.3368268013000488281 4.4609966278076171875 4.5287952423095703125 4.5016751289367675781 4.3970499038696289062 4.2499942779541015625 4.08582305908203125 3.9205491542816162109 3.7628204822540283203 3.6162970066070556641 3.4816536903381347656 3.3579957485198974609 3.2437205314636230469 3.1369063854217529297 3.0352382659912109375 2.9354252815246582031 2.8270592689514160156 2.9132013320922851562 3.0057437419891357422 3.1030638217926025391 3.193576812744140625 3.2798366546630859375 3.3648650646209716797 3.4506890773773193359 3.5379455089569091797 3.6271750926971435547 3.718994140625 3.8140921592712402344 3.9132039546966552734 4.0170941352844238281 4.1265544891357421875 4.2423992156982421875 4.3654460906982421875 4.4964599609375 4.6360368728637695312 4.7843999862670898438
3.6730897426605224609 3.8310434818267822266 3.9954195022583007812 4.1605219841003417969 4.3151249885559082031 4.4405202865600585938 4.5096049308776855469 4.4879441261291503906 4.3878779411315917969 4.2440237998962402344 4.0819802284240722656 3.918170928955078125 3.7615783214569091797 3.6160929203033447266 3.4825439453125 3.3601732254028320312 3.2475924491882324219 3.1433844566345214844 3.0465528964996337891 2.9571282863616943359 2.8780663013458251953 2.8033511638641357422 2.9545328617095947266 3.06238555908203125 3.1530015468597412109 3.2369523048400878906 3.3190696239471435547 3.4016826152801513672 3.4858839511871337891 3.5723452568054199219 3.6616430282592773438 3.7543594837188720703 3.8511080741882324219 3.9525411128997802734 4.0593523979187011719 4.172275543212890625 4.2920675277709960938 4.4194622039794921875 4.5550689697265625 4.6991934776306152344
3.6528289318084716797 3.810283660888671875 3.9743127822875976562 4.1393446922302246094 4.2943286895751953125 4.4207744598388671875 4.4918947219848632812 4.4740195274353027344 4.3772134780883789062 4.2357759475708007812 4.0753965377807617188 3.9127337932586669922 3.7569966316223144531 3.6122486591339111328 3.479442596435546875 3.3579061031341552734 3.2463080883026123047 3.143230438232421875 3.0474789142608642578 2.9582118988037109375 2.8751165866851806641 2.7840845584869384766 2.9017472267150878906 2.9917762279510498047 3.0721614360809326172 3.1499342918395996094 3.2278425693511962891 3.3071465492248535156 3.3885164260864257812 3.4724254608154296875 3.5593173503875732422 3.6496644020080566406 3.7439894676208496094 3.8428738117218017578 3.9469649791717529297 4.0569844245910644531 4.1737246513366699219 4.2980241775512695312 4.4307055473327636719 4.572437286376953125
3.6329970359802246094 3.7901601791381835938 3.9539840221405029297 4.119014739990234375 4.2743587493896484375 4.4017305374145507812 4.474590301513671875 4.45955657958984375 4.3651309013366699219 4.2254352569580078125 4.0661993026733398438 3.9042267799377441406 3.7488813400268554688 3.6043546199798583984 3.4716906547546386719 3.3502657413482666016 3.2387330532073974609 3.1355288028717041016 3.0390529632568359375 2.9475986957550048828 2.8591716289520263672 2.7687468528747558594 2.8262763023376464844 2.8910245895385742188 2.9601714611053466797 3.0322320461273193359 3.1067347526550292969 3.1836152076721191406 3.2629904747009277344 3.3450839519500732422 3.4302022457122802734 3.5187294483184814453 3.6111273765563964844 3.7079412937164306641 3.8098134994506835938 3.9175024032592773438 4.0319032669067382812 4.154056549072265625 4.2851266860961914062 4.4263453483581542969
3.6134002208709716797 3.7703568935394287109 3.9340372085571289062 4.0990891456604003906 4.25475311279296875 4.3829131126403808594 4.4572091102600097656 4.4443788528442382812 4.3517193794250488281 4.2132282257080078125 4.0546512603759765625 3.8928866386413574219 3.737407684326171875 3.5925073623657226562 3.4593191146850585938 3.3373110294342041016 3.2252418994903564453 3.1216764450073242188 3.0251390933990478516 2.9339466094970703125 2.8456523418426513672 2.7562587261199951172 2.8216965198516845703 2.8872530460357666016 2.9554462432861328125 3.0261201858520507812 3.0992054939270019531 3.1747231483459472656 3.2527873516082763672 3.3335976600646972656 3.4174320697784423828 3.5046408176422119141 3.5956454277038574219 3.690948486328125 3.7911589145660400391 3.8970370292663574219 4.009532928466796875 4.129791259765625 4.2591195106506347656 4.398921966552734375
