topo142x109.asc
ncols        142
nrows        109
xllcorner    850.000000000000
yllcorner    75.000000000000
cellsize     1.000000000000
[rows 54 to 71 of 109, columns 40 to 79 of 142]
3.9166760444641113281 4.0383157730102539062 4.1455845832824707031 4.217132568359375 4.2218265533447265625 4.1513910293579101562 4.0309429168701171875 3.8825118541717529297 3.7227246761322021484 3.5625362396240234375 3.4083197116851806641 3.2632424831390380859 3.1283726692199707031 3.0032815933227539062 2.8862628936767578125 2.7750389575958251953 2.671539306640625 2.6026968955993652344 2.6736299991607666016 2.7789740562438964844 2.8917787075042724609 3.0106449127197265625 3.1379888057708740234 3.2751476764678955078 3.4215991497039794922 3.5745303630828857422 3.7278361320495605469 3.8704395294189453125 3.9843490123748779297 4.0436778068542480469 4.0154657363891601562 3.9125678539276123047 3.7658159732818603516 3.5987253189086914062 3.4269840717315673828 3.2595698833465576172 3.1005182266235351562 2.9503786563873291016 2.8086998462677001953 2.7063970565795898438
3.911289215087890625 4.0320186614990234375 4.1384630203247070312 4.2092418670654296875 4.2131361961364746094 4.1420712471008300781 4.0210361480712890625 3.8720118999481201172 3.7116284370422363281 3.5508751869201660156 3.3961730003356933594 3.2507352828979492188 3.1156628131866455078 2.9905323982238769531 2.8736119270324707031 2.7625772953033447266 2.6593105792999267578 2.5906620025634765625 2.6631038188934326172 2.7704775333404541016 2.8854887485504150391 3.0063936710357666016 3.1353490352630615234 3.2735140323638916016 3.4202628135681152344 3.5728015899658203125 3.7252364158630371094 3.8669741153717041016 3.9808228015899658203 4.0419063568115234375 4.0180544853210449219 3.9192981719970703125 3.7756516933441162109 3.6104776859283447266 3.4397280216217041016 3.2728753089904785156 3.1147334575653076172 2.9676144123077392578 2.8328599929809570312 2.7132623195648193359
3.9024598598480224609 4.0225582122802734375 4.1288480758666992188 4.1999793052673339844 4.2046847343444824219 4.1342644691467285156 4.0135436058044433594 3.8644971847534179688 3.7038397789001464844 3.5426638126373291016 3.3874762058258056641 3.2415435314178466797 3.105983734130859375 2.9803607463836669922 2.8629229068756103516 2.7513744831085205078 2.6477501392364501953 2.5793292522430419922 2.6533193588256835938 2.7633056640625 2.8812325000762939453 3.0048871040344238281 3.1360476016998291016 3.2755446434020996094 3.4225027561187744141 3.5740745067596435547 3.7245876789093017578 3.8640077114105224609 3.9760990142822265625 4.0375790596008300781 4.0182504653930664062 3.9245295524597167969 3.7848150730133056641 3.6220488548278808594 3.4523978233337402344 3.2857446670532226562 3.1271884441375732422 2.9788608551025390625 2.8415358066558837891 2.7149269580841064453
3.8889448642730712891 4.008815765380859375 4.1158623695373535156 4.1888060569763183594 4.1964044570922851562 4.1282835006713867188 4.0090246200561523438 3.8606534004211425781 3.7000827789306640625 3.5386097431182861328 3.3828866481781005859 3.2362546920776367188 3.0998439788818359375 2.9731924533843994141 2.8545351028442382812 2.7416746616363525391 2.637035369873046875 2.5691156387329101562 2.645610809326171875 2.7596926689147949219 2.8816237449645996094 3.0087504386901855469 3.1424279212951660156 3.28302764892578125 3.4292755126953125 3.5783567428588867188 3.7250218391418457031 3.8599214553833007812 3.9678704738616943359 4.0268087387084960938 4.014247894287109375 3.9279460906982421875 3.7937552928924560547 3.6341757774353027344 3.4657998085021972656 3.2991070747375488281 3.1395909786224365234 2.9891438484191894531 2.847171783447265625 2.7125785350799560547
3.8690731525421142578 3.9895458221435546875 4.0986437797546386719 4.1751885414123535156 4.1881957054138183594 4.1244373321533203125 4.0080471038818359375 3.8611764907836914062 3.7011165618896484375 3.5395145416259765625 3.3832557201385498047 3.2357907295227050781 3.0982553958892822266 2.9701259136199951172 2.8495705127716064453 2.7344660758972167969 2.6278207302093505859 2.5605893135070800781 2.6390588283538818359 2.7577335834503173828 2.8840436935424804688 3.0143787860870361328 3.1494374275207519531 3.2889654636383056641 3.4310641288757324219 3.5734913349151611328 3.7120511531829833984 3.8387041091918945312 3.936511993408203125 4.0019750595092773438 4.0033245086669921875 3.9292466640472412109 3.8031897544860839844 3.6479358673095703125 3.4811618328094482422 3.3144927024841308594 3.1544919013977050781 3.0042049884796142578 2.864910125732421875 2.7374312877655029297
3.8403010368347167969 3.9635045528411865234 4.0764946937561035156 4.1586389541625976562 4.1798777580261230469 4.1229567527770996094 4.0111174583435058594 3.8666970729827880859 3.7076408863067626953 3.5461547374725341797 3.3894827365875244141 3.2412509918212890625 3.1026225090026855469 2.9729800224304199219 2.8503050804138183594 2.7322802543640136719 2.6222541332244873047 2.5550150871276855469 2.6325788497924804688 2.7566609382629394531 2.8876171112060546875 3.0199010372161865234 3.1536350250244140625 3.2883067131042480469 3.4188210964202880859 3.5464124679565429688 3.6691114902496337891 3.7789206504821777344 3.8847782611846923828 3.9619328975677490234 3.9835252761840820312 3.9299824237823486328 3.8153398036956787109 3.6655542850494384766 3.5003592967987060547 3.3329975605010986328 3.1711900234222412109 3.0186703205108642578 2.8767848014831542969 2.74591064453125
3.8015308380126953125 3.9310014247894287109 4.0496563911437988281 4.1388745307922363281 4.1705527305603027344 4.1230492591857910156 4.0174665451049804688 3.8765351772308349609 3.71910858154296875 3.5581536293029785156 3.4014163017272949219 3.2528192996978759766 3.1136784553527832031 2.9834258556365966797 2.8599557876586914062 2.7405354976654052734 2.6275815963745117188 2.5546042919158935547 2.6037278175354003906 2.7336747646331787109 2.8653836250305175781 2.9925472736358642578 3.1144106388092041016 3.2298524379730224609 3.3480598926544189453 3.4656164646148681641 3.5787413120269775391 3.7006998062133789062 3.8162410259246826172 3.9047694206237792969 3.9492955207824707031 3.9185307025909423828 3.8178374767303466797 3.6754229068756103516 3.5130419731140136719 3.3455979824066162109 3.1819431781768798828 3.0264043807983398438 2.8803653717041015625 2.7436778545379638672
3.7617239952087402344 3.8970363140106201172 4.0207219123840332031 4.1163282394409179688 4.1580977439880371094 4.1243810653686523438 4.0265593528747558594 3.8900251388549804688 3.7348606586456298828 3.5748877525329589844 3.4184725284576416016 3.2699856758117675781 3.13112640380859375 3.0018112659454345703 2.8806867599487304688 2.7658109664916992188 2.6567335128784179688 2.5626726150512695312 2.5399727821350097656 2.6528108119964599609 2.7885940074920654297 2.9120395183563232422 3.0238451957702636719 3.1349899768829345703 3.2462265491485595703 3.3565022945404052734 3.4809482097625732422 3.6113276481628417969 3.735034942626953125 3.8422427177429199219 3.9076626300811767578 3.9001135826110839844 3.8148205280303955078 3.681060791015625 3.5223846435546875 3.3554294109344482422 3.1902928352355957031 3.0320093631744384766 2.8821880817413330078 2.7404820919036865234
3.7283115386962890625 3.8657388687133789062 3.9913153648376464844 4.0905814170837402344 4.1423482894897460938 4.1195087432861328125 4.0298910140991210938 3.8990838527679443359 3.7475566864013671875 3.5897350311279296875 3.434574127197265625 3.2869162559509277344 3.1488230228424072266 3.0205175876617431641 2.900875091552734375 2.7877478599548339844 2.67896270751953125 2.5772502422332763672 2.5126185417175292969 2.5712950229644775391 2.692474365234375 2.8072721958160400391 2.9174985885620117188 3.0242707729339599609 3.1296563148498535156 3.24896240234375 3.3792006969451904297 3.5149495601654052734 3.6533658504486083984 3.7771229743957519531 3.8623137474060058594 3.877872467041015625 3.8094484806060791016 3.6853914260864257812 3.5310761928558349609 3.3651738166809082031 3.1993050575256347656 3.0394849777221679688 2.8877861499786376953 2.7436335086822509766
3.708881378173828125 3.8443629741668701172 3.9679427146911621094 4.0665574073791503906 4.1229228973388671875 4.1111159324645996094 4.0313477516174316406 3.9078142642974853516 3.7609722614288330078 3.6058728694915771484 3.4521868228912353516 3.3053431510925292969 3.1678349971771240234 3.0402410030364990234 2.9218356609344482422 2.8109622001647949219 2.7056751251220703125 2.605495452880859375 2.5180332660675048828 2.4917893409729003906 2.5896406173706054688 2.7021310329437255859 2.8071627616882324219 2.9085142612457275391 3.0215332508087158203 3.1428003311157226562 3.2746145725250244141 3.4218282699584960938 3.5727474689483642578 3.7116639614105224609 3.8152625560760498047 3.8529760837554931641 3.8058445453643798828 3.6922972202301025391 3.5424127578735351562 3.3775792121887207031 3.2113311290740966797 3.0511038303375244141 2.9003243446350097656 2.7604756355285644531
3.6989283561706542969 3.8281695842742919922 3.9450640678405761719 4.0347990989685058594 4.0953955650329589844 4.0977759361267089844 4.0313954353332519531 3.9174230098724365234 3.7763912677764892578 3.6243393421173095703 3.4719593524932861328 3.3254709243774414062 3.1878993511199951172 3.0601737499237060547 2.9418315887451171875 2.8313786983489990234 2.7266049385070800781 2.6254715919494628906 2.5299768447875976562 2.4641022682189941406 2.5094585418701171875 2.6016607284545898438 2.6966984272003173828 2.8047776222229003906 2.9213263988494873047 3.0291340351104736328 3.1737260818481445312 3.3308587074279785156 3.4933249950408935547 3.6464841365814208984 3.7670948505401611328 3.8253667354583740234 3.7947275638580322266 3.6904795169830322266 3.5450501441955566406 3.3818144798278808594 3.2157652378082275391 3.0553231239318847656 2.9044790267944335938 2.764728546142578125
3.6758241653442382812 3.7894949913024902344 3.8894755840301513672 3.9851338863372802734 4.0553736686706542969 4.0764150619506835938 4.0310130119323730469 3.9296991825103759766 3.7956483364105224609 3.6467082500457763672 3.4950914382934570312 3.3481132984161376953 3.2095077037811279297 3.0806484222412109375 2.9614164829254150391 2.850711822509765625 2.7468461990356445312 2.6482372283935546875 2.5548176765441894531 2.4729044437408447266 2.4377219676971435547 2.5003087520599365234 2.595691680908203125 2.7075645923614501953 2.8332300186157226562 2.9883248805999755859 3.1409039497375488281 3.2981278896331787109 3.4572072029113769531 3.6076734066009521484 3.7308194637298583984 3.8014278411865234375 3.7816309928894042969 3.6840651035308837891 3.5420534610748291016 3.3800568580627441406 3.2139606475830078125 3.0527496337890625 2.9006030559539794922 2.7587091922760009766
3.6094264984130859375 3.7097890377044677734 3.8178026676177978516 3.9203121662139892578 3.9997539520263671875 4.0419278144836425781 4.0193338394165039062 3.9332036972045898438 3.8079950809478759766 3.6632964611053466797 3.5130014419555664062 3.3656969070434570312 3.22594451904296875 3.0956046581268310547 2.9748418331146240234 2.8627474308013916016 2.7577478885650634766 2.6581184864044189453 2.562931060791015625 2.4750087261199951172 2.4169514179229736328 2.4910862445831298828 2.5977075099945068359 2.7139561176300048828 2.8395733833312988281 2.97795867919921875 3.1257679462432861328 3.2808289527893066406 3.4383902549743652344 3.5881013870239257812 3.7119867801666259766 3.7837214469909667969 3.7690443992614746094 3.6753418445587158203 3.5354135036468505859 3.37403106689453125 3.2075283527374267578 3.0452229976654052734 2.8914589881896972656 2.7474384307861328125
3.5134093761444091797 3.6215317249298095703 3.7350473403930664062 3.8431289196014404297 3.9382624626159667969 3.999423980712890625 4.0002603530883789062 3.9314632415771484375 3.8165476322174072266 3.6767554283142089844 3.5279161930084228516 3.3800992965698242188 3.2388274669647216797 3.1065039634704589844 2.9835505485534667969 2.8691437244415283203 2.7616896629333496094 2.6593177318572998047 2.5607242584228515625 2.4682347774505615234 2.4048774242401123047 2.4820485115051269531 2.5913839340209960938 2.7093186378479003906 2.8348643779754638672 2.9700479507446289062 3.1149437427520751953 3.2678856849670410156 3.4239161014556884766 3.5727412700653076172 3.6966450214385986328 3.7694356441497802734 3.757289886474609375 3.6655907630920410156 3.5266819000244140625 3.3653767108917236328 3.1982202529907226562 3.0347421169281005859 2.8794505596160888672 2.7336847782135009766
3.415523529052734375 3.5280780792236328125 3.6447453498840332031 3.7640254497528076172 3.8723936080932617188 3.9507267475128173828 3.9747595787048339844 3.9282073974609375 3.8249330520629882812 3.6902701854705810547 3.5425913333892822266 3.3937463760375976562 3.2503769397735595703 3.1155126094818115234 2.9898698329925537109 2.8727192878723144531 2.7624704837799072266 2.6572430133819580078 2.5556664466857910156 2.4597513675689697266 2.3928658962249755859 2.4716560840606689453 2.5824854373931884766 2.7015657424926757812 2.8275806903839111328 2.9620718955993652344 3.10581207275390625 3.2575483322143554688 3.4125220775604248047 3.5606055259704589844 3.6842682361602783203 3.7574570178985595703 3.7464327812194824219 3.6556177139282226562 3.5170464515686035156 3.3554921150207519531 3.1875905990600585938 3.0229957103729248047 2.8663434982299804688 2.7191069126129150391
3.3181674480438232422 3.4319357872009277344 3.5559377670288085938 3.6839108467102050781 3.8034749031066894531 3.8945586681365966797 3.9411728382110595703 3.9149127006530761719 3.8233494758605957031 3.6943686008453369141 3.5485160350799560547 3.3992714881896972656 3.25435638427734375 3.1174468994140625 2.9895977973937988281 2.8702266216278076172 2.757808685302734375 2.6505444049835205078 2.5471224784851074219 2.4493544101715087891 2.38060760498046875 2.4606299400329589844 2.5725345611572265625 2.6925060749053955078 2.8192126750946044922 2.9539287090301513672 3.0974562168121337891 3.2487072944641113281 3.4030969142913818359 3.5506579875946044922 3.6740095615386962891 3.7472076416015625 3.7365291118621826172 3.6459875106811523438 3.5074112415313720703 3.3455080986022949219 3.176929473876953125 3.0113759040832519531 2.8535389900207519531 2.7049624919891357422
3.2228188514709472656 3.3397550582885742188 3.4680247306823730469 3.6041281223297119141 3.7325303554534912109 3.8418405055999755859 3.9066040515899658203 3.8974275588989257812 3.8162126541137695312 3.6925361156463623047 3.5485775470733642578 3.3991587162017822266 3.2529666423797607422 3.1143093109130859375 2.9846160411834716797 2.8635041713714599609 2.7495622634887695312 2.6410858631134033203 2.5367634296417236328 2.4380757808685302734 2.3685400485992431641 2.4494688510894775391 2.5623955726623535156 2.6832358837127685547 2.8107612133026123047 2.9460594654083251953 3.0898277759552001953 3.2410159111022949219 3.3951420783996582031 3.5423550605773925781 3.6653852462768554688 3.7383775711059570312 3.7276384830474853516 3.6370904445648193359 3.4984259605407714844 3.3362805843353271484 3.1672728061676025391 3.0010776519775390625 2.8423519134521484375 2.6925911903381347656
3.1361258029937744141 3.2430443763732910156 3.3795917034149169922 3.5245556831359863281 3.6688699722290039062 3.7947585582733154297 3.8757474422454833984 3.8794102668762207031 3.8064050674438476562 3.6871483325958251953 3.5448172092437744141 3.3951938152313232422 3.2477557659149169922 3.1073992252349853516 2.9759619235992431641 2.8533382415771484375 2.7383184432983398438 2.6293382644653320312 2.5249958038330078125 2.4262452125549316406 2.3572378158569335938 2.4385852813720703125 2.5527257919311523438 2.6745829582214355469 2.8030369281768798828 2.9390599727630615234 3.0832462310791015625 3.2345502376556396484 3.3885543346405029297 3.5354871749877929688 3.6581614017486572266 3.7308020591735839844 3.7197802066802978516 3.6291294097900390625 3.4904563426971435547 3.3283336162567138672 3.1593329906463623047 2.9930775165557861328 2.8341319561004638672 2.68379974365234375
