topo142x109.asc
ncols        142
nrows        109
xllcorner    850.000000000000
yllcorner    75.000000000000
cellsize     1.000000000000
[rows 18 to 35 of 109, columns 0 to 39 of 142]
3.8439798355102539062 3.7367610931396484375 3.6328263282775878906 3.5321624279022216797 3.4350669384002685547 3.3423240184783935547 3.255519866943359375 3.177288055419921875 3.1108567714691162109 3.0585348606109619141 3.0154850482940673828 3.0866858959197998047 3.1784625053405761719 3.2929625511169433594 3.4262361526489257812 3.5742862224578857422 3.7345659732818603516 3.9052052497863769531 4.0835680961608886719 4.2648954391479492188 4.441131591796875 4.6001124382019042969 4.7256526947021484375 4.7992701530456542969 4.8033504486083984375 4.7487740516662597656 4.6653265953063964844 4.5718364715576171875 4.4787449836730957031 4.3866391181945800781 4.4595403671264648438 4.5198054313659667969 4.5904440879821777344 4.6823835372924804688 4.7785067558288574219 4.8784356117248535156 4.977344512939453125 5.0643477439880371094 5.1197023391723632812 5.1124835014343261719
3.8270480632781982422 3.7199466228485107422 3.6162841320037841797 3.5160303115844726562 3.4194555282592773438 3.3272862434387207031 3.2410237789154052734 3.1632220745086669922 3.0970704555511474609 3.0446693897247314453 3.0011615753173828125 3.073833465576171875 3.1674315929412841797 3.2839572429656982422 3.4193289279937744141 3.5694167613983154297 3.7315323352813720703 3.9036467075347900391 4.0829143524169921875 4.2642736434936523438 4.439258575439453125 4.595256805419921875 4.7158312797546386719 4.7828836441040039062 4.7801189422607421875 4.7220716476440429688 4.6368551254272460938 4.5416412353515625 4.4461512565612792969 4.3505015373229980469 4.4040064811706542969 4.4732685089111328125 4.5596098899841308594 4.6511006355285644531 4.7482914924621582031 4.8495340347290039062 4.9500174522399902344 5.0393052101135253906 5.0997142791748046875 5.09703826904296875
3.8160719871520996094 3.7087945938110351562 3.6049604415893554688 3.5045766830444335938 3.4079601764678955078 3.315876007080078125 3.2298107147216796875 3.1521761417388916016 3.0858170986175537109 3.0321445465087890625 2.9867913722991943359 3.0616011619567871094 3.1575171947479248047 3.2763917446136474609 3.4140536785125732422 3.5663061141967773438 3.7303659915924072266 3.9040541648864746094 4.0842823982238769531 4.2656121253967285156 4.4390535354614257812 4.5913858413696289062 4.7057161331176757812 4.7643079757690429688 4.7536177635192871094 4.6931905746459960938 4.6084265708923339844 4.5132050514221191406 4.4157004356384277344 4.3161816596984863281 4.3835740089416503906 4.454608917236328125 4.5357050895690917969 4.6256451606750488281 4.7229413986206054688 4.8253002166748046875 4.9274911880493164062 5.0187230110168457031 5.0799398422241210938 5.0808887481689453125
3.81005096435546875 3.7022569179534912109 3.5977041721343994141 3.4964454174041748047 3.3988959789276123047 3.3060126304626464844 3.2195801734924316406 3.1423866748809814453 3.0772206783294677734 3.0210673809051513672 2.9721860885620117188 3.0508821010589599609 3.1504640579223632812 3.2726106643676757812 3.4130909442901611328 3.5677900314331054688 3.7339725494384765625 3.9093799591064453125 4.0906696319580078125 4.271938323974609375 4.4435000419616699219 4.591228485107421875 4.6972017288208007812 4.7420735359191894531 4.7210440635681152344 4.6582894325256347656 4.5803408622741699219 4.4898657798767089844 4.3905358314514160156 4.2813496589660644531 4.3636007308959960938 4.4353418350219726562 4.507587432861328125 4.5981416702270507812 4.6960935592651367188 4.799472808837890625 4.9030332565307617188 4.9960165023803710938 5.0594315528869628906 5.0638194084167480469
3.8093860149383544922 3.7009694576263427734 3.5953221321105957031 3.4924216270446777344 3.3926160335540771484 3.2969090938568115234 3.2074306011199951172 3.1275892257690429688 3.0782797336578369141 3.0234100818634033203 2.9571249485015869141 3.0409553050994873047 3.1448380947113037109 3.2701029777526855469 3.4127001762390136719 3.5689046382904052734 3.7362005710601806641 3.9122955799102783203 4.09357452392578125 4.2736363410949707031 4.4420957565307617188 4.583995819091796875 4.680606842041015625 4.7118878364562988281 4.6785993576049804688 4.6124777793884277344 4.529720306396484375 4.4447836875915527344 4.3551025390625 4.2442264556884765625 4.3242707252502441406 4.38761138916015625 4.4768805503845214844 4.5698695182800292969 4.669483184814453125 4.7742390632629394531 4.8791141510009765625 4.9735140800476074219 5.0386385917663574219 5.0453577041625976562
3.8152525424957275391 3.7067377567291259766 3.6004247665405273438 3.4960353374481201172 3.3934242725372314453 3.2928252220153808594 3.1953730583190917969 3.1040706634521484375 3.0245299339294433594 2.9840536117553710938 2.9404802322387695312 3.0353083610534667969 3.1443994045257568359 3.2721211910247802734 3.4157588481903076172 3.5724039077758789062 3.7398946285247802734 3.9158947467803955078 4.0964426994323730469 4.2745490074157714844 4.4390459060668945312 4.5741515159606933594 4.660549163818359375 4.6780486106872558594 4.6336016654968261719 4.5583848953247070312 4.4739894866943359375 4.3876714706420898438 4.3045878410339355469 4.2075495719909667969 4.273632049560546875 4.3595142364501953125 4.4482159614562988281 4.5430402755737304688 4.6443285942077636719 4.7504405975341796875 4.8564372062683105469 4.9517536163330078125 5.0175275802612304688 5.0247621536254882812
3.8336873054504394531 3.7264049053192138672 3.6212344169616699219 3.5178425312042236328 3.4157073497772216797 3.3139863014221191406 3.2110025882720947266 3.1031415462493896484 2.9905722141265869141 2.913837432861328125 2.9695692062377929688 3.0481483936309814453 3.1530976295471191406 3.2793400287628173828 3.4221472740173339844 3.5782070159912109375 3.7452611923217773438 3.9207296371459960938 4.1001849174499511719 4.2759447097778320312 4.4359612464904785156 4.563568115234375 4.6390228271484375 4.6425604820251464844 4.5871186256408691406 4.5033698081970214844 4.4121127128601074219 4.3268990516662597656 4.2521300315856933594 4.1729998588562011719 4.2513461112976074219 4.3338303565979003906 4.4230446815490722656 4.5189690589904785156 4.6213655471801757812 4.7284531593322753906 4.8352122306823730469 4.9309573173522949219 4.9965715408325195312 5.002124786376953125
3.7645845413208007812 3.6576089859008789062 3.5531167984008789062 3.450992584228515625 3.3511278629302978516 3.2535028457641601562 3.1584849357604980469 3.0690405368804931641 2.9818818569183349609 2.8953120708465576172 2.9650576114654541016 3.0494697093963623047 3.1572058200836181641 3.2846353054046630859 3.4277513027191162109 3.5837900638580322266 3.7507174015045166016 3.9258296489715576172 4.1042833328247070312 4.2777099609375 4.4331340789794921875 4.552913665771484375 4.6170330047607421875 4.606868743896484375 4.5408449172973632812 4.4484467506408691406 4.3500585556030273438 4.2577586174011230469 4.1831760406494140625 4.1407485008239746094 4.2267880439758300781 4.3114752769470214844 4.4013414382934570312 4.4977107048034667969 4.600612640380859375 4.7082114219665527344 4.8153195381164550781 4.9110279083251953125 4.9760136604309082031 4.9807963371276855469
3.6399409770965576172 3.5323615074157714844 3.4280083179473876953 3.3271079063415527344 3.2303225994110107422 3.1389958858489990234 3.0553798675537109375 2.9825119972229003906 2.9231901168823242188 2.878635406494140625 2.9517786502838134766 3.0430166721343994141 3.1552457809448242188 3.2853586673736572266 3.4299886226654052734 3.5869207382202148438 3.7543733119964599609 3.9295847415924072266 4.1073775291442871094 4.2787714004516601562 4.4298892021179199219 4.5420737266540527344 4.5949587821960449219 4.5723071098327636719 4.4972319602966308594 4.3952617645263671875 4.2891907691955566406 4.1895437240600585938 4.0954694747924804688 4.1487879753112792969 4.2170076370239257812 4.2958278656005859375 4.3833131790161132812 4.4788570404052734375 4.5816292762756347656 4.6893239021301269531 4.7964115142822265625 4.8916683197021484375 4.9554371833801269531 4.9575262069702148438
3.6195342540740966797 3.5123152732849121094 3.4085540771484375 3.3083860874176025391 3.2124283313751220703 3.1220870018005371094 3.0398709774017333984 2.9691350460052490234 2.9125540256500244141 2.8648965358734130859 2.9403064250946044922 3.0347974300384521484 3.1501629352569580078 3.2827825546264648438 3.42931365966796875 3.5877058506011962891 3.75624847412109375 3.9320797920227050781 4.1097202301025390625 4.27965545654296875 4.4272022247314453125 4.5325040817260742188 4.5727992057800292969 4.5400662422180175781 4.4579782485961914062 4.3581981658935546875 4.2553439140319824219 4.1573204994201660156 4.0597662925720214844 4.1265268325805664062 4.198024749755859375 4.2773795127868652344 4.3649201393127441406 4.4605665206909179688 4.5635027885437011719 4.6712660789489746094 4.7781124114990234375 4.8725752830505371094 4.934688568115234375 4.9336533546447753906
3.6016309261322021484 3.4948441982269287109 3.3917255401611328125 3.2923414707183837891 3.1972234249114990234 3.1076803207397460938 3.0261530876159667969 2.9559617042541503906 2.8996407985687255859 2.8513197898864746094 2.9277536869049072266 3.0237030982971191406 3.1406550407409667969 3.2747511863708496094 3.4225573539733886719 3.5819826126098632812 3.7512481212615966797 3.9273502826690673828 4.1045660972595214844 4.2730245590209960938 4.4175992012023925781 4.5179643630981445312 4.5508065223693847656 4.5098819732666015625 4.4269165992736816406 4.3268332481384277344 4.2240681648254394531 4.1258482933044433594 4.0278987884521484375 4.0999765396118164062 4.175018310546875 4.2568259239196777344 4.346019744873046875 4.4427614212036132812 4.5463104248046875 4.6541728973388671875 4.7605228424072265625 4.8537507057189941406 4.9137110710144042969 4.9107837677001953125
3.5862910747528076172 3.4798619747161865234 3.3772106170654296875 3.2783486843109130859 3.1837360858917236328 3.0945904254913330078 3.0132691860198974609 2.9430584907531738281 2.88652801513671875 2.8377511501312255859 2.9148066043853759766 3.0115427970886230469 3.129413604736328125 3.2644796371459960938 3.4132320880889892578 3.5735020637512207031 3.7434070110321044922 3.9197907447814941406 4.096714019775390625 4.2640314102172851562 4.4063181877136230469 4.5030093193054199219 4.5306367874145507812 4.4850406646728515625 4.3997378349304199219 4.2982454299926757812 4.1943836212158203125 4.0951681137084960938 3.9962546825408935547 4.0733923912048339844 4.1524152755737304688 4.237552642822265625 4.3292608261108398438 4.4276204109191894531 4.5318880081176757812 4.6395821571350097656 4.7449183464050292969 4.8362951278686523438 4.891895294189453125 4.8886847496032714844
3.5733175277709960938 3.4669818878173828125 3.3644747734069824219 3.2657628059387207031 3.1712572574615478516 3.0821211338043212891 3.0006649494171142578 2.9301807880401611328 2.8733429908752441406 2.8242175579071044922 2.9016950130462646484 2.9989178180694580078 3.1173741817474365234 3.2531080245971679688 3.4025697708129882812 3.5635247230529785156 3.7339920997619628906 3.9106762409210205078 4.0874524116516113281 4.2539534568786621094 4.3945341110229492188 4.4884409904479980469 4.5119738578796386719 4.4608664512634277344 4.3728709220886230469 4.2694835662841796875 4.1640138626098632812 4.063518524169921875 3.9642746448516845703 4.0464534759521484375 4.1298251152038574219 4.2181754112243652344 4.3117036819458007812 4.4101352691650390625 4.5129070281982421875 4.61775970458984375 4.7193598747253417969 4.8074932098388671875 4.8650636672973632812 4.8659381866455078125
3.5625679492950439453 3.4560158252716064453 3.3533284664154052734 3.2544353008270263672 3.1597113609313964844 3.0702812671661376953 2.988433837890625 2.9175062179565429688 2.8603043556213378906 2.8107430934906005859 2.8885381221771240234 2.9860930442810058594 3.1049501895904541016 3.2411634922027587891 3.3911614418029785156 3.5526599884033203125 3.7235975265502929688 3.9005615711212158203 4.07727813720703125 4.2432093620300292969 4.3825545310974121094 4.4745035171508789062 4.4955945014953613281 4.4439420700073242188 4.35363006591796875 4.2473559379577636719 4.1386990547180175781 4.0349068641662597656 3.9317972660064697266 4.0297913551330566406 4.11956024169921875 4.2113513946533203125 4.3034620285034179688 4.398487091064453125 4.4962987899780273438 4.5949621200561523438 4.68962860107421875 4.7705893516540527344 4.8312921524047851562 4.8405666351318359375
3.5513417720794677734 3.4444549083709716797 3.3414678573608398438 3.2422912120819091797 3.1472885608673095703 3.0575802326202392578 2.97545623779296875 2.9042766094207763672 2.8469231128692626953 2.7973504066467285156 2.8754322528839111328 2.9732389450073242188 3.09239959716796875 3.2289888858795166016 3.3794159889221191406 3.5413527488708496094 3.7126691341400146484 3.8898625373840332031 4.0665502548217773438 4.2320790290832519531 4.3705353736877441406 4.4610347747802734375 4.4800868034362792969 4.4266538619995117188 4.3340482711791992188 4.2248778343200683594 4.1126980781555175781 4.0049343109130859375 3.8977537155151367188 4.0033416748046875 4.0889058113098144531 4.1696863174438476562 4.2551178932189941406 4.3450727462768554688 4.439422607421875 4.5358719825744628906 4.6294064521789550781 4.7200608253479003906 4.7888135910034179688 4.8108754158020019531
3.5440719127655029297 3.43646240234375 3.3328156471252441406 3.2330121994018554688 3.1373882293701171875 3.0470407009124755859 2.9642522335052490234 2.8924036026000976562 2.8344159126281738281 2.7840263843536376953 2.8624205589294433594 2.9604778289794921875 3.0799386501312255859 3.2168915271759033203 3.3677151203155517578 3.530029296875 3.7016417980194091797 3.8789834976196289062 4.05561065673828125 4.2208209037780761719 4.3586668968200683594 4.4482283592224121094 4.4659175872802734375 4.4111204147338867188 4.3167548179626464844 4.2050766944885253906 4.089099884033203125 3.9753248691558837891 3.8623902797698974609 3.9530549049377441406 4.0229210853576660156 4.0977458953857421875 4.1786355972290039062 4.2668771743774414062 4.3611078262329101562 4.4586095809936523438 4.5627613067626953125 4.6613111495971679688 4.7370977401733398438 4.7748079299926757812
3.5362684726715087891 3.4279007911682128906 3.3235638141632080078 3.2231161594390869141 3.1268768310546875 3.0359296798706054688 2.9525477886199951172 2.8801059722900390625 2.8215525150299072266 2.7707190513610839844 2.8495352268218994141 2.947956085205078125 3.0678267478942871094 3.2052342891693115234 3.3564999103546142578 3.5191709995269775391 3.6909902095794677734 3.8683447837829589844 4.0447816848754882812 4.2096333503723144531 4.3470301628112792969 4.4361438751220703125 4.4534177780151367188 4.3983106613159179688 4.3035345077514648438 4.1911172866821289062 4.0734667778015136719 3.9550848007202148438 3.8277235031127929688 3.8756401538848876953 3.9353625774383544922 4.0049200057983398438 4.0863490104675292969 4.1767139434814453125 4.2736868858337402344 4.3819422721862792969 4.4935240745544433594 4.5973157882690429688 4.6850309371948242188 4.7361278533935546875
3.5288221836090087891 3.4196436405181884766 3.3145668506622314453 3.2134304046630859375 3.1165337562561035156 3.0249352455139160156 2.9408700466156005859 2.8676745891571044922 2.8085055351257324219 2.7574255466461181641 2.8368635177612304688 2.9359030723571777344 3.0564351081848144531 3.1945009231567382812 3.3463189601898193359 3.5093340873718261719 3.6812183856964111328 3.8583407402038574219 4.034297943115234375 4.1985554695129394531 4.33545684814453125 4.4244384765625 4.4421701431274414062 4.3878884315490722656 4.2943367958068847656 4.1840953826904296875 4.0710816383361816406 3.9634621143341064453 3.8688244819641113281 3.7729198932647705078 3.8287901878356933594 3.9035589694976806641 3.9907195568084716797 4.0858407020568847656 4.1934685707092285156 4.3087620735168457031 4.4244122505187988281 4.536865234375 4.6327362060546875 4.6949219703674316406
