topo142x109.asc
ncols        142
nrows        109
xllcorner    850.000000000000
yllcorner    75.000000000000
cellsize     1.000000000000
[rows 90 to 107 of 109, columns 40 to 79 of 142]
2.8866558074951171875 3.0234127044677734375 3.1635656356811523438 3.298404693603515625 3.4127123355865478516 3.4835519790649414062 3.4807682037353515625 3.4044764041900634766 3.2832970619201660156 3.1396579742431640625 2.9888062477111816406 2.8396971225738525391 2.6967532634735107422 2.5616223812103271484 2.4347162246704101562 2.3160443305969238281 2.2038633823394775391 2.0943062305450439453 2.0124742984771728516 2.1018722057342529297 2.2200231552124023438 2.3406662940979003906 2.4668941497802734375 2.5995595455169677734 2.7393445968627929688 2.8855195045471191406 3.0348186492919921875 3.1793806552886962891 3.3043413162231445312 3.3858828544616699219 3.390796661376953125 3.3130395412445068359 3.1823065280914306641 3.0234858989715576172 2.8547809123992919922 2.6878254413604736328 2.5290079116821289062 2.3809599876403808594 2.2439455986022949219 2.11714935302734375
2.8639514446258544922 3.0012178421020507812 3.1425936222076416016 3.2792177200317382812 3.3958513736724853516 3.4695923328399658203 3.470306396484375 3.3964800834655761719 3.2769119739532470703 3.1342103481292724609 2.9837796688079833984 2.8346836566925048828 2.6914033889770507812 2.55559539794921875 2.4276292324066162109 2.3074038028717041016 2.1930134296417236328 2.0807268619537353516 1.9975980520248413086 2.0913507938385009766 2.2111985683441162109 2.3309607505798339844 2.4534342288970947266 2.5801169872283935547 2.7162773609161376953 2.8608276844024658203 3.0096232891082763672 3.1541154384613037109 3.2790625095367431641 3.3607473373413085938 3.3667757511138916016 3.291233062744140625 3.1621751785278320312 3.0042741298675537109 2.8357419967651367188 2.6683938503265380859 2.5089826583862304688 2.3606393337249755859 2.2241449356079101562 2.0989081859588623047
2.8364608287811279297 2.9758534431457519531 3.1196081638336181641 3.2588212490081787109 3.3783295154571533203 3.4553322792053222656 3.4597635269165039062 3.3884694576263427734 3.2705242633819580078 3.1287801265716552734 2.9788491725921630859 2.8299469947814941406 2.6866488456726074219 2.5506319999694824219 2.4221675395965576172 2.3008787631988525391 2.1844613552093505859 2.0692579746246337891 1.9847195148468017578 2.0931336879730224609 2.2156493663787841797 2.3304917812347412109 2.4450471401214599609 2.5531764030456542969 2.6876413822174072266 2.8325054645538330078 2.9821782112121582031 3.127338409423828125 3.2524540424346923828 3.3340718746185302734 3.3412203788757324219 3.2713749408721923828 3.1448080539703369141 2.9880795478820800781 2.8193151950836181641 2.6504991054534912109 2.4888498783111572266 2.3383362293243408203 2.2011778354644775391 2.0788085460662841797
2.8044943809509277344 2.9482977390289306641 3.0956537723541259766 3.23812103271484375 3.3608441352844238281 3.4412419795989990234 3.4493908882141113281 3.380588531494140625 3.2642495632171630859 3.1235091686248779297 2.9742214679718017578 2.8257994651794433594 2.6829681396484375 2.5474753379821777344 2.4195208549499511719 2.298503875732421875 2.1819083690643310547 2.0654323101043701172 1.9714570045471191406 2.0360243320465087891 2.1516120433807373047 2.2661602497100830078 2.37346649169921875 2.5057351589202880859 2.6495873928070068359 2.8001224994659423828 2.9531443119049072266 3.0998754501342773438 3.2249548435211181641 3.3052260875701904297 3.3106532096862792969 3.2389926910400390625 3.1160032749176025391 2.9630348682403564453 2.7959852218627929688 2.6263573169708251953 2.4614393711090087891 2.3056104183197021484 2.1617312431335449219 2.0526769161224365234
2.7740113735198974609 2.9221777915954589844 3.0730888843536376953 3.2187006473541259766 3.3444445133209228516 3.4279599189758300781 3.4394879341125488281 3.3729586601257324219 3.2581140995025634766 3.1183531284332275391 2.9697675704956054688 2.821987152099609375 2.6799378395080566406 2.5455596446990966797 2.4193274974822998047 2.3015041351318359375 2.1921346187591552734 2.0883846282958984375 1.9881045818328857422 1.9376620054244995117 2.0391123294830322266 2.1674737930297851562 2.3068075180053710938 2.4599716663360595703 2.6135294437408447266 2.7701213359832763672 2.9266040325164794922 3.0744440555572509766 3.1980855464935302734 3.2743511199951171875 3.2753629684448242188 3.2047677040100097656 3.0875265598297119141 2.9411985874176025391 2.7782564163208007812 2.6088547706604003906 2.4398324489593505859 2.2750275135040283203 2.1157257556915283203 1.9632331132888793945
2.7506353855133056641 2.901092529296875 3.0543084144592285156 3.2021698951721191406 3.3301765918731689453 3.4160943031311035156 3.4303026199340820312 3.3656408786773681641 3.2520656585693359375 3.1131467819213867188 2.9651448726654052734 2.8178577423095703125 2.6763653755187988281 2.5427079200744628906 2.4173526763916015625 2.3004744052886962891 2.1922395229339599609 2.0900852680206298828 1.9872820377349853516 1.9059836864471435547 2.0171835422515869141 2.1531925201416015625 2.290897369384765625 2.4373278617858886719 2.5914762020111083984 2.7501931190490722656 2.9081232547760009766 3.0553379058837890625 3.1748912334442138672 3.2403562068939208984 3.2318758964538574219 3.1581070423126220703 3.051937103271484375 2.9182353019714355469 2.7637760639190673828 2.599720001220703125 2.4312772750854492188 2.2633347511291503906 2.09889984130859375 1.9412997961044311523
2.7351551055908203125 2.8863847255706787109 3.0405790805816650391 3.1895241737365722656 3.3187139034271240234 3.406002044677734375 3.4219212532043457031 3.3586080074310302734 3.2460358142852783203 3.1077778339385986328 2.960140228271484375 2.8130047321319580078 2.6715445518493652344 2.5378525257110595703 2.4123432636260986328 2.2949624061584472656 2.1854512691497802734 2.0807542800903320312 1.9737312793731689453 1.8866870403289794922 1.9979480504989624023 2.1340010166168212891 2.2714180946350097656 2.4168236255645751953 2.5705678462982177734 2.7289366722106933594 2.8854384422302246094 3.0289437770843505859 3.1417417526245117188 3.1998200416564941406 3.1789309978485107422 3.0957913398742675781 2.9786000251770019531 2.8517024517059326172 2.7180619239807128906 2.5718197822570800781 2.4130754470825195312 2.2501330375671386719 2.0870032310485839844 1.9275975227355957031
2.7272632122039794922 2.8781614303588867188 3.0321907997131347656 3.1810479164123535156 3.3102087974548339844 3.3976438045501708984 3.4141530990600585938 3.3516888618469238281 3.2399623394012451172 3.1023011207580566406 2.9548845291137695312 2.8075885772705078125 2.6656472682952880859 2.5312297344207763672 2.4048087596893310547 2.2863290309906005859 2.1753833293914794922 2.0685319900512695312 1.9583957195281982422 1.8686913251876831055 1.9818315505981445312 2.1199994087219238281 2.25879669189453125 2.4050035476684570312 2.5591900348663330078 2.7171602249145507812 2.8713779449462890625 3.0092532634735107422 3.1115086078643798828 3.1524374485015869141 3.1167387962341308594 3.0232813358306884766 2.8975152969360351562 2.7598330974578857422 2.6270058155059814453 2.4957911968231201172 2.3620362281799316406 2.2173888683319091797 2.0660526752471923828 1.9100425243377685547
2.7260468006134033203 2.8758046627044677734 3.0287525653839111328 3.1764378547668457031 3.3042929172515869141 3.3904826641082763672 3.4063518047332763672 3.344432830810546875 3.2337200641632080078 3.0969319343566894531 2.9498755931854248047 2.8023231029510498047 2.6595559120178222656 2.5238733291625976562 2.39594268798828125 2.27593994140625 2.1635820865631103516 2.0551550388336181641 1.9428311586380004883 1.8514201641082763672 1.9690203666687011719 2.111789703369140625 2.253681182861328125 2.4021584987640380859 2.5577847957611083984 2.7156517505645751953 2.866912841796875 2.9970586299896240234 3.0844788551330566406 3.1001822948455810547 3.0432443618774414062 2.9418649673461914062 2.8096051216125488281 2.6655638217926025391 2.5228660106658935547 2.3912801742553710938 2.2639861106872558594 2.1324865818023681641 1.9917932748794555664 1.8509453535079956055
2.7299716472625732422 2.8782355785369873047 3.0294694900512695312 3.1750004291534423828 3.3001530170440673828 3.3833684921264648438 3.397060394287109375 3.3358047008514404297 3.2269032001495361328 3.09191131591796875 2.9458806514739990234 2.7983870506286621094 2.6547303199768066406 2.5173523426055908203 2.387195587158203125 2.2648596763610839844 2.1505405902862548828 2.0411012172698974609 1.9290409088134765625 1.8351206779479980469 1.9564950466156005859 2.1047818660736083984 2.2507622241973876953 2.4019124507904052734 2.5587570667266845703 2.7156569957733154297 2.8623144626617431641 2.9821743965148925781 3.0518321990966796875 3.0438020229339599609 2.9682490825653076172 2.8516407012939453125 2.7160632610321044922 2.5689945220947265625 2.4226222038269042969 2.2837531566619873047 2.1564180850982666016 2.0305886268615722656 1.8895219564437866211 1.7515302896499633789
2.7376918792724609375 2.8844010829925537109 3.0335011482238769531 3.1759274005889892578 3.2966904640197753906 3.3744189739227294922 3.3830199241638183594 3.3244516849517822266 3.2190203666687011719 3.0877883434295654297 2.9442198276519775391 2.7977588176727294922 2.6536800861358642578 2.5144147872924804688 2.3809790611267089844 2.2542946338653564453 2.1358215808868408203 2.0253856182098388672 1.9252209663391113281 1.8205984830856323242 1.9482443332672119141 2.1037361621856689453 2.2545571327209472656 2.4085733890533447266 2.5664029121398925781 2.7216296195983886719 2.8622286319732666016 2.9689698219299316406 3.0137348175048828125 2.9828321933746337891 2.8908088207244873047 2.7621405124664306641 2.6167967319488525391 2.470066070556640625 2.3240370750427246094 2.1849100589752197266 2.0551249980926513672 1.9346450567245483398 1.8142871856689453125 1.7133713960647583008
2.7482409477233886719 2.8935596942901611328 3.0402739048004150391 3.1786363124847412109 3.2928938865661621094 3.3612627983093261719 3.3580098152160644531 3.2919735908508300781 3.1949117183685302734 3.0732429027557373047 2.9354074001312255859 2.7931063175201416016 2.6512849330902099609 2.5119786262512207031 2.3755321502685546875 2.2419006824493408203 2.1116700172424316406 2.0000853538513183594 1.8574686050415039062 1.8058832883834838867 1.9484734535217285156 2.107395172119140625 2.2602002620697021484 2.4150247573852539062 2.5718772411346435547 2.7233722209930419922 2.8557920455932617188 2.9476904869079589844 2.9687595367431640625 2.9138143062591552734 2.8102915287017822266 2.6721940040588378906 2.5199081897735595703 2.3675415515899658203 2.2247099876403808594 2.0896363258361816406 1.9630577564239501953 1.8471121788024902344 1.741280674934387207 1.7005540132522583008
2.7611978054046630859 2.9054758548736572266 3.0497407913208007812 3.18315887451171875 3.2885501384735107422 3.343029022216796875 3.3223536014556884766 3.2427260875701904297 3.1322159767150878906 3.0144124031066894531 2.8924422264099121094 2.7629964351654052734 2.6314699649810791016 2.4996829032897949219 2.3672659397125244141 2.2290778160095214844 2.0834627151489257812 1.9135274887084960938 1.7695709466934204102 1.8472782373428344727 1.9862310886383056641 2.1268572807312011719 2.2717528343200683594 2.4235875606536865234 2.5775096416473388672 2.7237017154693603516 2.8464510440826416016 2.9225685596466064453 2.9212064743041992188 2.8466782569885253906 2.7257668972015380859 2.5817942619323730469 2.4241378307342529297 2.2676818370819091797 2.1217699050903320312 1.9925894737243652344 1.8756251335144042969 1.7635395526885986328 1.6713842153549194336 1.7269080877304077148
2.7771232128143310547 2.9210269451141357422 3.0631494522094726562 3.1910853385925292969 3.2851991653442382812 3.3178150653839111328 3.2777702808380126953 3.1819705963134765625 3.0572800636291503906 2.9248995780944824219 2.8000555038452148438 2.6779685020446777344 2.5526871681213378906 2.4268059730529785156 2.3010964393615722656 2.1785972118377685547 2.0465989112854003906 1.8915004730224609375 1.7396707534790039062 1.8540152311325073242 1.9972364902496337891 2.1370708942413330078 2.2817621231079101562 2.4326138496398925781 2.5836760997772216797 2.7238945960998535156 2.8357539176940917969 2.8946852684020996094 2.8721640110015869141 2.7810244560241699219 2.6466741561889648438 2.4904377460479736328 2.3297781944274902344 2.1694252490997314453 2.0200784206390380859 1.8883343935012817383 1.7822325229644775391 1.6878798007965087891 1.6482155323028564453 1.745517730712890625
2.7873027324676513672 2.9304397106170654297 3.0698862075805664062 3.1917955875396728516 3.2744503021240234375 3.2874684333801269531 3.2246842384338378906 3.1143801212310791016 2.9746623039245605469 2.8300573825836181641 2.6921267509460449219 2.5653593540191650391 2.4438631534576416016 2.3215160369873046875 2.2000091075897216797 2.0782103538513183594 1.9533110857009887695 1.8099776506423950195 1.7193311452865600586 1.8539757728576660156 2.0027482509613037109 2.1460392475128173828 2.2926623821258544922 2.4434227943420410156 2.5919835567474365234 2.7260215282440185547 2.8255846500396728516 2.8615171909332275391 2.8205518722534179688 2.7164750099182128906 2.5720255374908447266 2.4068400859832763672 2.2370164394378662109 2.0742104053497314453 1.9200179576873779297 1.7840819358825683594 1.6675291061401367188 1.6220716238021850586 1.6768543720245361328 1.7876011133193969727
2.7930200099945068359 2.9353611469268798828 3.0721528530120849609 3.1884236335754394531 3.2609984874725341797 3.2578876018524169922 3.1772470474243164062 3.0436246395111083984 2.8876943588256835938 2.7271625995635986328 2.5904026031494140625 2.4503138065338134766 2.3229265213012695312 2.2022736072540283203 2.0833079814910888672 1.9650642871856689453 1.8325498104095458984 1.678120732307434082 1.7532850503921508789 1.8835664987564086914 2.0154995918273925781 2.1523180007934570312 2.2971050739288330078 2.4461998939514160156 2.5914351940155029297 2.7188458442687988281 2.8063828945159912109 2.8228700160980224609 2.7624983787536621094 2.6519072055816650391 2.5023202896118164062 2.3290343284606933594 2.1521260738372802734 1.9813525676727294922 1.8229439258575439453 1.6826478242874145508 1.583784937858581543 1.6364357471466064453 1.7339018583297729492 1.8236374855041503906
2.7953088283538818359 2.9369318485260009766 3.0712952613830566406 3.1827285289764404297 3.2473413944244384766 3.232433319091796875 3.139751434326171875 3.0036420822143554688 2.8447334766387939453 2.6763043403625488281 2.4998736381530761719 2.3466289043426513672 2.2068631649017333984 2.0781390666961669922 1.9571076631546020508 1.8401198387145996094 1.7262924909591674805 1.6387135982513427734 1.7517874240875244141 1.8839254379272460938 2.0136396884918212891 2.1498982906341552734 2.2941973209381103516 2.4418931007385253906 2.5840253829956054688 2.7052972316741943359 2.7819700241088867188 2.7817163467407226562 2.7059922218322753906 2.5833215713500976562 2.440135955810546875 2.2964193820953369141 2.1424095630645751953 1.9846582412719726562 1.8302807807922363281 1.6799246072769165039 1.5593686103820800781 1.62990570068359375 1.730288386344909668 1.8380162715911865234
2.7953989505767822266 2.9362294673919677734 3.0682396888732910156 3.1755442619323730469 3.234470367431640625 3.2135510444641113281 3.1200444698333740234 2.9829931259155273438 2.8243818283081054688 2.6590576171875 2.4966642856597900391 2.3454082012176513672 2.2055079936981201172 2.0759282112121582031 1.9551399946212768555 1.8386371135711669922 1.7190115451812744141 1.6201463937759399414 1.7362051010131835938 1.870676875114440918 2.0024220943450927734 2.1398034095764160156 2.2842555046081542969 2.4311554431915283203 2.5709965229034423828 2.6871976852416992188 2.7543802261352539062 2.7400243282318115234 2.6500303745269775391 2.5144095420837402344 2.3598940372467041016 2.2084493637084960938 2.072261810302734375 1.9413523674011230469 1.8050211668014526367 1.6651185750961303711 1.5441358089447021484 1.6210366487503051758 1.7289975881576538086 1.8426303863525390625
