ztopo_5m_resolution.asc
ncols        200
nrows        100
xllcorner    0.000000000000
yllcorner    0.000000000000
cellsize     5.000000000000
NODATA_value  -99999
[rows 36 to 53 of 100, columns 40 to 79 of 200]
5.9787540435791015625 6.411533355712890625 7.1953725814819335938 7.1374850273132324219 6.6708836555480957031 7.4572768211364746094 8.192218780517578125 8.0290727615356445312 7.2788958549499511719 6.8814578056335449219 7.3724646568298339844 7.6362738609313964844 8.3591909408569335938 8.6717729568481445312 7.7056522369384765625 6.9070568084716796875 6.4054822921752929688 6.6193585395812988281 7.4429545402526855469 7.2126245498657226562 6.4008536338806152344 6.5514307022094726562 7.1283020973205566406 7.9960317611694335938 8.3994474411010742188 7.49642181396484375 6.7807049751281738281 6.2628760337829589844 5.84316253662109375 5.489604949951171875 5.5934958457946777344 6.0529704093933105469 6.6885695457458496094 7.5607166290283203125 7.6478171348571777344 6.8708701133728027344 6.2469010353088378906 5.7106251716613769531 5.1794791221618652344 5.8823595046997070312
5.9307312965393066406 6.1853456497192382812 6.9746079444885253906 7.1646304130554199219 6.3387079238891601562 6.9417901039123535156 7.7429094314575195312 8.0558795928955078125 7.3141889572143554688 6.7408876419067382812 7.1284193992614746094 7.6320390701293945312 8.3198146820068359375 8.6650094985961914062 7.71312713623046875 6.8988809585571289062 6.3777904510498046875 6.5383887290954589844 7.2092180252075195312 7.1397981643676757812 6.3197493553161621094 6.5265207290649414062 7.0911898612976074219 7.9146137237548828125 8.4501638412475585938 7.5615367889404296875 6.787052154541015625 6.2243905067443847656 5.7891945838928222656 5.4369091987609863281 5.5386195182800292969 5.999324798583984375 6.6414918899536132812 7.5214800834655761719 7.6371707916259765625 6.8483500480651855469 6.2094573974609375 5.6761426925659179688 5.1960778236389160156 5.52658843994140625
5.8638806343078613281 6.0729641914367675781 6.7938175201416015625 7.1983432769775390625 6.3988137245178222656 6.7696695327758789062 7.6346940994262695312 7.9974064826965332031 7.2587599754333496094 6.6718230247497558594 7.1497964859008789062 7.6327872276306152344 8.2737741470336914062 8.712078094482421875 7.8161225318908691406 6.9832811355590820312 6.4519443511962890625 6.1481661796569824219 6.7479491233825683594 7.0347847938537597656 6.2564206123352050781 6.4500989913940429688 7.0201535224914550781 7.8604722023010253906 8.4530010223388671875 7.580413818359375 6.7763319015502929688 6.18639373779296875 5.7360262870788574219 5.3890805244445800781 5.4850864410400390625 5.9390497207641601562 6.5845456123352050781 7.4741926193237304688 7.6191320419311523438 6.8231797218322753906 6.1719417572021484375 5.6338734626770019531 5.14855194091796875 5.5518870353698730469
5.8388223648071289062 5.8589873313903808594 6.6191668510437011719 6.97335052490234375 6.1183528900146484375 6.7591314315795898438 7.6148276329040527344 7.9334821701049804688 7.1880078315734863281 6.5979781150817871094 6.9933290481567382812 7.4979243278503417969 8.170806884765625 8.727855682373046875 7.9257187843322753906 7.1051402091979980469 6.5522265434265136719 6.1781668663024902344 6.3791685104370117188 6.8583469390869140625 6.1849722862243652344 6.3826289176940917969 6.9766020774841308594 7.8615174293518066406 8.3964099884033203125 7.5999035835266113281 6.8357172012329101562 6.2478051185607910156 5.762691497802734375 5.3640580177307128906 5.4421362876892089844 5.9029111862182617188 6.5534911155700683594 7.4356293678283691406 7.6002469062805175781 6.8070206642150878906 6.1460976600646972656 5.6058993339538574219 5.1570477485656738281 5.2903308868408203125
5.8689656257629394531 5.6294388771057128906 6.4494800567626953125 6.7243337631225585938 6.127231597900390625 6.7735137939453125 7.6300001144409179688 7.8443012237548828125 7.1042189598083496094 6.5306124687194824219 6.9361815452575683594 7.4459781646728515625 8.0890655517578125 8.69863128662109375 7.9392981529235839844 7.0661063194274902344 6.5052080154418945312 6.1617865562438964844 6.260250091552734375 6.6611652374267578125 5.9525623321533203125 6.3526754379272460938 6.9726948738098144531 7.8883218765258789062 8.1944751739501953125 7.2101564407348632812 6.4187288284301757812 5.8954091072082519531 5.5114512443542480469 5.2316427230834960938 5.4777112007141113281 5.9616613388061523438 6.5438122749328613281 7.3794908523559570312 7.548465728759765625 6.7656350135803222656 6.1739544868469238281 5.6224241256713867188 5.1341500282287597656 5.2600340843200683594
5.7329072952270507812 5.6356472969055175781 6.4105615615844726562 6.6332678794860839844 6.0439920425415039062 6.7247476577758789062 7.6081166267395019531 7.744548797607421875 7.0197329521179199219 6.4626116752624511719 6.8651990890502929688 7.3604269027709960938 8.0058765411376953125 8.6372194290161132812 7.8929510116577148438 7.0028729438781738281 6.4479284286499023438 6.12738037109375 6.2156987190246582031 6.4634990692138671875 5.9335799217224121094 6.3884038925170898438 7.062435150146484375 7.9512958526611328125 8.1699533462524414062 7.1923699378967285156 6.43096923828125 5.889736175537109375 5.4939999580383300781 5.1949257850646972656 5.3700041770935058594 5.7053532600402832031 6.3768105506896972656 7.2927093505859375 7.45417022705078125 6.6339373588562011719 5.9478597640991210938 5.3849439620971679688 4.9298434257507324219 5.2872838973999023438
5.4332718849182128906 5.640361785888671875 6.404598236083984375 6.5384073257446289062 5.9577093124389648438 6.6541981697082519531 7.5481648445129394531 7.6842150688171386719 6.9614624977111816406 6.4024534225463867188 6.8323531150817871094 7.2940649986267089844 7.9131197929382324219 8.5849246978759765625 7.8694486618041992188 6.9514155387878417969 6.3908038139343261719 6.090816497802734375 6.1716947555541992188 6.40569305419921875 5.8860368728637695312 6.4221038818359375 6.9112315177917480469 7.5323328971862792969 8.1125879287719726562 7.28467559814453125 6.4568262100219726562 5.8826208114624023438 5.4748740196228027344 5.1798739433288574219 5.2737302780151367188 5.732982635498046875 6.410709381103515625 7.2737355232238769531 7.3678889274597167969 6.5166192054748535156 5.7921171188354492188 5.2462821006774902344 4.8136777877807617188 5.0866169929504394531
5.372982025146484375 5.5229554176330566406 6.3119463920593261719 6.2803854942321777344 5.9550924301147460938 6.6200923919677734375 7.500263214111328125 7.624622344970703125 6.8959965705871582031 6.3160357475280761719 6.6820445060729980469 7.1781835556030273438 7.8452043533325195312 8.57338714599609375 7.9156780242919921875 6.9411191940307617188 6.3326201438903808594 6.0417547225952148438 6.1462130546569824219 6.4987854957580566406 5.9901437759399414062 5.873291015625 6.2053442001342773438 7.0028429031372070312 7.9170284271240234375 7.4226894378662109375 6.5194201469421386719 5.890834808349609375 5.4545216560363769531 5.1444573402404785156 5.339839935302734375 5.8556962013244628906 6.3434758186340332031 6.96285247802734375 7.2752060890197753906 6.4364857673645019531 5.7091112136840820312 5.1635956764221191406 4.7473173141479492188 5.0270028114318847656
5.3507738113403320312 5.3727979660034179688 6.2034697532653808594 6.1857938766479492188 5.8767952919006347656 6.5590291023254394531 7.4487967491149902344 7.575565338134765625 6.8328661918640136719 6.2509775161743164062 6.6422271728515625 7.1568613052368164062 7.8587784767150878906 8.5392656326293945312 8.1216678619384765625 7.2422122955322265625 6.6120181083679199219 6.1889843940734863281 5.963787078857421875 6.3079180717468261719 6.0918674468994140625 5.6823701858520507812 6.3245730400085449219 6.9550309181213378906 7.6315026283264160156 7.5530962944030761719 6.6275320053100585938 5.936473846435546875 5.4767694473266601562 5.18239593505859375 5.0388631820678710938 5.3404583930969238281 5.850864410400390625 6.7062993049621582031 7.1866521835327148438 6.3928327560424804688 5.673770904541015625 5.1157903671264648438 4.6868619918823242188 4.9740099906921386719
5.1603422164916992188 5.38817596435546875 6.1806421279907226562 6.0199871063232421875 5.8194122314453125 6.5151467323303222656 7.4119858741760253906 7.5647325515747070312 6.8502144813537597656 6.2764344215393066406 6.557376861572265625 7.1127166748046875 7.8729786872863769531 8.1357526779174804688 8.1962337493896484375 7.653926849365234375 6.7563099861145019531 6.1216835975646972656 5.8147177696228027344 6.0371212959289550781 6.0308966636657714844 5.6287102699279785156 6.0092730522155761719 6.5087251663208007812 7.3846955299377441406 7.5293335914611816406 6.8543953895568847656 6.2425007820129394531 5.6724925041198730469 5.1825938224792480469 5.0397763252258300781 5.3685626983642578125 5.873867034912109375 6.6856951713562011719 7.109973907470703125 6.2818922996520996094 5.5245804786682128906 4.9765925407409667969 4.5585055351257324219 4.9488916397094726562
5.0775847434997558594 5.3351473808288574219 6.1074166297912597656 5.6583967208862304688 5.8455791473388671875 6.5111341476440429688 7.3917713165283203125 7.5464005470275878906 6.8439993858337402344 6.2801785469055175781 6.394199371337890625 7.0379824638366699219 7.7816843986511230469 7.6078639030456542969 7.6783432960510253906 7.747058868408203125 6.8783974647521972656 6.1645641326904296875 5.7829337120056152344 5.8295755386352539062 5.8758034706115722656 5.5508961677551269531 6.0875086784362792969 6.6403093338012695312 7.3399791717529296875 6.9559540748596191406 6.3061537742614746094 6.2288422584533691406 5.7423539161682128906 5.1487269401550292969 5.0000543594360351562 5.3385744094848632812 5.8585033416748046875 6.6748318672180175781 7.0464687347412109375 6.1907172203063964844 5.4511308670043945312 4.9230947494506835938 4.5376033782958984375 4.8467764854431152344
5.0039048194885253906 5.2948813438415527344 5.9821996688842773438 5.5603451728820800781 5.8015198707580566406 6.4743061065673828125 7.3492140769958496094 7.4871621131896972656 6.7745370864868164062 6.2156777381896972656 6.3567500114440917969 7.0310616493225097656 7.6685400009155273438 7.2510423660278320312 7.0690832138061523438 7.5235595703125 7.0425686836242675781 6.2402448654174804688 5.7716827392578125 5.704715728759765625 5.7360291481018066406 5.5857872962951660156 6.0719676017761230469 6.5506968498229980469 7.1631817817687988281 6.4791650772094726562 5.7177867889404296875 5.6118512153625488281 5.5694966316223144531 5.1526026725769042969 4.9655971527099609375 5.3245220184326171875 5.8630456924438476562 6.6875019073486328125 6.9895086288452148438 6.17272186279296875 5.4486613273620605469 4.8917279243469238281 4.4314398765563964844 4.8300042152404785156
5.1605906486511230469 4.8319859504699707031 5.6185154914855957031 5.4831681251525878906 5.7553057670593261719 6.4001736640930175781 7.2627110481262207031 7.40729522705078125 6.6983089447021484375 6.1282286643981933594 6.3128910064697265625 7.0492343902587890625 7.3864159584045410156 6.8737845420837402344 6.4115157127380371094 7.0798807144165039062 7.087238311767578125 6.2729959487915039062 5.7679429054260253906 5.6018595695495605469 5.713771820068359375 5.3255252838134765625 5.7459878921508789062 6.4019551277160644531 7.0951471328735351562 6.4564032554626464844 5.6972475051879882812 5.2218303680419921875 5.1305360794067382812 4.83858489990234375 5.0185523033142089844 5.3648371696472167969 5.9134397506713867188 6.7379894256591796875 6.76688385009765625 5.894702911376953125 5.2185106277465820312 4.7176055908203125 4.3332514762878417969 4.8436141014099121094
4.9302501678466796875 4.7255039215087890625 5.5320687294006347656 5.5362019538879394531 5.5555505752563476562 6.2368435859680175781 7.1209621429443359375 7.2782001495361328125 6.5420093536376953125 5.9367890357971191406 6.3196086883544921875 7.0353722572326660156 6.8784322738647460938 6.3025650978088378906 6.1648664474487304688 6.8579392433166503906 7.0258703231811523438 6.2054424285888671875 5.6585941314697265625 5.5253314971923828125 5.5828614234924316406 5.3297891616821289062 5.8393158912658691406 6.4842329025268554688 7.0639696121215820312 6.5357232093811035156 5.786808013916015625 5.33730316162109375 5.0124316215515136719 4.7091646194458007812 5.0167713165283203125 5.3818197250366210938 5.9552164077758789062 6.7641534805297851562 6.7233433723449707031 5.841033935546875 5.176433563232421875 4.6934790611267089844 4.2972302436828613281 4.6819787025451660156
4.9444813728332519531 4.7312755584716796875 5.5355482101440429688 5.5738806724548339844 5.3238959312438964844 6.0496354103088378906 6.9767127037048339844 7.19960784912109375 6.44622802734375 5.8298535346984863281 6.2826304435729980469 6.9033999443054199219 6.34100341796875 5.733234405517578125 6.1125640869140625 6.7985405921936035156 6.9474368095397949219 6.1423768997192382812 5.6114225387573242188 5.4566898345947265625 5.5360474586486816406 5.3040142059326171875 5.7650189399719238281 6.0858931541442871094 6.6971845626831054688 6.6528339385986328125 5.8559617996215820312 5.3165998458862304688 4.9707121849060058594 4.6671948432922363281 5.055713653564453125 5.5043768882751464844 6.0630955696105957031 6.6680498123168945312 6.7653603553771972656 5.9121074676513671875 5.2062463760375976562 4.6814393997192382812 4.2384247779846191406 4.7200007438659667969
4.6910333633422851562 4.7027945518493652344 5.5183730125427246094 5.4151177406311035156 5.3743796348571777344 6.0798974037170410156 6.7349171638488769531 7.139019012451171875 6.4433450698852539062 5.7594714164733886719 6.1451973915100097656 6.6796083450317382812 6.1112122535705566406 5.4274663925170898438 6.032093048095703125 6.7529587745666503906 6.8350291252136230469 6.0569677352905273438 5.5593395233154296875 5.316776275634765625 5.6606068611145019531 5.201602935791015625 5.20867156982421875 5.6529512405395507812 6.3906483650207519531 6.7011938095092773438 5.9085774421691894531 5.3275246620178222656 4.9623036384582519531 4.6174731254577636719 5.0252346992492675781 5.2851305007934570312 5.5709085464477539062 6.1389150619506835938 6.7664408683776855469 6.0714101791381835938 5.338596343994140625 4.7762236595153808594 4.2896680831909179688 4.1965289115905761719
4.5062150955200195312 4.7158856391906738281 5.4999475479125976562 5.6136593818664550781 4.8035902976989746094 5.4119892120361328125 6.1248521804809570312 6.9378228187561035156 6.5174021720886230469 5.8162031173706054688 5.7761931419372558594 6.4423131942749023438 5.8924102783203125 5.1916356086730957031 5.821201324462890625 6.4132814407348632812 6.7056102752685546875 5.9598221778869628906 5.4313826560974121094 5.2992177009582519531 5.6790475845336914062 5.1626124382019042969 5.1586093902587890625 5.650115966796875 6.3711609840393066406 6.7614073753356933594 6.0079379081726074219 5.3932042121887207031 4.9989504814147949219 4.66614532470703125 4.7126460075378417969 5.0012860298156738281 5.3796596527099609375 6.0062861442565917969 6.7424235343933105469 6.1900591850280761719 5.3960475921630859375 4.8011164665222167969 4.3258638381958007812 3.9349498748779296875
4.5283055305480957031 4.3667135238647460938 5.1341447830200195312 5.7342615127563476562 5.0000576972961425781 5.136775970458984375 5.9073138236999511719 6.6063222885131835938 6.5523409843444824219 5.8064966201782226562 5.52948760986328125 6.2327594757080078125 5.6819701194763183594 4.9743103981018066406 5.4653630256652832031 6.1520018577575683594 6.6129231452941894531 5.9178667068481445312 5.3738112449645996094 5.2288408279418945312 5.5797238349914550781 4.9594025611877441406 5.1567111015319824219 5.6678595542907714844 6.40091705322265625 6.6852049827575683594 6.2347788810729980469 5.6630387306213378906 5.1111907958984375 4.6616048812866210938 4.6972332000732421875 5.0178499221801757812 5.3943347930908203125 6.0213332176208496094 6.7186431884765625 6.3394079208374023438 5.7236337661743164062 5.1257038116455078125 4.5826635360717773438 3.9649958610534667969
