ztopo_5m_resolution.asc
ncols        200
nrows        100
xllcorner    0.000000000000
yllcorner    0.000000000000
cellsize     5.000000000000
NODATA_value  -99999
[rows 18 to 35 of 100, columns 120 to 159 of 200]
9.0325374603271484375 9.5792865753173828125 9.0986833572387695312 8.244449615478515625 7.6613483428955078125 7.484127044677734375 7.980861663818359375 7.3219256401062011719 7.4596953392028808594 7.8714270591735839844 8.4402866363525390625 9.3113317489624023438 10.028603553771972656 9.1804046630859375 8.3690462112426757812 8.70778656005859375 9.5048828125 10.584686279296875 10.668328285217285156 9.7917261123657226562 9.1897125244140625 8.7750730514526367188 8.6244001388549804688 9.1418933868408203125 9.7217378616333007812 10.317862510681152344 10.785266876220703125 9.9767551422119140625 9.0042028427124023438 8.3267202377319335938 8.0395870208740234375 8.878223419189453125 9.4826488494873046875 8.744007110595703125 8.241912841796875 8.1047611236572265625 8.0009737014770507812 7.9870882034301757812 8.6634874343872070312 8.9154577255249023438
8.4984912872314453125 8.9329204559326171875 9.0683279037475585938 8.35007476806640625 7.6487975120544433594 7.3918337821960449219 7.8602876663208007812 7.2405233383178710938 7.384746551513671875 7.8114099502563476562 8.4107027053833007812 9.3211002349853515625 9.9341411590576171875 9.0116262435913085938 8.1935796737670898438 8.6443185806274414062 9.5249500274658203125 10.447476387023925781 10.750494003295898438 9.9067106246948242188 9.2333221435546875 8.77747344970703125 8.5696096420288085938 9.0101985931396484375 9.3136043548583984375 9.7214832305908203125 10.420443534851074219 9.973785400390625 8.9738626480102539062 8.2847728729248046875 7.8380784988403320312 8.4182634353637695312 9.3830804824829101562 9.2717847824096679688 8.6560878753662109375 8.5410051345825195312 8.159297943115234375 7.794658660888671875 8.351184844970703125 8.778076171875
8.527618408203125 8.2521209716796875 8.6698122024536132812 7.9222531318664550781 7.4056034088134765625 7.4271759986877441406 7.6834397315979003906 7.1423511505126953125 7.3494977951049804688 7.8159236907958984375 8.4755697250366210938 9.4327068328857421875 9.8153133392333984375 8.9680032730102539062 8.0931653976440429688 8.2579517364501953125 8.8787565231323242188 9.82083892822265625 10.662357330322265625 10.069608688354492188 9.3255758285522460938 8.8332920074462890625 8.4967470169067382812 8.53993988037109375 8.9248418807983398438 9.4866809844970703125 10.241852760314941406 9.9109897613525390625 8.9334783554077148438 8.2047262191772460938 7.6525821685791015625 8.318141937255859375 9.2643260955810546875 9.7923412322998046875 9.2941913604736328125 8.6458692550659179688 8.028594970703125 7.5884022712707519531 8.0444746017456054688 8.668018341064453125
8.0664644241333007812 7.8672738075256347656 8.2201585769653320312 7.9031920433044433594 7.2377009391784667969 7.3929448127746582031 7.3875837326049804688 7.0145092010498046875 7.396953582763671875 7.9067544937133789062 8.6620798110961914062 9.5041742324829101562 9.2319545745849609375 8.6792879104614257812 8.0457525253295898438 8.027248382568359375 8.8149576187133789062 9.7941522598266601562 10.350955009460449219 10.16550445556640625 9.4141588211059570312 8.8334989547729492188 8.4083623886108398438 8.5815868377685546875 8.9680995941162109375 9.5319242477416992188 10.219626426696777344 9.5843019485473632812 8.6156635284423828125 7.9477210044860839844 7.6563806533813476562 8.3205785751342773438 9.2345037460327148438 9.7556390762329101562 9.2429590225219726562 8.6262826919555664062 7.9791483879089355469 7.5210738182067871094 7.9518566131591796875 8.6154050827026367188
7.9922652244567871094 7.6071600914001464844 7.5302386283874511719 7.4343519210815429688 7.1406140327453613281 7.1470394134521484375 7.1297254562377929688 7.0505566596984863281 7.4537205696105957031 8.0113458633422851562 8.839599609375 9.1818151473999023438 8.4215459823608398438 8.1202173233032226562 7.599262237548828125 8.0583772659301757812 9.0094537734985351562 9.6889104843139648438 9.8655538558959960938 9.97138214111328125 9.2960290908813476562 8.7714242935180664062 8.26165771484375 8.5736408233642578125 8.9812421798706054688 9.5564336776733398438 10.213956832885742188 9.502819061279296875 8.5476713180541992188 7.8910303115844726562 7.5825095176696777344 8.2120828628540039062 8.9114627838134765625 9.3213491439819335938 8.6422662734985351562 8.262866973876953125 7.8842673301696777344 7.3573455810546875 7.9842767715454101562 8.5110788345336914062
8.7812747955322265625 8.2946958541870117188 7.8048858642578125 7.5034723281860351562 7.1379003524780273438 7.0439419746398925781 6.8889207839965820312 7.0544567108154296875 7.4736828804016113281 8.0520544052124023438 8.8887729644775390625 8.8836984634399414062 7.9642696380615234375 7.3517975807189941406 7.5905041694641113281 8.2714357376098632812 9.1788816452026367188 9.305454254150390625 9.3886585235595703125 9.7797107696533203125 9.1722936630249023438 8.5664720535278320312 8.193553924560546875 8.583797454833984375 8.9566259384155273438 9.5377674102783203125 10.214018821716308594 9.5171298980712890625 8.5681486129760742188 7.9334840774536132812 7.4801359176635742188 7.6759905815124511719 8.5202121734619140625 9.1206159591674804688 8.4025697708129882812 7.7561235427856445312 7.3557476997375488281 7.3572583198547363281 7.9960079193115234375 8.2576684951782226562
9.2689466476440429688 8.415096282958984375 7.8313555717468261719 7.392917633056640625 6.9918370246887207031 6.7697429656982421875 6.739864349365234375 7.0929884910583496094 7.5000057220458984375 8.07280731201171875 8.8897724151611328125 8.7996082305908203125 7.8872127532958984375 7.2317376136779785156 7.5057072639465332031 8.2758235931396484375 9.1559743881225585938 8.897891998291015625 8.9446010589599609375 9.5074024200439453125 9.2340841293334960938 8.58557891845703125 8.1458387374877929688 8.460041046142578125 8.8936014175415039062 9.523349761962890625 10.207903861999511719 9.5671625137329101562 8.6063175201416015625 7.915195465087890625 7.414424896240234375 7.6167597770690917969 8.4509906768798828125 9.0818500518798828125 8.4323577880859375 7.8303580284118652344 7.3728775978088378906 7.230930328369140625 7.9070458412170410156 8.1530904769897460938
9.1494588851928710938 8.2985944747924804688 7.7283949851989746094 7.3223223686218261719 6.997928619384765625 6.7035765647888183594 6.7787532806396484375 7.1282210350036621094 7.5363268852233886719 8.1141996383666992188 8.9174795150756835938 8.71221160888671875 7.76821136474609375 7.0632996559143066406 7.3670654296875 8.1647081375122070312 8.9856548309326171875 8.5255527496337890625 8.52974700927734375 9.2413625717163085938 9.291110992431640625 8.6266002655029296875 8.1663179397583007812 8.4460096359252929688 8.978366851806640625 9.5522336959838867188 10.005942344665527344 9.3572998046875 8.6192111968994140625 7.9798822402954101562 7.2934007644653320312 7.6157584190368652344 8.4295759201049804688 9.0279445648193359375 8.3399066925048828125 7.6787991523742675781 7.2300882339477539062 7.2096076011657714844 7.8380875587463378906 8.1151132583618164062
9.2987241744995117188 8.3859243392944335938 7.7942781448364257812 7.3820118904113769531 7.0495319366455078125 6.7506079673767089844 6.6167178153991699219 7.0172982215881347656 7.4932107925415039062 8.1399946212768554688 8.8677587509155273438 8.4110317230224609375 7.7013845443725585938 6.9088749885559082031 7.2725305557250976562 8.1245164871215820312 8.8130617141723632812 8.2726736068725585938 8.3788738250732421875 8.9510898590087890625 9.3295602798461914062 8.7458515167236328125 8.2089548110961914062 8.3061819076538085938 8.6608743667602539062 9.0394878387451171875 9.6094837188720703125 9.1230335235595703125 8.1525440216064453125 7.5196566581726074219 7.0408663749694824219 7.5906391143798828125 8.3952093124389648438 8.9589099884033203125 8.2734422683715820312 7.642963409423828125 7.1875619888305664062 7.1156568527221679688 7.7357153892517089844 8.0373220443725585938
9.3990507125854492188 8.4342069625854492188 7.8089308738708496094 7.3922715187072753906 7.0940985679626464844 6.7740349769592285156 6.5865111351013183594 6.9955339431762695312 7.4780707359313964844 8.1804332733154296875 8.5816011428833007812 7.8416309356689453125 7.1430573463439941406 6.7179498672485351562 7.29451751708984375 8.1660490036010742188 8.638179779052734375 7.9579577445983886719 7.8518433570861816406 8.4059886932373046875 9.1135473251342773438 8.9525699615478515625 8.4066934585571289062 7.9519648551940917969 8.2475709915161132812 8.5822658538818359375 9.249889373779296875 9.1484842300415039062 8.2403545379638671875 7.5654721260070800781 7.0551886558532714844 7.4740500450134277344 8.3412065505981445312 8.8576507568359375 8.1326799392700195312 7.4932680130004882812 7.0837349891662597656 7.0711698532104492188 7.6609678268432617188 7.9488210678100585938
9.4761877059936523438 8.4616727828979492188 7.78400421142578125 7.3319234848022460938 6.9839444160461425781 6.6731882095336914062 6.5267505645751953125 6.9779076576232910156 7.4944925308227539062 8.1966266632080078125 8.1140260696411132812 7.3132491111755371094 6.7649893760681152344 6.7232890129089355469 7.3391857147216796875 8.21808624267578125 8.4822587966918945312 7.765716552734375 7.5547642707824707031 8.1028041839599609375 8.893314361572265625 9.0516309738159179688 8.4512844085693359375 8.0274829864501953125 8.1036520004272460938 8.5474939346313476562 9.18238067626953125 8.8821506500244140625 7.9175138473510742188 7.2498764991760253906 6.9417438507080078125 7.5339703559875488281 8.35672760009765625 8.7787685394287109375 8.0595531463623046875 7.4590210914611816406 7.068660736083984375 6.9679341316223144531 7.5656681060791015625 7.6788878440856933594
9.5600109100341796875 8.5188398361206054688 7.8014168739318847656 7.3372735977172851562 6.9878659248352050781 6.6749892234802246094 6.3885288238525390625 6.8594546318054199219 7.4170689582824707031 8.12085723876953125 7.840297698974609375 6.9669160842895507812 6.3832540512084960938 6.7954440116882324219 7.3960399627685546875 8.2534465789794921875 8.2865724563598632812 7.5559315681457519531 7.3911938667297363281 7.9854321479797363281 8.7726678848266601562 9.0710439682006835938 8.469081878662109375 8.0016155242919921875 8.0669908523559570312 8.5174922943115234375 9.1469793319702148438 8.8516111373901367188 7.9179940223693847656 7.2601780891418457031 6.74564361572265625 7.4016442298889160156 8.0599756240844726562 8.6613168716430664062 8.0034284591674804688 7.3437199592590332031 6.9608960151672363281 6.9705786705017089844 7.5175380706787109375 7.3189864158630371094
9.6648321151733398438 8.616943359375 7.8425879478454589844 7.3505072593688964844 6.9883379936218261719 6.6645283699035644531 6.3447265625 6.8071293830871582031 7.3278245925903320312 8.0229463577270507812 7.7842893600463867188 6.9417333602905273438 6.3701205253601074219 6.6672191619873046875 7.3317518234252929688 8.2099456787109375 8.1074647903442382812 7.3629803657531738281 7.3035054206848144531 7.8936052322387695312 8.4416828155517578125 8.9692678451538085938 8.4895944595336914062 7.9721627235412597656 8.0328845977783203125 8.4827642440795898438 9.1066532135009765625 8.8957071304321289062 8.021453857421875 7.3226599693298339844 6.8050975799560546875 7.0005655288696289062 7.7645106315612792969 8.5404939651489257812 7.9849467277526855469 7.3112382888793945312 6.9267325401306152344 6.9397892951965332031 7.3469357490539550781 7.1538572311401367188
9.7746000289916992188 8.7687520980834960938 7.9174990653991699219 7.3791832923889160156 6.9989156723022460938 6.6699018478393554688 6.3583831787109375 6.6980333328247070312 7.2619161605834960938 7.9561181068420410156 7.7133226394653320312 6.8712449073791503906 6.287792205810546875 6.5769715309143066406 7.2313647270202636719 8.11396026611328125 7.9997754096984863281 7.2515826225280761719 6.8414673805236816406 7.2437562942504882812 7.8135952949523925781 8.692768096923828125 8.5004091262817382812 7.9734754562377929688 7.9152827262878417969 8.4111194610595703125 9.0207700729370117188 8.5335988998413085938 7.8570380210876464844 7.3313159942626953125 6.5189852714538574219 7.0497503280639648438 7.7665438652038574219 8.5130681991577148438 7.974918365478515625 7.3120274543762207031 6.9319043159484863281 6.7590384483337402344 7.1260037422180175781 7.0764560699462890625
9.8382616043090820312 8.956878662109375 8.0398616790771484375 7.4326601028442382812 7.0202875137329101562 6.6782636642456054688 6.3597197532653808594 6.5525674819946289062 7.1153402328491210938 7.8052730560302734375 7.6449370384216308594 6.8000216484069824219 6.2077250480651855469 6.5039820671081542969 7.1587052345275878906 8.012508392333984375 7.865264892578125 7.2027034759521484375 6.6501207351684570312 7.1115469932556152344 7.7771348953247070312 8.60987091064453125 8.452800750732421875 7.9147791862487792969 7.8640885353088378906 8.3686971664428710938 8.9562635421752929688 8.36490631103515625 7.4786481857299804688 6.8833737373352050781 6.4346623420715332031 7.0023403167724609375 7.7339377403259277344 8.4798555374145507812 7.9377546310424804688 7.2808856964111328125 6.9150819778442382812 6.7211313247680664062 7.0359363555908203125 7.0113635063171386719
9.7807607650756835938 9.1887874603271484375 8.2803325653076171875 7.5649399757385253906 7.07727813720703125 6.6922860145568847656 6.3400235176086425781 6.4963374137878417969 7.03958892822265625 7.7135138511657714844 7.5659761428833007812 6.7325572967529296875 6.1698088645935058594 6.3430752754211425781 7.0805449485778808594 7.9027099609375 7.4517149925231933594 6.6931118965148925781 6.5726861953735351562 7.107379913330078125 7.8069510459899902344 8.5718889236450195312 8.4040517807006835938 7.8225560188293457031 7.8717927932739257812 8.37715911865234375 8.9126873016357421875 8.3802337646484375 7.5500888824462890625 6.9109659194946289062 6.3652811050415039062 6.9421606063842773438 7.6828846931457519531 8.4307413101196289062 7.8783726692199707031 7.2239308357238769531 6.8817448616027832031 6.7122769355773925781 6.9754199981689453125 6.9556751251220703125
9.4260606765747070312 9.0564680099487304688 8.4972505569458007812 7.783176422119140625 7.23114776611328125 6.7691831588745117188 6.3275704383850097656 6.4657564163208007812 7.0273232460021972656 7.7094564437866210938 7.4796428680419921875 6.6325893402099609375 6.0179491043090820312 6.3625073432922363281 7.0673117637634277344 7.7308483123779296875 7.4180626869201660156 6.683818817138671875 6.3765130043029785156 6.9474291801452636719 7.4718790054321289062 8.2070713043212890625 8.4196825027465820312 7.8532347679138183594 7.7279410362243652344 8.1991910934448242188 8.6992979049682617188 8.102130889892578125 7.3006443977355957031 6.69953155517578125 6.3786406517028808594 6.9222288131713867188 7.6390962600708007812 8.3769044876098632812 7.8231396675109863281 7.1687941551208496094 6.8436126708984375 6.6699533462524414062 6.92800140380859375 6.9045844078063964844
8.9954786300659179688 8.6083707809448242188 8.3397169113159179688 7.4810171127319335938 7.0123457908630371094 6.639629364013671875 6.1903247833251953125 6.4957489967346191406 7.0731377601623535156 7.7479028701782226562 7.4445061683654785156 6.6236772537231445312 6.0616273880004882812 6.0346980094909667969 6.5289897918701171875 7.3271374702453613281 7.3363757133483886719 6.5849051475524902344 6.1150522232055664062 6.5482144355773925781 7.1458139419555664062 8.0073919296264648438 8.3842477798461914062 7.8466968536376953125 7.4026360511779785156 7.9694724082946777344 8.5681209564208984375 8.0753173828125 7.2586574554443359375 6.6510443687438964844 6.3198370933532714844 6.8691759109497070312 7.5501461029052734375 8.304409027099609375 7.7814040184020996094 7.1248865127563476562 6.8106050491333007812 6.6215829849243164062 6.8797173500061035156 6.85414886474609375
