ztopo_5m_resolution.asc
ncols        200
nrows        100
xllcorner    0.000000000000
yllcorner    0.000000000000
cellsize     5.000000000000
NODATA_value  -99999
[rows 36 to 53 of 100, columns 160 to 199 of 200]
6.6445302963256835938 6.823726654052734375 7.130462646484375 7.7403864860534667969 8.577487945556640625 8.6338090896606445312 8.1216373443603515625 7.7219634056091308594 7.3836231231689453125 7.2716884613037109375 7.5515666007995605469 7.8378658294677734375 8.3255548477172851562 8.9649400711059570312 8.648044586181640625 7.8334364891052246094 7.2811212539672851562 6.8846950531005859375 6.5253186225891113281 6.1706342697143554688 6.3414855003356933594 6.777713775634765625 7.1598539352416992188 7.7713999748229980469 8.37274932861328125 7.9340162277221679688 7.4376125335693359375 7.4962148666381835938 7.9854526519775390625 7.548892974853515625 7.4920291900634765625 7.9382357597351074219 8.5044803619384765625 9.0467233657836914062 8.4668378829956054688 7.7222070693969726562 8.0932989120483398438 8.5846815109252929688 9.233154296875 9.97618865966796875
6.5937452316284179688 6.8080892562866210938 7.1341719627380371094 7.7747144699096679688 8.60619354248046875 8.5236310958862304688 7.9207439422607421875 7.5924525260925292969 7.3647470474243164062 7.2168817520141601562 7.5356211662292480469 7.8518595695495605469 8.3794546127319335938 8.9409799575805664062 8.4621343612670898438 7.9202694892883300781 7.5014414787292480469 7.1196765899658203125 6.714382171630859375 6.2086849212646484375 5.9809737205505371094 6.3879346847534179688 6.9814858436584472656 7.7143621444702148438 8.3371486663818359375 7.9063158035278320312 7.4148340225219726562 7.20897674560546875 7.7870531082153320312 7.4794001579284667969 7.4310474395751953125 7.8958268165588378906 8.467681884765625 9.0008602142333984375 8.402294158935546875 7.6514601707458496094 8.094120025634765625 8.6819677352905273438 9.3227968215942382812 9.9121685028076171875
6.6459784507751464844 6.8391084671020507812 7.2213807106018066406 7.9214882850646972656 8.63946533203125 8.4317502975463867188 7.9874682426452636719 7.5457715988159179688 7.0636777877807617188 7.4626202583312988281 7.7328877449035644531 8.065216064453125 8.5111436843872070312 8.8221912384033203125 7.9840726852416992188 7.2629222869873046875 6.8890380859375 6.507114410400390625 6.1196866035461425781 5.5856661796569824219 6.263530731201171875 6.7506880760192871094 7.1324696540832519531 7.7118592262268066406 8.283447265625 7.8335795402526855469 7.3183965682983398438 7.097568511962890625 7.6714181900024414062 7.2510929107666015625 7.4124011993408203125 7.8703474998474121094 8.4438123703002929688 8.992450714111328125 8.4340372085571289062 7.7505803108215332031 7.9796953201293945312 8.4072475433349609375 8.8469514846801757812 9.5820865631103515625
6.7032313346862792969 6.9179663658142089844 7.3755464553833007812 8.129550933837890625 8.4543676376342773438 8.0057744979858398438 7.6736278533935546875 7.4025392532348632812 6.8077340126037597656 7.4852876663208007812 7.7774472236633300781 7.9215483665466308594 8.2610578536987304688 8.6491937637329101562 8.0442304611206054688 7.2829446792602539062 6.9084000587463378906 6.5788073539733886719 6.1938610076904296875 5.5554685592651367188 5.8705472946166992188 6.2399125099182128906 6.68799591064453125 7.4615855216979980469 8.177509307861328125 7.7498302459716796875 7.2172155380249023438 6.9881720542907714844 7.5384321212768554688 7.1248240470886230469 7.3907947540283203125 7.8642377853393554688 8.441318511962890625 8.9977130889892578125 8.459217071533203125 7.7881579399108886719 7.6386518478393554688 8.0938158035278320312 8.735565185546875 9.5117330551147460938
6.6882433891296386719 7.0022840499877929688 7.5149450302124023438 8.2093172073364257812 8.2946538925170898438 7.6992735862731933594 7.3270363807678222656 7.0234317779541015625 6.874065399169921875 7.2436337471008300781 7.2763705253601074219 7.4089779853820800781 7.7586789131164550781 8.253353118896484375 8.150691986083984375 7.2469453811645507812 6.4789052009582519531 6.2078442573547363281 5.8871684074401855469 5.3953161239624023438 5.5593657493591308594 6.0557827949523925781 6.6632657051086425781 7.4424281120300292969 8.0731639862060546875 7.6093525886535644531 7.02115631103515625 6.9067373275756835938 7.2809247970581054688 7.0527691841125488281 7.4638309478759765625 7.9126191139221191406 8.4700145721435546875 9.0055389404296875 8.4414196014404296875 7.7435474395751953125 7.6057519912719726562 8.1700239181518554688 8.842456817626953125 9.476436614990234375
6.5884213447570800781 6.8300089836120605469 7.1977815628051757812 7.8088293075561523438 8.402873992919921875 8.00325775146484375 7.6374354362487792969 7.3215136528015136719 6.855785369873046875 6.7498526573181152344 6.8248639106750488281 7.0953536033630371094 7.3972072601318359375 7.8544011116027832031 8.1901607513427734375 7.3543853759765625 6.5670981407165527344 6.0017919540405273438 5.5679116249084472656 5.201541900634765625 5.6261305809020996094 6.2048892974853515625 6.7122678756713867188 7.1993441581726074219 7.7924909591674804688 7.4993863105773925781 6.8663334846496582031 6.7883286476135253906 6.9784369468688964844 7.1759133338928222656 7.5537676811218261719 7.9406838417053222656 8.4831485748291015625 9.0132627487182617188 8.4499034881591796875 7.7448396682739257812 7.5158896446228027344 8.071346282958984375 8.4909868240356445312 9.1342620849609375
6.1459650993347167969 6.5154557228088378906 6.9871354103088378906 7.7057256698608398438 8.4287281036376953125 8.1997127532958984375 7.7505326271057128906 7.3080358505249023438 6.8497576713562011719 6.3594269752502441406 6.5105586051940917969 6.995792388916015625 7.3579511642456054688 7.8001613616943359375 8.2188196182250976562 7.4642629623413085938 6.6456775665283203125 6.069732666015625 5.5987138748168945312 5.1535048484802246094 5.2881588935852050781 5.7796754837036132812 5.9827971458435058594 6.5244340896606445312 7.3364276885986328125 7.3029503822326660156 6.6290788650512695312 6.781330108642578125 6.9906048774719238281 6.9904294013977050781 7.4468941688537597656 7.9020047187805175781 8.4598369598388671875 9.0186004638671875 8.5015811920166015625 7.8109269142150878906 7.3239808082580566406 7.5536875724792480469 8.1960649490356445312 8.953769683837890625
6.2889232635498046875 6.5505847930908203125 7.0043935775756835938 7.721004486083984375 8.3051166534423828125 7.80584716796875 7.4397311210632324219 7.2113170623779296875 6.9454808235168457031 6.3455595970153808594 6.7248449325561523438 7.1945071220397949219 7.5183176994323730469 7.8101801872253417969 8.1640529632568359375 7.6087450981140136719 6.7368693351745605469 6.1201415061950683594 5.6483435630798339844 5.2376370429992675781 4.85958099365234375 5.2208561897277832031 5.5600686073303222656 6.2207064628601074219 7.0929741859436035156 7.1787905693054199219 6.501163482666015625 6.6955542564392089844 6.8871665000915527344 6.8852934837341308594 7.3897042274475097656 7.9124937057495117188 8.4796571731567382812 9.0052022933959960938 8.5529794692993164062 7.8292126655578613281 7.2866501808166503906 7.5652451515197753906 8.1540060043334960938 8.882358551025390625
6.1551995277404785156 6.4896388053894042969 6.9966788291931152344 7.7298064231872558594 8.2585077285766601562 7.6603841781616210938 7.1240773200988769531 6.7527041435241699219 6.3969674110412597656 5.961551666259765625 6.6938729286193847656 7.1145443916320800781 7.1152629852294921875 7.3049626350402832031 7.7878136634826660156 7.7549653053283691406 6.8632259368896484375 6.1633081436157226562 5.6515212059020996094 5.2202754020690917969 4.843372344970703125 5.2098526954650878906 5.6905550956726074219 6.2034626007080078125 7.0167546272277832031 7.0705652236938476562 6.379451751708984375 6.5844054222106933594 6.6270732879638671875 7.0390114784240722656 7.5887022018432617188 7.972148895263671875 8.1964435577392578125 8.7035570144653320312 8.6179256439208984375 7.8763585090637207031 7.3105845451354980469 7.42606353759765625 8.050052642822265625 8.7926015853881835938
6.3082723617553710938 6.7440366744995117188 7.1822967529296875 7.8144526481628417969 8.35219573974609375 7.9431886672973632812 7.5188617706298828125 7.1817264556884765625 6.8197698593139648438 6.1742615699768066406 6.1920270919799804688 6.61071014404296875 6.4929919242858886719 6.8931031227111816406 7.3874354362487792969 7.7773880958557128906 6.9604544639587402344 6.1858358383178710938 5.6394786834716796875 5.1936936378479003906 4.8148126602172851562 4.9386811256408691406 5.44577789306640625 6.1024379730224609375 6.9187288284301757812 6.9651050567626953125 6.2583355903625488281 6.45603179931640625 6.6310205459594726562 6.5640211105346679688 7.0297722816467285156 7.312458038330078125 7.5840229988098144531 8.2874536514282226562 8.6009721755981445312 7.8766598701477050781 7.2671365737915039062 7.3582024574279785156 7.96430206298828125 8.7027587890625
6.1116476058959960938 6.5410094261169433594 7.0465569496154785156 7.780254364013671875 8.3863697052001953125 8.0000324249267578125 7.5429100990295410156 7.2270069122314453125 6.8382601737976074219 6.3553476333618164062 5.6001110076904296875 5.9687018394470214844 6.3469190597534179688 6.8296251296997070312 7.3653593063354492188 7.7807769775390625 6.9830579757690429688 6.1680245399475097656 5.6019349098205566406 5.147380828857421875 4.7526135444641113281 4.9907097816467285156 5.4681634902954101562 5.9548091888427734375 6.7822360992431640625 6.8590421676635742188 6.1369571685791015625 6.3363108634948730469 6.4749846458435058594 6.2556700706481933594 6.6307044029235839844 7.0558381080627441406 7.6011719703674316406 8.2989416122436523438 8.5805206298828125 7.8563361167907714844 7.2574663162231445312 7.2213459014892578125 7.8673853874206542969 8.6208009719848632812
6.1938576698303222656 6.6959986686706542969 7.2492656707763671875 7.820384979248046875 8.2188396453857421875 7.7374939918518066406 7.3387608528137207031 7.0099849700927734375 6.6780529022216796875 6.3096089363098144531 5.6819581985473632812 6.0560469627380371094 6.5644006729125976562 7.0093617439270019531 7.4497790336608886719 7.7846531867980957031 6.9931793212890625 6.1455187797546386719 5.5638413429260253906 5.1103115081787109375 4.7235364913940429688 4.6860880851745605469 5.1539163589477539062 5.8032441139221191406 6.67877197265625 6.7701783180236816406 6.02074432373046875 6.09474945068359375 5.9355311393737792969 6.6433835029602050781 7.2317881584167480469 7.7032370567321777344 8.0453443527221679688 8.4159498214721679688 8.54692840576171875 7.8070545196533203125 7.1294894218444824219 7.2075757980346679688 7.8283777236938476562 8.5753641128540039062
5.9645924568176269531 6.3640422821044921875 6.7682399749755859375 7.2876734733581542969 7.9470739364624023438 7.6217670440673828125 7.0472102165222167969 6.581562042236328125 6.1468214988708496094 5.7387456893920898438 5.4318389892578125 6.1299195289611816406 6.6229748725891113281 6.7285561561584472656 7.042125701904296875 7.5594305992126464844 7.0650773048400878906 6.16521453857421875 5.5411629676818847656 5.0686593055725097656 4.6692929267883300781 4.6281828880310058594 5.1248254776000976562 5.7920632362365722656 6.6434826850891113281 6.6150040626525878906 5.9750933647155761719 5.9335336685180664062 6.4319753646850585938 7.0467696189880371094 7.5578122138977050781 7.4650712013244628906 7.3397855758666992188 7.8069758415222167969 8.3718128204345703125 7.8406605720520019531 7.1098394393920898438 7.204059600830078125 7.8555650711059570312 8.4590826034545898438
5.2879047393798828125 5.721466064453125 6.2575063705444335938 6.931232452392578125 7.7401423454284667969 7.78989410400390625 7.2696256637573242188 6.8311758041381835938 6.4631009101867675781 6.0127987861633300781 5.5301580429077148438 5.479785919189453125 6.0113596916198730469 5.9215645790100097656 6.4676766395568847656 7.1762642860412597656 7.0927281379699707031 6.1772198677062988281 5.5130352973937988281 5.0203485488891601562 4.6113915443420410156 4.5712766647338867188 5.0916204452514648438 5.8025488853454589844 6.5700707435607910156 6.1590509414672851562 5.5365500450134277344 5.9069051742553710938 6.5825657844543457031 7.2730646133422851562 7.0621786117553710938 6.602649688720703125 6.6235494613647460938 7.2152094841003417969 8.070972442626953125 7.9363040924072265625 7.20461273193359375 6.82529449462890625 7.3344702720642089844 8.1141109466552734375
5.3616175651550292969 5.8338379859924316406 6.2911529541015625 6.9198141098022460938 7.7013125419616699219 7.7710490226745605469 7.3565092086791992188 7.0380268096923828125 6.7720637321472167969 6.5045294761657714844 5.8225893974304199219 5.0757927894592285156 5.2795023918151855469 5.6404032707214355469 6.3155913352966308594 7.0941414833068847656 7.0458955764770507812 6.1389970779418945312 5.4813213348388671875 4.9776988029479980469 4.5539336204528808594 4.5138430595397949219 5.0578289031982421875 5.801204681396484375 6.4764533042907714844 5.8773784637451171875 5.4130444526672363281 5.9645099639892578125 6.6763458251953125 6.9580435752868652344 6.359619140625 5.9085416793823242188 6.4990715980529785156 7.1937956809997558594 8.0084810256958007812 7.9574427604675292969 7.2062015533447265625 6.5975251197814941406 7.2531542778015136719 7.9982714653015136719
5.3770470619201660156 5.8796215057373046875 6.4273657798767089844 6.9894876480102539062 7.583332061767578125 7.4867672920227050781 6.8163852691650390625 6.4467597007751464844 6.0798006057739257812 6.0283541679382324219 5.527130126953125 4.9629917144775390625 5.1041140556335449219 5.7001452445983886719 6.4294705390930175781 7.1754884719848632812 6.9462695121765136719 6.0119862556457519531 5.3190784454345703125 4.82196044921875 4.3884210586547851562 4.50511932373046875 5.0410914421081542969 5.7909379005432128906 6.4143671989440917969 5.7798819541931152344 5.3340744972229003906 5.9676146507263183594 6.6385531425476074219 6.3335061073303222656 5.6924715042114257812 5.8432493209838867188 6.4526195526123046875 7.1818866729736328125 8.011928558349609375 7.9417486190795898438 7.1514916419982910156 6.5146288871765136719 7.2319698333740234375 7.901203155517578125
5.4493532180786132812 5.9096531867980957031 6.1366982460021972656 6.4134168624877929688 7.0504245758056640625 7.4736318588256835938 6.9187173843383789062 6.3591828346252441406 5.9298648834228515625 5.5265336036682128906 5.1202001571655273438 4.7200527191162109375 5.3946471214294433594 6.0910120010375976562 6.616321563720703125 7.1256284713745117188 6.8665571212768554688 5.9180622100830078125 5.2282724380493164062 4.7647342681884765625 4.3310790061950683594 4.4646677970886230469 5.0272603034973144531 5.7914609909057617188 6.36296844482421875 5.7135767936706542969 5.1176753044128417969 5.8590140342712402344 6.3231325149536132812 5.6627383232116699219 5.2572798728942871094 5.8060970306396484375 6.4569306373596191406 7.2098393440246582031 8.025485992431640625 7.9853539466857910156 7.1941771507263183594 6.5464100837707519531 6.8580408096313476562 7.5257563591003417969
4.7720956802368164062 5.248538970947265625 5.3728952407836914062 5.9072737693786621094 6.6748485565185546875 7.4096264839172363281 7.0881519317626953125 6.7115674018859863281 6.3724718093872070312 5.9775872230529785156 5.38243865966796875 4.6208252906799316406 5.3844704627990722656 5.7322049140930175781 6.0182504653930664062 6.7327780723571777344 6.7973155975341796875 5.9124979972839355469 5.1832294464111328125 4.6318612098693847656 4.1579937934875488281 4.4762911796569824219 5.0594725608825683594 5.8505277633666992188 6.2609729766845703125 5.5944118499755859375 5.1056685447692871094 5.8576931953430175781 5.9421138763427734375 5.0303521156311035156 5.2505555152893066406 5.8266019821166992188 6.4547410011291503906 7.1079411506652832031 7.8707680702209472656 8.034271240234375 7.3661522865295410156 6.728015899658203125 6.4481134414672851562 7.2562818527221679688
