ztopo_5m_resolution.asc
ncols        200
nrows        100
xllcorner    0.000000000000
yllcorner    0.000000000000
cellsize     5.000000000000
NODATA_value  -99999
[rows 36 to 53 of 100, columns 0 to 39 of 200]
9.5730371475219726562 8.54987335205078125 7.6981477737426757812 7.316028594970703125 7.150146484375 7.0650916099548339844 7.0274577140808105469 6.9882040023803710938 7.0332837104797363281 7.1016597747802734375 6.3385572433471679688 6.654949188232421875 7.4397420883178710938 8.43985748291015625 8.7511053085327148438 8.157238006591796875 7.5174646377563476562 6.8767185211181640625 6.3453803062438964844 6.4555783271789550781 7.1005053520202636719 7.6367926597595214844 6.9861268997192382812 6.0345101356506347656 5.2309236526489257812 4.7478857040405273438 5.1032924652099609375 5.7212929725646972656 6.7239274978637695312 7.7493901252746582031 7.3604407310485839844 6.6459188461303710938 6.1517024040222167969 6.6905007362365722656 7.1071562767028808594 7.7558894157409667969 8.3489818572998046875 7.6786265373229980469 6.9623699188232421875 6.4261078834533691406
9.680873870849609375 8.86956024169921875 8.271480560302734375 7.8345355987548828125 7.5073103904724121094 7.2697658538818359375 7.0649709701538085938 6.8919606208801269531 6.8839168548583984375 6.979175567626953125 6.2035098075866699219 6.6358742713928222656 7.4858102798461914062 8.2734498977661132812 8.5235462188720703125 7.9168329238891601562 7.4568791389465332031 6.9421567916870117188 6.3456902503967285156 6.4233388900756835938 7.1059284210205078125 7.3013238906860351562 6.3448305130004882812 5.7973880767822265625 5.3345866203308105469 4.703601837158203125 5.1452069282531738281 5.8150067329406738281 6.732189178466796875 7.6567373275756835938 7.4970774650573730469 6.7873854637145996094 6.103252410888671875 6.2040419578552246094 6.8496346473693847656 7.5795927047729492188 8.2602214813232421875 7.6701803207397460938 6.9264512062072753906 6.37520599365234375
9.5199108123779296875 8.5730772018432617188 7.9116253852844238281 7.5043802261352539062 7.2194433212280273438 7.01865386962890625 6.9027872085571289062 6.7598433494567871094 6.7453436851501464844 6.9244632720947265625 6.2519993782043457031 6.210208892822265625 6.7647547721862792969 7.6559123992919921875 8.3082284927368164062 7.6158761978149414062 6.93381500244140625 6.4722485542297363281 6.1108670234680175781 6.4201231002807617188 7.1084117889404296875 7.1610321998596191406 6.0783133506774902344 5.2584409713745117188 4.8778333663940429688 4.6940355300903320312 4.995532989501953125 5.53143310546875 6.3850550651550292969 7.4691743850708007812 7.5053877830505371094 6.7900843620300292969 6.1411962509155273438 6.2001581192016601562 6.8931450843811035156 7.6346983909606933594 8.2739706039428710938 7.65734100341796875 6.8929553031921386719 6.3274817466735839844
9.3962602615356445312 8.23520660400390625 7.3735547065734863281 6.9160256385803222656 6.7713856697082519531 6.6882834434509277344 6.6567025184631347656 6.5554108619689941406 6.6541604995727539062 6.8985838890075683594 6.3632092475891113281 5.7477235794067382812 6.4689059257507324219 7.4194574356079101562 8.2328596115112304688 7.7746310234069824219 7.1127796173095703125 6.54412841796875 6.0926418304443359375 6.4049592018127441406 7.0820002555847167969 7.1606149673461914062 6.115894317626953125 5.3011069297790527344 4.8420495986938476562 4.6669607162475585938 4.97153472900390625 5.5067043304443359375 6.3738856315612792969 7.4476246833801269531 7.3776526451110839844 6.6010231971740722656 5.7425246238708496094 6.2894835472106933594 7.0197849273681640625 7.7564034461975097656 8.2856435775756835938 7.6722855567932128906 6.886199951171875 6.3041534423828125
9.4698963165283203125 8.3108263015747070312 7.4439339637756347656 6.9604096412658691406 6.6809239387512207031 6.3928270339965820312 6.2267160415649414062 6.0948443412780761719 6.5693640708923339844 6.8538274765014648438 6.3550291061401367188 5.4526791572570800781 6.2725114822387695312 7.041164398193359375 7.9545431137084960938 7.6069703102111816406 6.9766707420349121094 6.4787750244140625 6.0804581642150878906 6.2396893501281738281 6.8672509193420410156 7.1539745330810546875 6.1522965431213378906 5.2980494499206542969 4.8171396255493164062 4.6376261711120605469 4.9762830734252929688 5.5694489479064941406 6.4601945877075195312 7.4443097114562988281 7.2731680870056152344 6.4091978073120117188 5.6701874732971191406 6.4782285690307617188 7.2297501564025878906 7.6852049827575683594 8.1079692840576171875 7.7309842109680175781 6.9225482940673828125 6.2950453758239746094
9.6116342544555664062 8.4243345260620117188 7.47156524658203125 7.0293140411376953125 6.8533926010131835938 6.7290430068969726562 6.6147336959838867188 6.1600942611694335938 6.1068387031555175781 6.6464452743530273438 6.2814426422119140625 5.27104949951171875 5.9150986671447753906 6.7853894233703613281 7.7778749465942382812 7.4745969772338867188 6.8570876121520996094 6.383464813232421875 5.9886746406555175781 6.2174916267395019531 6.8149914741516113281 7.1647410392761230469 6.21916961669921875 5.3318324089050292969 4.8119339942932128906 4.6223359107971191406 5.0354752540588378906 5.5367302894592285156 6.1958346366882324219 7.0997576713562011719 7.3059186935424804688 6.4716114997863769531 5.7243027687072753906 6.1468195915222167969 6.733196258544921875 7.2144131660461425781 7.8357219696044921875 7.6346888542175292969 6.9786014556884765625 6.3348593711853027344
9.7619981765747070312 8.6411113739013671875 7.8104777336120605469 7.4154405593872070312 7.0852565765380859375 6.7994132041931152344 6.5417532920837402344 6.1954698562622070312 5.5638890266418457031 6.3164529800415039062 6.1577820777893066406 5.1410622596740722656 5.8360729217529296875 6.7439112663269042969 7.7192754745483398438 7.3736448287963867188 6.7062602043151855469 6.2328228950500488281 5.8699359893798828125 6.1727323532104492188 6.7851500511169433594 7.0370049476623535156 6.2012939453125 5.4148044586181640625 4.8737349510192871094 4.5052037239074707031 4.7669019699096679688 5.1688256263732910156 5.8787088394165039062 6.9259314537048339844 7.3142375946044921875 6.5165677070617675781 5.7673063278198242188 5.7381491661071777344 6.1961827278137207031 7.0279383659362792969 7.7356553077697753906 7.3232831954956054688 6.501918792724609375 5.9079036712646484375
9.8300342559814453125 8.8207979202270507812 7.7120137214660644531 6.9206089973449707031 6.567234039306640625 6.2559661865234375 6.0486788749694824219 5.8540749549865722656 5.1993002891540527344 6.1478257179260253906 5.8246235847473144531 5.1106348037719726562 5.8698530197143554688 6.7946481704711914062 7.6222834587097167969 7.3442091941833496094 6.6809978485107421875 6.1970801353454589844 5.8031644821166992188 6.1072020530700683594 6.7137403488159179688 6.9025645256042480469 5.9923605918884277344 5.1938962936401367188 4.7162184715270996094 4.5143423080444335938 4.7651014328002929688 5.1628050804138183594 5.8759894371032714844 6.9170069694519042969 7.266895294189453125 6.4595489501953125 5.6559462547302246094 5.7464284896850585938 6.4911618232727050781 7.231166839599609375 7.7475900650024414062 7.2693543434143066406 6.4704327583312988281 5.8602309226989746094
9.6785106658935546875 9.031108856201171875 7.8942165374755859375 6.9577889442443847656 6.3570013046264648438 6.0244359970092773438 5.7398886680603027344 5.2175273895263671875 5.1307086944580078125 6.0166468620300292969 5.7481293678283691406 5.0481820106506347656 5.67247772216796875 6.22934722900390625 7.1194610595703125 7.2984452247619628906 6.6260251998901367188 6.1274485588073730469 5.7359433174133300781 6.0580892562866210938 6.6759538650512695312 6.5843191146850585938 5.6967420578002929688 5.1288866996765136719 4.730129241943359375 4.4850420951843261719 4.7530217170715332031 5.1634430885314941406 5.9036746025085449219 6.957683563232421875 7.1106581687927246094 6.3410925865173339844 5.5913038253784179688 5.8166995048522949219 6.7003617286682128906 7.2521023750305175781 7.6331858634948730469 7.2711458206176757812 6.4837188720703125 5.8567261695861816406
9.3057880401611328125 9.137302398681640625 8.192058563232421875 7.1306085586547851562 6.43001556396484375 5.9132456779479980469 5.6845154762268066406 5.3230910301208496094 4.9294958114624023438 5.8545565605163574219 5.8252625465393066406 5.0615515708923339844 4.8159818649291992188 5.6031670570373535156 6.7446885108947753906 7.2001385688781738281 6.5900373458862304688 6.1054887771606445312 5.6739673614501953125 6.0292768478393554688 6.6514616012573242188 6.5307307243347167969 5.5987529754638671875 4.9337835311889648438 4.5643062591552734375 4.4908399581909179688 4.7520904541015625 5.1745691299438476562 5.9538836479187011719 6.9955644607543945312 7.0103707313537597656 6.1791658401489257812 5.2985653877258300781 5.8797769546508789062 6.5025906562805175781 6.955715179443359375 7.5060176849365234375 7.0693182945251464844 6.2722954750061035156 5.6548199653625488281
8.965991973876953125 8.9339628219604492188 8.4424390792846679688 7.3039507865905761719 6.4747271537780761719 5.9706683158874511719 5.7204675674438476562 5.3126091957092285156 4.5177831649780273438 5.5680079460144042969 5.1925868988037109375 4.4063549041748046875 5.3099398612976074219 6.0420689582824707031 6.9502105712890625 7.0089092254638671875 6.3638548851013183594 5.8958177566528320312 5.5285258293151855469 6.0326519012451171875 6.6173925399780273438 6.2114663124084472656 5.5879216194152832031 5.0716071128845214844 4.6112551689147949219 4.4645676612854003906 4.7478151321411132812 5.2076482772827148438 6.0509181022644042969 7.023067474365234375 6.5450658798217773438 5.8005857467651367188 4.8561558723449707031 5.8386807441711425781 6.0885224342346191406 6.7505559921264648438 7.4128813743591308594 6.9491329193115234375 6.1570792198181152344 5.55463409423828125
8.63280487060546875 8.5883722305297851562 8.5819101333618164062 7.5281929969787597656 6.5470700263977050781 5.8685269355773925781 5.3851032257080078125 4.9063692092895507812 4.3166494369506835938 5.2620592117309570312 4.5332064628601074219 4.5880341529846191406 5.3479104042053222656 6.3402924537658691406 7.25632476806640625 6.8529081344604492188 6.2414565086364746094 5.8062534332275390625 5.4544477462768554688 5.9906158447265625 6.4999451637268066406 5.7374143600463867188 4.9783148765563964844 4.7154574394226074219 4.48618316650390625 4.4609341621398925781 4.7622013092041015625 5.2464351654052734375 6.1177158355712890625 7.0163903236389160156 6.4350066184997558594 5.5585184097290039062 4.669429779052734375 5.157604217529296875 5.9441494941711425781 6.7252874374389648438 7.3882422447204589844 6.8902940750122070312 6.1036620140075683594 5.4951047897338867188
8.317478179931640625 8.2463588714599609375 8.5020122528076171875 7.8214621543884277344 6.7717890739440917969 5.9008593559265136719 5.1710839271545410156 4.704845428466796875 4.1321206092834472656 4.9485158920288085938 4.0516247749328613281 4.6113762855529785156 5.3325214385986328125 6.321666717529296875 7.2571663856506347656 6.7557120323181152344 6.1602735519409179688 5.7330088615417480469 5.3829598426818847656 5.9305272102355957031 6.4271612167358398438 5.6734600067138671875 4.9271717071533203125 4.54559326171875 4.2876505851745605469 4.5206851959228515625 4.7896218299865722656 5.2736907005310058594 6.1599965095520019531 6.9980072975158691406 6.3265094757080078125 5.3991990089416503906 4.4912548065185546875 5.24602508544921875 5.9976358413696289062 6.7569956779479980469 7.3985657691955566406 6.8951869010925292969 6.158740997314453125 5.654438018798828125
8.0228681564331054688 7.9355440139770507812 8.096675872802734375 7.8106427192687988281 7.1227974891662597656 6.0998263359069824219 5.2808060646057128906 4.5978102684020996094 3.9814486503601074219 4.5640230178833007812 4.0148491859436035156 4.5856938362121582031 5.3447194099426269531 6.3728513717651367188 7.2738862037658691406 6.7152872085571289062 6.1097822189331054688 5.6676974296569824219 5.3119397163391113281 5.8708972930908203125 6.3711042404174804688 5.6338419914245605469 4.9138288497924804688 4.5334305763244628906 4.2663888931274414062 4.4958014488220214844 4.7769227027893066406 5.2623758316040039062 6.1621527671813964844 6.9584503173828125 6.2252750396728515625 5.275157928466796875 4.3620724678039550781 5.1508331298828125 5.9434380531311035156 6.7327752113342285156 7.3851060867309570312 6.8957438468933105469 6.1159715652465820312 5.443450927734375
7.7512335777282714844 7.6337056159973144531 7.6683144569396972656 7.3054876327514648438 7.3520975112915039062 6.3757510185241699219 5.4336009025573730469 4.7006535530090332031 4.0932369232177734375 4.0611925125122070312 3.9950244426727294922 4.6305842399597167969 5.4489498138427734375 6.5299596786499023438 7.2735047340393066406 6.7376575469970703125 6.1501531600952148438 5.6589674949645996094 5.2531704902648925781 5.8397994041442871094 6.311981201171875 5.5556230545043945312 4.8875589370727539062 4.5213665962219238281 4.2464880943298339844 4.469234466552734375 4.756153106689453125 5.23822021484375 6.1412057876586914062 6.9213223457336425781 6.1684703826904296875 5.2238025665283203125 4.3916454315185546875 4.8749880790710449219 5.7470021247863769531 6.67572784423828125 7.2638311386108398438 6.685672760009765625 6.0833911895751953125 5.5116376876831054688
7.5449962615966796875 7.2450232505798339844 7.2601122856140136719 6.7651076316833496094 7.2357606887817382812 6.6137180328369140625 5.57321929931640625 4.7732458114624023438 4.1577405929565429688 3.6657428741455078125 4.1870183944702148438 4.8631043434143066406 5.7514295578002929688 6.8391461372375488281 7.0344433784484863281 6.3207640647888183594 5.8370294570922851562 5.4386372566223144531 5.2543287277221679688 5.8767094612121582031 6.2707238197326660156 5.4698529243469238281 4.8043832778930664062 4.4156665802001953125 4.249725341796875 4.4616274833679199219 4.7479434013366699219 5.2307958602905273438 6.1422185897827148438 6.8866872787475585938 6.0933465957641601562 5.1282415390014648438 4.2775974273681640625 4.7861757278442382812 5.7301244735717773438 6.6662211418151855469 7.1220216751098632812 6.3723497390747070312 5.6715250015258789062 5.16302490234375
7.2764081954956054688 6.9430613517761230469 6.9258046150207519531 6.3680877685546875 6.8840575218200683594 6.7585062980651855469 5.687076568603515625 4.794414520263671875 4.1294064521789550781 3.6083483695983886719 4.1442646980285644531 4.8374619483947753906 5.7931065559387207031 6.8602089881896972656 6.6376404762268066406 6.117366790771484375 5.7178912162780761719 5.2106165885925292969 5.3293662071228027344 5.9732732772827148438 6.1325249671936035156 5.49604034423828125 4.8690195083618164062 4.4316067695617675781 4.2343292236328125 4.45186614990234375 4.7457737922668457031 5.24420928955078125 6.1784796714782714844 6.8532204627990722656 6.013790130615234375 5.0597958564758300781 4.1840081214904785156 4.7398142814636230469 5.5539231300354003906 6.3312578201293945312 7.0064930915832519531 6.3388094902038574219 5.5720582008361816406 4.9873914718627929688
7.0418519973754882812 6.6414384841918945312 6.7330331802368164062 6.1421356201171875 6.4756493568420410156 6.7573008537292480469 5.755084991455078125 4.7903347015380859375 4.087062835693359375 3.5513944625854492188 4.0920796394348144531 4.8081851005554199219 5.8149981498718261719 6.8161478042602539062 6.3148474693298339844 5.6416225433349609375 5.1891264915466308594 4.8789238929748535156 5.4030489921569824219 6.0176525115966796875 5.657596588134765625 5.0274758338928222656 4.7510352134704589844 4.4850597381591796875 4.2143678665161132812 4.4379057884216308594 4.7569222450256347656 5.2922153472900390625 6.2662634849548339844 6.802471160888671875 5.8757257461547851562 4.8586211204528808594 4.0177106857299804688 4.3619666099548339844 5.2269778251647949219 6.1926922798156738281 6.9299950599670410156 6.3364825248718261719 5.5581517219543457031 4.9818100929260253906
