output_new_topo_ddd_4/finaltopo_topographic__elevation.asc
ncols 300
nrows 100
xllcorner 0.0
yllcorner 0.0
cellsize 10.0
[rows 51 to 67 of 100, columns 74 to 110 of 300]
9.194828796367018242e+01 9.311771042633279194e+01 9.432596291059604710e+01 9.553751426955176385e+01 9.672230856763052032e+01 9.783545519273191360e+01 9.900799079808214742e+01 1.000480636503472738e+02 1.009171088484099812e+02 1.015460334835422600e+02 1.019784285673501500e+02 1.020160153351501009e+02 1.016480787564676689e+02 1.008487746258021787e+02 9.967422274707357133e+01 9.820751982847156114e+01 9.641307352687887544e+01 9.440994398457213777e+01 9.224532122089857467e+01 8.996086408433286863e+01 8.759484610537961657e+01 8.518020641965603090e+01 8.266928319939718506e+01 8.024025068917032399e+01 7.761999205302288374e+01 7.492082843929817670e+01 7.218459338344960941e+01 6.952484891120577970e+01 6.691035843055507826e+01 6.756431102776062403e+01 6.743232233220390981e+01 6.654818438835906136e+01 6.504141267357310596e+01 6.321251207642784209e+01 6.088114308604212255e+01 5.817646189567302883e+01 5.542883079978219030e+01
8.984418901367322974e+01 9.117646856182392412e+01 9.249731138783630513e+01 9.379267785695266468e+01 9.503262416808745172e+01 9.636541013633586772e+01 9.760438025676234020e+01 9.872177266026257314e+01 9.965492203952895522e+01 1.004820905745581570e+02 1.010056316658087638e+02 1.011441725213537950e+02 1.008951863645274187e+02 1.001861765590371363e+02 9.905834920851583547e+01 9.754480977778669626e+01 9.577627603184694749e+01 9.377567467084496400e+01 9.158835839036247251e+01 8.925746710679815976e+01 8.683392122378546674e+01 8.449489103768266318e+01 8.179174889481241451e+01 7.887752794983823890e+01 7.632060368692067698e+01 7.353781274195998208e+01 7.074203305913626139e+01 6.793788468411703718e+01 6.500310183874276504e+01 6.539808148746654126e+01 6.543045416314690499e+01 6.490254762032108715e+01 6.363471935528227164e+01 6.188673378182127749e+01 5.988030379504715484e+01 5.747090097007541232e+01 5.463669134591184928e+01
8.776590775460293514e+01 8.925059484446472879e+01 9.064095505190273627e+01 9.198140230441791232e+01 9.343910972890375888e+01 9.483432762040047237e+01 9.614818467191814477e+01 9.732358566926502874e+01 9.846239853697451849e+01 9.937237612785575891e+01 9.999421895533198779e+01 1.002499585590948783e+02 1.001212350924927819e+02 9.952304993666058408e+01 9.849913674791417861e+01 9.713552930111059425e+01 9.539954876090769176e+01 9.339875902774330996e+01 9.117440224577376284e+01 8.875112939755508989e+01 8.612349350121853320e+01 8.320845574188946614e+01 8.038735727157049382e+01 7.749921589977090264e+01 7.453890825858584890e+01 7.164127093861660001e+01 6.876501572281614472e+01 6.592888831692053486e+01 6.314368246416779584e+01 6.303390865716733771e+01 6.324660393386720614e+01 6.299447496985422390e+01 6.202156560801080332e+01 6.042739180224219098e+01 5.843096113238533462e+01 5.621132378211063951e+01 5.359990937282485390e+01
8.599098383349198116e+01 8.734008296457189147e+01 8.873112297358767364e+01 9.027668943530107981e+01 9.179033781063090203e+01 9.325731508915262680e+01 9.462418655046285210e+01 9.600798023426872874e+01 9.722129760071946691e+01 9.821670760769201536e+01 9.891971386144045653e+01 9.934813598668773693e+01 9.932715813322815279e+01 9.883217131774470943e+01 9.788746452067927351e+01 9.650592464867627029e+01 9.480833617386940659e+01 9.282555845111851056e+01 9.059842183396689563e+01 8.815982056938446476e+01 8.553679624215314448e+01 8.276285752002115714e+01 7.991772262921989523e+01 7.700958104712294983e+01 7.405878128010057537e+01 7.110304079106522579e+01 6.816173752021036591e+01 6.527616026097810220e+01 6.277140553529537925e+01 6.010069279465091796e+01 6.088425558037684482e+01 6.085836572476776496e+01 6.020894850453390035e+01 5.879673775033008098e+01 5.691018244027848283e+01 5.468657232960132575e+01 5.222230351813550442e+01
8.389826492915788947e+01 8.531633982805699645e+01 8.691840304561890207e+01 8.851725841730463173e+01 9.010051627416008557e+01 9.161686002898309766e+01 9.319275618256914129e+01 9.464551293725010339e+01 9.593769430068090287e+01 9.700067106588451793e+01 9.788251554739223081e+01 9.841289769477803873e+01 9.850474621697621558e+01 9.812378006441869616e+01 9.728290293705195779e+01 9.605438436978536743e+01 9.443164791167143335e+01 9.249715280112576465e+01 9.029805013375035116e+01 8.787521863136117872e+01 8.526595701394111870e+01 8.250810278317025848e+01 7.964229268105029291e+01 7.669234651420570970e+01 7.367725702852384018e+01 7.061213384085151290e+01 6.749966097171936497e+01 6.432510198164753490e+01 6.101759234429177781e+01 5.828613030592371302e+01 5.862556533758765198e+01 5.858428738540317227e+01 5.814102206704091458e+01 5.699173165494713089e+01 5.524412881534753694e+01 5.314782655550568791e+01 5.080266923861868378e+01
8.174085318490271845e+01 8.338860280774949274e+01 8.504968258225119371e+01 8.671982822786125666e+01 8.835110914337352028e+01 9.007637919989437592e+01 9.171751291932091021e+01 9.324507311187917935e+01 9.459561087723938044e+01 9.583798482762415460e+01 9.680952656746467255e+01 9.744222364228077993e+01 9.764475868614256626e+01 9.739572136466793495e+01 9.664807696159004990e+01 9.548173133573605753e+01 9.394940026327647331e+01 9.208310065122452670e+01 8.993271738214767197e+01 8.754324251861068262e+01 8.495523648135684880e+01 8.220554767157491938e+01 7.932663930472519098e+01 7.634301910130169233e+01 7.327248774907022266e+01 7.012559234767883254e+01 6.690273575873884226e+01 6.359037183326913834e+01 6.015381314943399360e+01 5.650132342058436308e+01 5.620420178594088156e+01 5.608291866552264082e+01 5.580890892650351276e+01 5.498876779484727706e+01 5.338826617312714973e+01 5.140537691114212038e+01 4.931355645767282425e+01
7.970022972396220950e+01 8.141016259913861575e+01 8.314752442529925247e+01 8.486709668158147224e+01 8.670749077191135257e+01 8.849584130099620438e+01 9.020956755220407786e+01 9.178967769691078615e+01 9.331883241386550765e+01 9.464155771686802154e+01 9.570248120565581473e+01 9.643100792631653917e+01 9.675211298435829121e+01 9.662221504875810751e+01 9.598674149441733050e+01 9.492324251448052053e+01 9.354626891850728043e+01 9.177837610719433314e+01 8.970019159237679673e+01 8.736124599800646706e+01 8.480508375372568253e+01 8.206945106044786087e+01 7.918631509424358228e+01 7.618167689480061711e+01 7.307604810637901949e+01 6.988493544306192007e+01 6.661981391986378753e+01 6.329125288241640845e+01 5.991675281410540777e+01 5.654015985398726230e+01 5.327471286036236364e+01 5.327157174004074847e+01 5.328005459663328480e+01 5.273656859512534112e+01 5.133735386649236432e+01 4.934727085459066842e+01 4.726741573326746959e+01
7.760569704005430935e+01 7.940517948536439974e+01 8.119617501850798647e+01 8.312573670573685547e+01 8.502831154802498759e+01 8.688840330200908113e+01 8.865138280373726332e+01 9.040919568144911977e+01 9.201291375512340664e+01 9.341684732296526761e+01 9.455792342281417007e+01 9.537842759200022158e+01 9.584167706453195024e+01 9.580040960158012808e+01 9.525079403884393514e+01 9.426534583421708646e+01 9.291962292302052617e+01 9.132443910167768308e+01 8.934773648664231871e+01 8.708543126005156410e+01 8.458459427204699921e+01 8.188498251336997669e+01 7.901962425975908388e+01 7.601657476320912110e+01 7.289946504008696593e+01 6.968840740284461788e+01 6.640138259366253237e+01 6.305727567123045674e+01 5.968179858826038497e+01 5.631812675669894475e+01 5.304498434573693544e+01 5.014038575799983732e+01 5.063888551333127452e+01 5.033197190266596976e+01 4.914210632170647841e+01 4.715019646691103361e+01 4.416492095898787795e+01
7.550681469580520400e+01 7.736196309683168693e+01 7.936302873542122427e+01 8.135431601501464627e+01 8.332858055214846615e+01 8.523631548271150393e+01 8.717610720740644581e+01 8.900523493536155684e+01 9.068589290024435456e+01 9.216133604224556564e+01 9.338887054954133760e+01 9.434595659993796346e+01 9.488848290919591477e+01 9.492514574924776127e+01 9.444399668114910185e+01 9.350684472641722778e+01 9.219830363007916674e+01 9.059390691943717400e+01 8.881369207012735956e+01 8.665810445983522925e+01 8.424172733804155655e+01 8.160725016489030281e+01 7.878760963102615733e+01 7.581286210957314609e+01 7.270855286509001303e+01 6.949690805165128893e+01 6.619660022696501755e+01 6.282236012248233692e+01 5.938271138884550027e+01 5.587176244196930242e+01 5.224423610036706833e+01 4.833226298681620392e+01 4.809027539168319976e+01 4.779166489424621744e+01 4.695999117680238299e+01 4.527466907055574552e+01 4.302377607450947039e+01
7.338683916609336677e+01 7.544519802202587755e+01 7.750606512460035447e+01 7.956909752041941886e+01 8.159037458856074920e+01 8.367388526454783459e+01 8.568331747111361096e+01 8.758753421458072808e+01 8.933523322347855355e+01 9.089569351335137526e+01 9.225726151746344783e+01 9.328529556462422079e+01 9.389795817948466095e+01 9.399552098693746416e+01 9.357371066734604881e+01 9.266226955073732086e+01 9.136229929835513985e+01 8.976025257482307040e+01 8.793075116539031910e+01 8.600638175220517212e+01 8.371009152678126952e+01 8.117977417733455070e+01 7.844017454878628826e+01 7.552649016802988058e+01 7.246469195609874703e+01 6.927952753572665756e+01 6.599179398379406791e+01 6.261900013122346564e+01 5.917502437994550490e+01 5.567135504814567071e+01 5.212222131721150475e+01 4.856514436417214142e+01 4.512763988852443475e+01 4.504648810160046679e+01 4.454728386077629665e+01 4.315893917887549946e+01 4.197979874499891650e+01
7.139483267200209582e+01 7.350875586029046360e+01 7.564171333957555987e+01 7.775166936322980860e+01 7.994731701722574257e+01 8.209959679520261489e+01 8.418367220101262660e+01 8.615312649647040644e+01 8.798657926220101899e+01 8.968068872596010976e+01 9.111065052473087178e+01 9.220541186736583938e+01 9.287408609808643689e+01 9.300988033955381695e+01 9.264888091976663986e+01 9.174598588641428876e+01 9.043059675271736353e+01 8.880150646256907976e+01 8.694167984583874897e+01 8.492333457545451836e+01 8.290327209853191448e+01 8.053819411021177643e+01 7.791630695686389174e+01 7.510572463807376664e+01 7.212188031451691472e+01 6.899618076190756710e+01 6.575081371007091491e+01 6.240791688097674239e+01 5.898690738656822674e+01 5.550813675565235172e+01 5.199965255315922263e+01 4.850903736538981548e+01 4.512318778886157133e+01 4.208319356494349961e+01 4.205047914378028651e+01 4.018304638670350926e+01 4.346634423137169279e+01
6.937460526919767290e+01 7.156993239806114104e+01 7.375116238555030179e+01 7.603348559236373205e+01 7.829699503024049534e+01 8.052405748321467627e+01 8.267322185697739201e+01 8.473025985375120683e+01 8.669842565349171082e+01 8.846226398531308632e+01 8.996041732914837041e+01 9.111221276922795198e+01 9.182348399158739483e+01 9.198132734720188353e+01 9.165389665944458386e+01 9.076659691435088462e+01 8.942227676480523257e+01 8.774274631355628173e+01 8.582347858169862320e+01 8.373937912992064980e+01 8.155343541767899751e+01 7.942500429006207696e+01 7.704454002612231989e+01 7.441169950177224734e+01 7.154846918003873668e+01 6.852838326057623419e+01 6.536143500107030491e+01 6.207865292092301956e+01 5.869938418742511743e+01 5.523976505997191566e+01 5.171364454977228320e+01 4.812530696062243152e+01 4.443579836663120375e+01 4.047315091304947998e+01 4.011335474101873899e+01 3.919416841009314822e+01 4.312827579623343865e+01
6.737018178183195971e+01 6.961393149065079911e+01 7.196334581679742826e+01 7.431091834182002742e+01 7.664870540226003470e+01 7.894158540279173053e+01 8.118098862845725705e+01 8.337418253172860716e+01 8.541530447350704947e+01 8.725294981712906406e+01 8.881404466358844729e+01 9.001305100666014880e+01 9.075296320425948693e+01 9.091672135929145782e+01 9.060329827139376846e+01 8.970816754258201797e+01 8.834690016763954645e+01 8.660912054944401461e+01 8.461083413103132500e+01 8.243969373187803740e+01 8.016038339520245870e+01 7.782805901579511954e+01 7.560042428794007208e+01 7.316481684294436150e+01 7.057095513743216486e+01 6.773915010251738522e+01 6.469233818578680939e+01 6.151738616322752762e+01 5.822316673932740372e+01 5.482224337284862514e+01 5.133164213567779655e+01 4.779015398990630814e+01 4.423518103885855624e+01 4.074552494379366152e+01 3.756212442321014322e+01 4.023895524386396261e+01 4.347152892445607364e+01
6.536605949861116471e+01 6.776581969325762600e+01 7.017234218485715758e+01 7.259032836086738882e+01 7.499385448347553051e+01 7.738062859491276413e+01 7.975968525810134224e+01 8.202715133761269328e+01 8.414803934430032939e+01 8.606136644412137571e+01 8.768152850977556056e+01 8.891645450514468507e+01 8.966881909417246277e+01 8.982132388494143527e+01 8.950484316991482103e+01 8.858627510867019339e+01 8.718890749272355833e+01 8.541122408679696321e+01 8.333342465993004566e+01 8.106169078510734494e+01 7.867433179438185675e+01 7.622614387138010272e+01 7.376387860559050580e+01 7.144391774914093673e+01 6.894596087031827381e+01 6.632454453332238131e+01 6.356226061637583058e+01 6.057741626031997129e+01 5.743877394711917361e+01 5.415031562786072072e+01 5.069718162850431753e+01 4.718861036431304257e+01 4.365498534803523967e+01 4.013352497039975475e+01 3.659651381856781427e+01 3.991710699606931456e+01 4.332119284315792385e+01
6.347573255606540243e+01 6.591343341330903627e+01 6.837888290135386171e+01 7.085828081472087092e+01 7.335828545338708295e+01 7.589228674002930575e+01 7.835612961213904271e+01 8.069375888190616308e+01 8.290182938468063867e+01 8.490269196863749812e+01 8.657746821342099963e+01 8.783168014034185944e+01 8.857537699577007118e+01 8.869723345594329089e+01 8.836301525378247845e+01 8.740902180109168285e+01 8.596582867488406521e+01 8.413438728264935662e+01 8.200184910109982184e+01 7.963643165788634803e+01 7.713359609274165507e+01 7.456232002154821714e+01 7.196796242790786380e+01 6.938906824301997744e+01 6.697715244508376031e+01 6.440762667538145081e+01 6.172533982319242796e+01 5.890589987813701356e+01 5.588303757306364616e+01 5.271937992750140012e+01 4.947984354698373721e+01 4.603585942995631797e+01 4.253298374005045446e+01 3.907739034470683492e+01 3.560781754386741227e+01 3.928294339257809753e+01 4.291370516765446297e+01
6.157489473282255688e+01 6.404516552450829181e+01 6.656152227262933252e+01 6.913499547300294523e+01 7.178799090085338719e+01 7.442606457858053659e+01 7.700400334671508062e+01 7.935578403408456438e+01 8.170712822532773600e+01 8.381380875411748832e+01 8.552297821035246272e+01 8.676648239491612458e+01 8.747222348585344776e+01 8.754139101087832842e+01 8.717809723179723846e+01 8.618087491168751058e+01 8.468690769622591574e+01 8.279804002979727784e+01 8.060202325006406454e+01 7.817314118660148381e+01 7.556822058693968813e+01 7.287249627465143931e+01 7.014596716221606698e+01 6.742505893765029157e+01 6.473980809214693011e+01 6.223374923343782683e+01 5.957822252125297524e+01 5.681086673621271643e+01 5.390106804888487346e+01 5.078128471734267890e+01 4.748089834059980774e+01 4.403616381431238125e+01 4.037446881936395471e+01 3.690448708591035398e+01 3.460326300271930222e+01 3.871549542848629955e+01 4.252452070947757790e+01
5.961723644534585986e+01 6.211172134796107258e+01 6.473517960649488145e+01 6.745388197460226820e+01 7.021844604944705281e+01 7.298277632727055675e+01 7.569618909282100105e+01 7.839438376824321608e+01 8.076982748387879951e+01 8.283830419636881004e+01 8.453909166668960040e+01 8.571986687922242254e+01 8.634936788151071596e+01 8.634345900460670009e+01 8.594544838396454622e+01 8.490263692939264217e+01 8.335795260751854130e+01 8.141271996938014865e+01 7.915440767433214830e+01 7.665742821519782524e+01 7.398465512253440579e+01 7.118312860198666669e+01 6.832864858213186210e+01 6.547254476237644383e+01 6.264259575661304069e+01 5.986024432468363443e+01 5.725827749253659249e+01 5.450800505786116901e+01 5.163899673384873523e+01 4.860817129026158057e+01 4.532569208666953386e+01 4.175334907228261017e+01 3.776205965993371905e+01 3.294719972984668033e+01 3.558182909324035137e+01 3.888203125453954812e+01 4.239668092612944861e+01
