output_new_topo_ddd_4/finaltopo_surface_water__discharge.asc
ncols 300
nrows 100
xllcorner 0.0
yllcorner 0.0
cellsize 10.0
[rows 17 to 33 of 100, columns 111 to 147 of 300]
1.435000000000000000e+04 6.500000000000000000e+02 6.000000000000000000e+02 5.000000000000000000e+02 4.500000000000000000e+02 4.000000000000000000e+02 3.500000000000000000e+02 3.000000000000000000e+02 2.500000000000000000e+02 2.000000000000000000e+02 1.500000000000000000e+02 1.000000000000000000e+02 5.000000000000000000e+01 5.500000000000000000e+02 5.000000000000000000e+01 7.000000000000000000e+02 1.000000000000000000e+02 1.500000000000000000e+02 2.000000000000000000e+02 2.500000000000000000e+02 8.000000000000000000e+02 3.000000000000000000e+02 4.850000000000000000e+03 8.500000000000000000e+02 8.500000000000000000e+02 8.500000000000000000e+02 8.500000000000000000e+02 8.500000000000000000e+02 8.500000000000000000e+02 8.500000000000000000e+02 5.000000000000000000e+01 1.000000000000000000e+02 1.500000000000000000e+02 3.150000000000000000e+03 1.000000000000000000e+02 8.400000000000000000e+03 8.500000000000000000e+02
1.590000000000000000e+04 6.500000000000000000e+02 5.500000000000000000e+02 5.000000000000000000e+02 4.500000000000000000e+02 4.000000000000000000e+02 3.500000000000000000e+02 3.000000000000000000e+02 2.500000000000000000e+02 2.000000000000000000e+02 1.500000000000000000e+02 1.000000000000000000e+02 5.000000000000000000e+01 6.000000000000000000e+02 5.000000000000000000e+01 1.000000000000000000e+02 7.500000000000000000e+02 1.500000000000000000e+02 2.000000000000000000e+02 2.500000000000000000e+02 3.000000000000000000e+02 8.500000000000000000e+02 5.200000000000000000e+03 9.000000000000000000e+02 9.000000000000000000e+02 9.000000000000000000e+02 9.000000000000000000e+02 9.000000000000000000e+02 9.000000000000000000e+02 9.000000000000000000e+02 5.000000000000000000e+01 1.000000000000000000e+02 1.500000000000000000e+02 3.350000000000000000e+03 1.500000000000000000e+02 9.300000000000000000e+03 9.000000000000000000e+02
1.745000000000000000e+04 6.000000000000000000e+02 5.500000000000000000e+02 5.000000000000000000e+02 4.500000000000000000e+02 4.000000000000000000e+02 3.500000000000000000e+02 3.000000000000000000e+02 2.500000000000000000e+02 2.000000000000000000e+02 1.500000000000000000e+02 1.000000000000000000e+02 5.000000000000000000e+01 6.500000000000000000e+02 5.000000000000000000e+01 1.000000000000000000e+02 1.500000000000000000e+02 8.000000000000000000e+02 2.000000000000000000e+02 2.500000000000000000e+02 3.000000000000000000e+02 3.500000000000000000e+02 6.100000000000000000e+03 9.500000000000000000e+02 9.500000000000000000e+02 9.500000000000000000e+02 9.500000000000000000e+02 9.500000000000000000e+02 9.500000000000000000e+02 9.500000000000000000e+02 5.000000000000000000e+01 1.000000000000000000e+02 1.500000000000000000e+02 3.550000000000000000e+03 2.000000000000000000e+02 1.025000000000000000e+04 9.500000000000000000e+02
1.895000000000000000e+04 6.000000000000000000e+02 5.500000000000000000e+02 5.000000000000000000e+02 4.500000000000000000e+02 4.000000000000000000e+02 3.500000000000000000e+02 3.000000000000000000e+02 2.500000000000000000e+02 2.000000000000000000e+02 1.500000000000000000e+02 1.000000000000000000e+02 5.000000000000000000e+01 7.000000000000000000e+02 5.000000000000000000e+01 1.000000000000000000e+02 1.500000000000000000e+02 2.000000000000000000e+02 8.500000000000000000e+02 2.500000000000000000e+02 3.000000000000000000e+02 3.500000000000000000e+02 6.500000000000000000e+03 1.000000000000000000e+03 1.000000000000000000e+03 1.000000000000000000e+03 1.000000000000000000e+03 1.000000000000000000e+03 1.000000000000000000e+03 1.000000000000000000e+03 5.000000000000000000e+01 1.000000000000000000e+02 1.500000000000000000e+02 3.750000000000000000e+03 1.050000000000000000e+04 1.000000000000000000e+03 1.000000000000000000e+03
2.045000000000000000e+04 6.000000000000000000e+02 5.500000000000000000e+02 5.000000000000000000e+02 4.500000000000000000e+02 4.000000000000000000e+02 3.500000000000000000e+02 3.000000000000000000e+02 2.500000000000000000e+02 2.000000000000000000e+02 1.500000000000000000e+02 1.000000000000000000e+02 5.000000000000000000e+01 7.500000000000000000e+02 5.000000000000000000e+01 1.000000000000000000e+02 1.500000000000000000e+02 2.000000000000000000e+02 2.500000000000000000e+02 9.000000000000000000e+02 3.000000000000000000e+02 3.500000000000000000e+02 6.900000000000000000e+03 1.050000000000000000e+03 1.050000000000000000e+03 1.050000000000000000e+03 1.050000000000000000e+03 5.000000000000000000e+01 2.050000000000000000e+03 1.050000000000000000e+03 5.000000000000000000e+01 1.000000000000000000e+02 1.500000000000000000e+02 1.445000000000000000e+04 1.050000000000000000e+03 1.050000000000000000e+03 1.000000000000000000e+03
2.195000000000000000e+04 6.000000000000000000e+02 5.500000000000000000e+02 5.000000000000000000e+02 4.500000000000000000e+02 4.000000000000000000e+02 3.500000000000000000e+02 3.000000000000000000e+02 2.500000000000000000e+02 2.000000000000000000e+02 1.500000000000000000e+02 1.000000000000000000e+02 5.000000000000000000e+01 8.000000000000000000e+02 5.000000000000000000e+01 1.000000000000000000e+02 1.500000000000000000e+02 2.000000000000000000e+02 2.500000000000000000e+02 3.000000000000000000e+02 9.500000000000000000e+02 3.500000000000000000e+02 7.300000000000000000e+03 1.100000000000000000e+03 1.100000000000000000e+03 1.100000000000000000e+03 1.100000000000000000e+03 5.000000000000000000e+01 2.150000000000000000e+03 1.100000000000000000e+03 5.000000000000000000e+01 1.000000000000000000e+02 1.500000000000000000e+02 1.570000000000000000e+04 1.100000000000000000e+03 1.050000000000000000e+03 1.000000000000000000e+03
2.345000000000000000e+04 6.000000000000000000e+02 5.500000000000000000e+02 5.000000000000000000e+02 4.500000000000000000e+02 4.000000000000000000e+02 3.500000000000000000e+02 3.000000000000000000e+02 2.500000000000000000e+02 2.000000000000000000e+02 1.500000000000000000e+02 1.000000000000000000e+02 5.000000000000000000e+01 5.000000000000000000e+01 8.500000000000000000e+02 1.000000000000000000e+02 1.500000000000000000e+02 2.000000000000000000e+02 2.500000000000000000e+02 3.000000000000000000e+02 3.500000000000000000e+02 1.000000000000000000e+03 7.700000000000000000e+03 1.150000000000000000e+03 1.150000000000000000e+03 1.150000000000000000e+03 1.150000000000000000e+03 5.000000000000000000e+01 1.000000000000000000e+02 3.300000000000000000e+03 5.000000000000000000e+01 1.000000000000000000e+02 1.500000000000000000e+02 1.700000000000000000e+04 1.100000000000000000e+03 1.050000000000000000e+03 9.500000000000000000e+02
2.495000000000000000e+04 6.000000000000000000e+02 5.500000000000000000e+02 5.000000000000000000e+02 4.500000000000000000e+02 4.000000000000000000e+02 3.500000000000000000e+02 3.000000000000000000e+02 2.500000000000000000e+02 2.000000000000000000e+02 1.500000000000000000e+02 1.000000000000000000e+02 5.000000000000000000e+01 5.000000000000000000e+01 1.000000000000000000e+02 9.000000000000000000e+02 1.500000000000000000e+02 2.000000000000000000e+02 2.500000000000000000e+02 3.000000000000000000e+02 3.500000000000000000e+02 4.000000000000000000e+02 8.750000000000000000e+03 1.200000000000000000e+03 1.200000000000000000e+03 1.200000000000000000e+03 1.200000000000000000e+03 5.000000000000000000e+01 1.000000000000000000e+02 3.450000000000000000e+03 5.000000000000000000e+01 1.000000000000000000e+02 1.500000000000000000e+02 1.830000000000000000e+04 1.100000000000000000e+03 1.000000000000000000e+03 9.500000000000000000e+02
2.645000000000000000e+04 6.000000000000000000e+02 5.500000000000000000e+02 5.000000000000000000e+02 4.500000000000000000e+02 4.000000000000000000e+02 3.500000000000000000e+02 3.000000000000000000e+02 2.500000000000000000e+02 2.000000000000000000e+02 1.500000000000000000e+02 1.000000000000000000e+02 5.000000000000000000e+01 5.000000000000000000e+01 1.000000000000000000e+02 1.500000000000000000e+02 9.500000000000000000e+02 2.000000000000000000e+02 2.500000000000000000e+02 3.000000000000000000e+02 3.500000000000000000e+02 4.000000000000000000e+02 9.200000000000000000e+03 1.250000000000000000e+03 1.250000000000000000e+03 1.250000000000000000e+03 1.250000000000000000e+03 5.000000000000000000e+01 1.000000000000000000e+02 3.600000000000000000e+03 5.000000000000000000e+01 1.000000000000000000e+02 1.500000000000000000e+02 1.960000000000000000e+04 1.050000000000000000e+03 1.000000000000000000e+03 9.500000000000000000e+02
2.795000000000000000e+04 6.000000000000000000e+02 5.500000000000000000e+02 5.000000000000000000e+02 4.500000000000000000e+02 4.000000000000000000e+02 3.500000000000000000e+02 3.000000000000000000e+02 2.500000000000000000e+02 2.000000000000000000e+02 1.500000000000000000e+02 1.000000000000000000e+02 5.000000000000000000e+01 5.000000000000000000e+01 1.000000000000000000e+02 1.500000000000000000e+02 2.000000000000000000e+02 1.000000000000000000e+03 2.500000000000000000e+02 3.000000000000000000e+02 3.500000000000000000e+02 4.000000000000000000e+02 9.650000000000000000e+03 1.300000000000000000e+03 1.300000000000000000e+03 1.300000000000000000e+03 1.300000000000000000e+03 5.000000000000000000e+01 1.000000000000000000e+02 3.750000000000000000e+03 5.000000000000000000e+01 1.000000000000000000e+02 1.500000000000000000e+02 2.085000000000000000e+04 1.050000000000000000e+03 1.000000000000000000e+03 9.500000000000000000e+02
2.945000000000000000e+04 6.000000000000000000e+02 5.500000000000000000e+02 5.000000000000000000e+02 4.500000000000000000e+02 4.000000000000000000e+02 3.500000000000000000e+02 3.000000000000000000e+02 2.500000000000000000e+02 2.000000000000000000e+02 1.500000000000000000e+02 5.000000000000000000e+01 1.000000000000000000e+02 5.000000000000000000e+01 1.000000000000000000e+02 1.500000000000000000e+02 2.000000000000000000e+02 2.500000000000000000e+02 1.050000000000000000e+03 3.000000000000000000e+02 3.500000000000000000e+02 4.000000000000000000e+02 1.010000000000000000e+04 1.350000000000000000e+03 1.350000000000000000e+03 1.350000000000000000e+03 1.350000000000000000e+03 5.000000000000000000e+01 1.000000000000000000e+02 3.900000000000000000e+03 5.000000000000000000e+01 1.000000000000000000e+02 1.500000000000000000e+02 2.315000000000000000e+04 1.050000000000000000e+03 1.000000000000000000e+03 9.500000000000000000e+02
3.095000000000000000e+04 6.000000000000000000e+02 5.500000000000000000e+02 5.000000000000000000e+02 4.500000000000000000e+02 4.000000000000000000e+02 3.500000000000000000e+02 3.000000000000000000e+02 2.500000000000000000e+02 2.000000000000000000e+02 1.000000000000000000e+02 5.000000000000000000e+01 1.500000000000000000e+02 5.000000000000000000e+01 1.000000000000000000e+02 1.500000000000000000e+02 2.000000000000000000e+02 2.500000000000000000e+02 3.000000000000000000e+02 1.100000000000000000e+03 3.500000000000000000e+02 4.000000000000000000e+02 1.055000000000000000e+04 1.400000000000000000e+03 1.400000000000000000e+03 1.400000000000000000e+03 1.400000000000000000e+03 5.000000000000000000e+01 1.000000000000000000e+02 4.050000000000000000e+03 5.000000000000000000e+01 1.000000000000000000e+02 2.345000000000000000e+04 5.000000000000000000e+01 1.050000000000000000e+03 1.000000000000000000e+03 9.500000000000000000e+02
3.245000000000000000e+04 6.000000000000000000e+02 5.500000000000000000e+02 5.000000000000000000e+02 4.500000000000000000e+02 4.000000000000000000e+02 3.500000000000000000e+02 3.000000000000000000e+02 2.500000000000000000e+02 1.500000000000000000e+02 1.000000000000000000e+02 5.000000000000000000e+01 2.000000000000000000e+02 5.000000000000000000e+01 1.000000000000000000e+02 1.500000000000000000e+02 2.000000000000000000e+02 2.500000000000000000e+02 3.000000000000000000e+02 3.500000000000000000e+02 1.150000000000000000e+03 4.000000000000000000e+02 1.100000000000000000e+04 1.450000000000000000e+03 1.450000000000000000e+03 1.450000000000000000e+03 1.450000000000000000e+03 5.000000000000000000e+01 1.000000000000000000e+02 4.200000000000000000e+03 5.000000000000000000e+01 1.000000000000000000e+02 2.365000000000000000e+04 1.100000000000000000e+03 1.050000000000000000e+03 1.000000000000000000e+03 9.500000000000000000e+02
3.395000000000000000e+04 6.000000000000000000e+02 5.500000000000000000e+02 5.000000000000000000e+02 4.500000000000000000e+02 4.000000000000000000e+02 3.500000000000000000e+02 3.000000000000000000e+02 2.000000000000000000e+02 1.500000000000000000e+02 1.000000000000000000e+02 5.000000000000000000e+01 2.500000000000000000e+02 5.000000000000000000e+01 1.000000000000000000e+02 1.500000000000000000e+02 2.000000000000000000e+02 2.500000000000000000e+02 3.000000000000000000e+02 3.500000000000000000e+02 4.000000000000000000e+02 1.200000000000000000e+03 1.145000000000000000e+04 1.500000000000000000e+03 1.500000000000000000e+03 1.500000000000000000e+03 1.500000000000000000e+03 5.000000000000000000e+01 1.000000000000000000e+02 4.350000000000000000e+03 5.000000000000000000e+01 1.000000000000000000e+02 2.490000000000000000e+04 1.100000000000000000e+03 1.050000000000000000e+03 1.000000000000000000e+03 9.500000000000000000e+02
3.600000000000000000e+04 6.000000000000000000e+02 5.500000000000000000e+02 5.000000000000000000e+02 4.500000000000000000e+02 4.000000000000000000e+02 3.500000000000000000e+02 2.500000000000000000e+02 2.000000000000000000e+02 1.500000000000000000e+02 1.000000000000000000e+02 5.000000000000000000e+01 3.000000000000000000e+02 5.000000000000000000e+01 1.000000000000000000e+02 1.500000000000000000e+02 2.000000000000000000e+02 2.500000000000000000e+02 3.000000000000000000e+02 3.500000000000000000e+02 4.000000000000000000e+02 4.500000000000000000e+02 1.270000000000000000e+04 1.550000000000000000e+03 1.550000000000000000e+03 1.550000000000000000e+03 1.550000000000000000e+03 5.000000000000000000e+01 1.000000000000000000e+02 4.500000000000000000e+03 5.000000000000000000e+01 1.000000000000000000e+02 2.615000000000000000e+04 1.100000000000000000e+03 1.050000000000000000e+03 1.000000000000000000e+03 9.500000000000000000e+02
3.755000000000000000e+04 6.000000000000000000e+02 5.500000000000000000e+02 5.000000000000000000e+02 4.500000000000000000e+02 4.000000000000000000e+02 3.000000000000000000e+02 2.500000000000000000e+02 2.000000000000000000e+02 1.500000000000000000e+02 1.000000000000000000e+02 5.000000000000000000e+01 3.500000000000000000e+02 5.000000000000000000e+01 1.000000000000000000e+02 1.500000000000000000e+02 2.000000000000000000e+02 2.500000000000000000e+02 3.000000000000000000e+02 3.500000000000000000e+02 4.000000000000000000e+02 4.500000000000000000e+02 1.320000000000000000e+04 1.600000000000000000e+03 1.600000000000000000e+03 5.000000000000000000e+01 3.150000000000000000e+03 5.000000000000000000e+01 1.000000000000000000e+02 4.650000000000000000e+03 5.000000000000000000e+01 1.000000000000000000e+02 2.740000000000000000e+04 1.100000000000000000e+03 1.050000000000000000e+03 1.000000000000000000e+03 9.500000000000000000e+02
3.910000000000000000e+04 6.000000000000000000e+02 1.050000000000000000e+03 5.000000000000000000e+02 1.550000000000000000e+03 1.100000000000000000e+03 7.500000000000000000e+02 4.500000000000000000e+02 2.000000000000000000e+02 1.500000000000000000e+02 1.000000000000000000e+02 5.000000000000000000e+01 5.000000000000000000e+01 4.000000000000000000e+02 1.000000000000000000e+02 1.500000000000000000e+02 2.000000000000000000e+02 2.500000000000000000e+02 3.000000000000000000e+02 3.500000000000000000e+02 4.000000000000000000e+02 4.500000000000000000e+02 1.370000000000000000e+04 1.650000000000000000e+03 1.650000000000000000e+03 5.000000000000000000e+01 3.250000000000000000e+03 5.000000000000000000e+01 1.000000000000000000e+02 4.800000000000000000e+03 5.000000000000000000e+01 1.000000000000000000e+02 3.080000000000000000e+04 2.150000000000000000e+03 1.050000000000000000e+03 1.000000000000000000e+03 9.500000000000000000e+02
