output_new_topo_ddd_4/finaltopo_soil__depth.asc
ncols 300
nrows 100
xllcorner 0.0
yllcorner 0.0
cellsize 10.0
[rows 17 to 33 of 100, columns 111 to 147 of 300]
1.495882015572140011e-01 1.126110708889989376e-01 1.142525944287794970e-01 1.151329383845620252e-01 1.170433019224603605e-01 1.190187050947970476e-01 1.210104654080464970e-01 1.229519314822996867e-01 1.247423555180395410e-01 1.262363464660618828e-01 1.272362676551026528e-01 1.274900467659945968e-01 1.266896742437027823e-01 1.329545591578695785e-01 1.263749926878661722e-01 1.355367267716391655e-01 1.253216503904295009e-01 1.246956796021865127e-01 1.235410488626363795e-01 1.220644719901966407e-01 1.289957745689165047e-01 1.178762449862389428e-01 1.410406789365152291e-01 1.181387019809377326e-01 1.176937414537849308e-01 1.171533453470822855e-01 1.165217290179606374e-01 1.157240112043831648e-01 1.148133118851814294e-01 1.140323529903370936e-01 9.819677630893841602e-02 1.002502057330564855e-01 1.015285194960285770e-01 1.287397706062094194e-01 9.357869280293376613e-02 1.386949005000739088e-01 1.137635025447156639e-01
1.494488698332629983e-01 1.114995952864151624e-01 1.121848410988353084e-01 1.137681865408370768e-01 1.154618758288835645e-01 1.172277186242929592e-01 1.190141467529248209e-01 1.207493359241279401e-01 1.223301475884491646e-01 1.236121695285619382e-01 1.244025300007288726e-01 1.244586238312624799e-01 1.234879703167591630e-01 1.302911079384914406e-01 1.232019806328990275e-01 1.237574193106883436e-01 1.329138588660338793e-01 1.214834919338807773e-01 1.205676513437692610e-01 1.193204788593440063e-01 1.178505876109367662e-01 1.245108156001074190e-01 1.396561999674362786e-01 1.158479994218740150e-01 1.154414338305432691e-01 1.149677783011798654e-01 1.143775109188914646e-01 1.134805560694637783e-01 1.124297684806345732e-01 1.117161672351771468e-01 9.519299283607676743e-02 9.766693577411168781e-02 9.935929094368863013e-02 1.289607579682661154e-01 9.350406323193112545e-02 1.364703805420660609e-01 1.128651425650939316e-01
1.494293455240478241e-01 1.094588791041676140e-01 1.109460317834410487e-01 1.123806829700016996e-01 1.139012564419857876e-01 1.154843550508495575e-01 1.170818277062649071e-01 1.186220807634080637e-01 1.200027408989604860e-01 1.210818384308103152e-01 1.216712722958958048e-01 1.215365054073999085e-01 1.203986463124225303e-01 1.277535530593440771e-01 1.201630161037698374e-01 1.208338399567387977e-01 1.206124601919732753e-01 1.298905063204350008e-01 1.177013789586766751e-01 1.167156955068901908e-01 1.155720574511546195e-01 1.143891594912775089e-01 1.398754950924829543e-01 1.137550525339073304e-01 1.134309750007111844e-01 1.130698411575651180e-01 1.125217818638997863e-01 1.113492461734801042e-01 1.101617473040246015e-01 1.094817947985224915e-01 9.226096075054822376e-02 9.522973752354757515e-02 9.752934152135717127e-02 1.296154090417890592e-01 9.462079649511931367e-02 1.402079783488846265e-01 1.082186941952251735e-01
1.494194976427393462e-01 1.082722030155635062e-01 1.096969631902858233e-01 1.110078652963817358e-01 1.123771460344152873e-01 1.137945550427727631e-01 1.152162398985511482e-01 1.165724050317230170e-01 1.177626486194978672e-01 1.186479466931512627e-01 1.190444789211719812e-01 1.187241187260936193e-01 1.174197643982596295e-01 1.253274453172326108e-01 1.172555798357483581e-01 1.180380234818915186e-01 1.179561463347263417e-01 1.173090945102338578e-01 1.267754305479309174e-01 1.141930815739371358e-01 1.132916992036934883e-01 1.123244138257101787e-01 1.389927838593133236e-01 1.119096318851578176e-01 1.116523555332948336e-01 1.114310857824279410e-01 1.108421127218541802e-01 1.108920295352312790e-01 1.085190675564034202e-01 1.075671064128990856e-01 8.941078389903669987e-02 9.282847873120426974e-02 9.599210513555377078e-02 1.296357708281440924e-01 1.362944448833329769e-01 1.044581578124527677e-01 1.078964248835152517e-01
1.495532625190445219e-01 1.071699162361527957e-01 1.084907396404101165e-01 1.096763760265019871e-01 1.109035074918444108e-01 1.121659393431029966e-01 1.134221574944793282e-01 1.146040930176391026e-01 1.156135708392053152e-01 1.163146174177863978e-01 1.165272212423196507e-01 1.160277428998968408e-01 1.145567635272376761e-01 1.229571347033472234e-01 1.144723334927551239e-01 1.153546653457365734e-01 1.154117041622577666e-01 1.149271439285687590e-01 1.141020879430025420e-01 1.237511219432138598e-01 1.110547736308982181e-01 1.102746058246866778e-01 1.381627055955399197e-01 1.102313460315792470e-01 1.100215097826489352e-01 1.099184472342541741e-01 1.097498429989475915e-01 9.328102920948287691e-02 1.134077824666045314e-01 1.063279459314998843e-01 8.683803480017412979e-02 9.032985155415518275e-02 9.310234098206372766e-02 1.471819741018234040e-01 1.049461670376211214e-01 1.063343271030865317e-01 1.076422534652043544e-01
1.499006557649118498e-01 1.061942940257952633e-01 1.073485224752123712e-01 1.083991651481081564e-01 1.094888547322381556e-01 1.106043737405009442e-01 1.117039866750312305e-01 1.127209319441677682e-01 1.135593694438301188e-01 1.140867792863141522e-01 1.141275496351260577e-01 1.134623712658340555e-01 1.118324305654477269e-01 1.216169240424592318e-01 1.117636969917644996e-01 1.127512804504757771e-01 1.129600146118769771e-01 1.126496501262446159e-01 1.120018680384878840e-01 1.111439063981654318e-01 1.208539944418455941e-01 1.082412574648881076e-01 1.372572928349330146e-01 1.086605410557463514e-01 1.084168198374237807e-01 1.081034564823118993e-01 1.072102034485990646e-01 8.819777674648227039e-02 1.162314679617446056e-01 1.068868255434643477e-01 8.479272567095075264e-02 8.818641780227916283e-02 9.086172116523175135e-02 1.448351704402255913e-01 1.057840017827247903e-01 1.064227474133554036e-01 1.072242005902986905e-01
1.502540075307861878e-01 1.053069385588288748e-01 1.062670149525143659e-01 1.071792180706798575e-01 1.081369268750680679e-01 1.091133952199712098e-01 1.100649247810855380e-01 1.109258387120804212e-01 1.116029029825418573e-01 1.119679875700408112e-01 1.118527677539190440e-01 1.110520202162157272e-01 1.093425857835869097e-01 1.095227767644957328e-01 1.221363244272121035e-01 1.101767126863013174e-01 1.105796943718967001e-01 1.104674554603843339e-01 1.100212302598776726e-01 1.093596275552318337e-01 1.085117237278596658e-01 1.175975095869396664e-01 1.364747697123449566e-01 1.072029064328864911e-01 1.069039323383004225e-01 1.064809974359212791e-01 1.056695473973373461e-01 8.682650991475832081e-02 8.911538078319834744e-02 1.181505544582313050e-01 8.300949731132210851e-02 8.637468865295731824e-02 8.901330420133382604e-02 1.439414065255031905e-01 1.054711172209391867e-01 1.060582905309692958e-01 1.060556140797700303e-01
1.502120329683913624e-01 1.044098639321645872e-01 1.052270084539076028e-01 1.060136441814542585e-01 1.068485326145582059e-01 1.076948713876131891e-01 1.085070788704323025e-01 1.092206472750166385e-01 1.097451021864534609e-01 1.099569251890945704e-01 1.096949529447744792e-01 1.087649562092452005e-01 1.069601273907006961e-01 1.072040808233387654e-01 1.086820420187762926e-01 1.216851565152784059e-01 1.082671646233083762e-01 1.083718510453060002e-01 1.081454511727345386e-01 1.077261367692525229e-01 1.072164367643115845e-01 1.066806665591409353e-01 1.371296203798521574e-01 1.058465735140180775e-01 1.055096823194026090e-01 1.050350248468290559e-01 1.043249967293872760e-01 8.502807049494438829e-02 8.763605131782478685e-02 1.173800588671552597e-01 8.159147459790547230e-02 8.482965066129366516e-02 8.729316978934921478e-02 1.432455250178250317e-01 1.050787345768663394e-01 1.049544589680694584e-01 1.053637325497962102e-01
1.499581307097733185e-01 1.034699417355008366e-01 1.042143337445102652e-01 1.048988229204591421e-01 1.056235819247828556e-01 1.063500417686036592e-01 1.070321479046731361e-01 1.076067604228955893e-01 1.079861917756712447e-01 1.080514558052402124e-01 1.076477109281960970e-01 1.065886448947862553e-01 1.046792243391517635e-01 1.050136178859012032e-01 1.065897672137521152e-01 1.073804238298057545e-01 1.206787630626709462e-01 1.063588865203827921e-01 1.063491215132124357e-01 1.061498589878805965e-01 1.058724422616856842e-01 1.055325731253201060e-01 1.367824762046913889e-01 1.046511499516683125e-01 1.042519591715828087e-01 1.037598279989038752e-01 1.031462180274891338e-01 8.346283856246516919e-02 8.640577247677810879e-02 1.170246353183974630e-01 8.036622935859469297e-02 8.357599258658393593e-02 8.543250315340407408e-02 1.423377308098839611e-01 1.041927802741930975e-01 1.042907047224108652e-01 1.044183695400149187e-01
1.496999856756248970e-01 1.025394491799381802e-01 1.032320995674668451e-01 1.038340956204767962e-01 1.044624443644824319e-01 1.050804030686795926e-01 1.056422429588945305e-01 1.060859991157145910e-01 1.063267597807736886e-01 1.062504110727982981e-01 1.057083884264365531e-01 1.045205133794433472e-01 1.025236422455639423e-01 1.029384625376668638e-01 1.046164837839880235e-01 1.055292719447820105e-01 1.059087974931777199e-01 1.194226053957499478e-01 1.046295074392752239e-01 1.046223740133251923e-01 1.045277185619957888e-01 1.043445233892698332e-01 1.364416465374143350e-01 1.035556938015284034e-01 1.031084107406034511e-01 1.026177541405259852e-01 1.020702799533191735e-01 8.201374443477606191e-02 8.519348108021045085e-02 1.166205243837921818e-01 7.951572152764507795e-02 8.324951968054417062e-02 8.291565093507340112e-02 1.405716349372443941e-01 1.039556213106687388e-01 1.029886616239619052e-01 1.031912952215090495e-01
1.494346853455915392e-01 1.016438512366514835e-01 1.022876276828120351e-01 1.028204639910178381e-01 1.033660486614782492e-01 1.038883607501548401e-01 1.043408055977140814e-01 1.046614162913990786e-01 1.047681611964102200e-01 1.045535746721878989e-01 1.038783842021643866e-01 1.008642410004488427e-01 1.017730966107947277e-01 1.009645922793986766e-01 1.027513567869321326e-01 1.037873507731458950e-01 1.043003149399097940e-01 1.044696063135275577e-01 1.180997777532800663e-01 1.031517302642676048e-01 1.032022562955053485e-01 1.031533887125753862e-01 1.360488521540253459e-01 1.025284249965119909e-01 1.020564361691739114e-01 1.015760793377928906e-01 1.010618797632112653e-01 8.063118008320208085e-02 8.398439184018252623e-02 1.158610652128498897e-01 7.884089877035549421e-02 8.499262707010397933e-02 8.618702011433965193e-02 1.454536263695375975e-01 1.007852121086803276e-01 1.008465400023242364e-01 1.021279705708538210e-01
1.491301070706961551e-01 1.007938777173867789e-01 1.013838522921476637e-01 1.018578975332096181e-01 1.023358477884350193e-01 1.027782567264130115e-01 1.031341185748776285e-01 1.033383028907401135e-01 1.033120766426020298e-01 1.029587870037211028e-01 1.005543601465200415e-01 9.896165119675927324e-02 1.008511084721192691e-01 9.909158754477735698e-02 1.009885375855683887e-01 1.021479241259233145e-01 1.027934922011674579e-01 1.030955162639811545e-01 1.031770576052889465e-01 1.167747022216666236e-01 1.018969553464858235e-01 1.019529828265840071e-01 1.355873964423142120e-01 1.015612253303366519e-01 1.010918953013928978e-01 1.006132212745653454e-01 1.000920372273002290e-01 7.927074866022926214e-02 8.274377306103947172e-02 1.147864253803909940e-01 7.734359548156560793e-02 8.201282161055362119e-02 1.480114003864309025e-01 7.660394489582722510e-02 1.005758180424800446e-01 1.009694317183249396e-01 1.015053269377683143e-01
1.487246516147752717e-01 9.997219998074473313e-02 1.005165185179888038e-01 1.009454656149237073e-01 1.013747382509353340e-01 1.017585805967087254e-01 1.020346915472128413e-01 1.021261001486973297e-01 1.019600123566341970e-01 9.990552182119379065e-02 9.886631444471621899e-02 9.712425226758361618e-02 9.988587784315182405e-02 9.731588505178413728e-02 9.932225512114449539e-02 1.006042999714068797e-01 1.013839291637370910e-01 1.018236685512690642e-01 1.020308238394976863e-01 1.020550341743173273e-01 1.153541552164214501e-01 1.007099694036522053e-01 1.350205150517256036e-01 1.006714962651892864e-01 1.002357639802566314e-01 9.970101570759787313e-02 9.911886152399990157e-02 7.785432430119949843e-02 8.147508326567060033e-02 1.139853855558897594e-01 7.579839968431474617e-02 7.995017893359790406e-02 1.420507248481330531e-01 1.001383178620958714e-01 1.004423689646810197e-01 1.005973939122867949e-01 1.007947980266954285e-01
1.483452858646967798e-01 9.917146612803601213e-02 9.967599015567757403e-02 1.000845009221176252e-01 1.004861338969273987e-01 1.008468488944418429e-01 1.010699204083136682e-01 1.010409310700483287e-01 9.918460707572772372e-02 9.844141214522210415e-02 9.722766432998758424e-02 9.534424927510563863e-02 9.891585493820691244e-02 9.563467173113045228e-02 9.774517979522719113e-02 9.914689524342901183e-02 1.000618584177595943e-01 1.006480091764975215e-01 1.010056165917281867e-01 1.011674641716574369e-01 1.010616302873633549e-01 1.131175998855138282e-01 1.347714691816843668e-01 9.990134676131601221e-02 9.950719274560933247e-02 9.874631422639706946e-02 9.818032011307235851e-02 7.621570240366890014e-02 8.010587507681539432e-02 1.135296260999701795e-01 7.431338495784271803e-02 7.825190025152524431e-02 1.399842114660049541e-01 9.985255999318333464e-02 9.997539155897762486e-02 9.991999687827554655e-02 9.989114594075129694e-02
1.482471716594469802e-01 9.834665001519157790e-02 9.883396838726733746e-02 9.930099991733673526e-02 9.964513130912378003e-02 1.000941352228929965e-01 1.003036914267741997e-01 9.859747794363309115e-02 9.798370450984146551e-02 9.700719751004324709e-02 9.562367554426327854e-02 9.361504485800016540e-02 9.793497837057862920e-02 9.404256519817810744e-02 9.624503716557261668e-02 9.776133259701577649e-02 9.881032446542192815e-02 9.954585262726817207e-02 1.000690321998837229e-01 1.004298602292604259e-01 1.006471069141706143e-01 1.007405227580155799e-01 1.359786619980707101e-01 9.917682224651369616e-02 9.879516326714610219e-02 1.000530052630526634e-01 9.782919015994748224e-02 7.412626859596500861e-02 7.848395436172350692e-02 1.132377603733293187e-01 7.292895888480015187e-02 7.653441538398383925e-02 1.383059441158032976e-01 9.931339848448558771e-02 9.926012481767695905e-02 9.894362018655770974e-02 9.875246896525965989e-02
1.477787169623420438e-01 9.747066052801273139e-02 9.787264279990173788e-02 9.883005922802752530e-02 9.849687397656749221e-02 9.979401794764253264e-02 9.830930403820725694e-02 9.774596265933557793e-02 9.682261416341086946e-02 9.553459558594255829e-02 9.403651383181789447e-02 9.194410707964116580e-02 9.743293844782199842e-02 9.250410538941483685e-02 9.479665311637031078e-02 9.642800825728130298e-02 9.760916407844952292e-02 9.848832427323421512e-02 9.916504231701779581e-02 9.969357875157996984e-02 1.001010447975853590e-01 1.003361989416710065e-01 1.365197688372472851e-01 9.835046085550791517e-02 9.906299875312132852e-02 7.997719113145183856e-02 1.043885913454578873e-01 7.139285898610556180e-02 7.640536807980380374e-02 1.128749456938480389e-01 7.205952348491978521e-02 7.437058257385746607e-02 1.359590548694049328e-01 9.859575262970231291e-02 9.838094679898623518e-02 9.743995323159675148e-02 9.741505208843946606e-02
1.472347206426851407e-01 9.652650774240130460e-02 1.059973244673464016e-01 9.724410679812876823e-02 1.140216321414536244e-01 1.111556286650242087e-01 1.074748387178981607e-01 1.022657496074668021e-01 9.567704424375857164e-02 9.376790159268511005e-02 9.249425702608116140e-02 9.038394315983247496e-02 9.030071887799286101e-02 9.978274669425245269e-02 9.336370755908443564e-02 9.512684110376233571e-02 9.644162304365154481e-02 9.745557536797051779e-02 9.826586684116447867e-02 9.892521255587999329e-02 9.946412129649991052e-02 9.985741903973763267e-02 1.373433581606253451e-01 9.752566589320034451e-02 9.763750831855948220e-02 7.600646044333271567e-02 1.106123549683076246e-01 6.796985302762359460e-02 7.361533715790126442e-02 1.121714289345900756e-01 7.275294868817565319e-02 7.686161059053725486e-02 1.416781897863329809e-01 1.050172511786792717e-01 9.536024161215295170e-02 9.544317056954634837e-02 9.620365422271939804e-02
