output_new_topo_ddd_4/finaltopo_soil_production__rate.asc
ncols 300
nrows 100
xllcorner 0.0
yllcorner 0.0
cellsize 10.0
[rows 0 to 16 of 100, columns 0 to 36 of 300]
0.000000000000000000e+00 0.000000000000000000e+00 0.000000000000000000e+00 0.000000000000000000e+00 0.000000000000000000e+00 0.000000000000000000e+00 0.000000000000000000e+00 0.000000000000000000e+00 0.000000000000000000e+00 0.000000000000000000e+00 0.000000000000000000e+00 0.000000000000000000e+00 0.000000000000000000e+00 0.000000000000000000e+00 0.000000000000000000e+00 0.000000000000000000e+00 0.000000000000000000e+00 0.000000000000000000e+00 0.000000000000000000e+00 0.000000000000000000e+00 0.000000000000000000e+00 0.000000000000000000e+00 0.000000000000000000e+00 0.000000000000000000e+00 0.000000000000000000e+00 0.000000000000000000e+00 0.000000000000000000e+00 0.000000000000000000e+00 0.000000000000000000e+00 0.000000000000000000e+00 0.000000000000000000e+00 0.000000000000000000e+00 0.000000000000000000e+00 0.000000000000000000e+00 0.000000000000000000e+00 0.000000000000000000e+00 0.000000000000000000e+00
0.000000000000000000e+00 1.379143182931773047e-05 3.312563660935959283e-06 1.566665842294383740e-05 1.606860860516973224e-05 1.652322835397925763e-05 1.826484469640736732e-05 1.899845127846822113e-05 1.969205204948317969e-05 2.034786992888271400e-05 2.097409350336130985e-05 2.157040576335420972e-05 2.213248332231705515e-05 2.265375904595779970e-05 2.312656752374341184e-05 2.354394313251328098e-05 2.390368844710113707e-05 2.419873851316636269e-05 2.444495918945260849e-05 2.465629164682511102e-05 2.484283105865976940e-05 2.501153475868889722e-05 2.516695864672695152e-05 2.531162231212963891e-05 2.544570815276120404e-05 2.556125202916759723e-05 2.566764346247985603e-05 2.575912363430779691e-05 2.584040327703822140e-05 2.591234567967675250e-05 2.597438286696468685e-05 2.602519194221263499e-05 2.606291583809137454e-05 2.608526284420965616e-05 2.608957327084058519e-05 2.607287051846054606e-05 2.603187334349177899e-05
0.000000000000000000e+00 1.969090987650830833e-06 1.340258027134576173e-06 1.588544943659163616e-05 1.654289705395367677e-05 1.740660310073708484e-05 1.830534695062797853e-05 1.904789013307176305e-05 1.973622240338649783e-05 2.037111730457909415e-05 2.097927015933700974e-05 2.156108854599851502e-05 2.211303484005372396e-05 2.262975094760375216e-05 2.310404203639915646e-05 2.352812323701798463e-05 2.386688530179039786e-05 2.415123695798612361e-05 2.438283994924239680e-05 2.458092753878714533e-05 2.475565388057845954e-05 2.491347630204562903e-05 2.505860559763995030e-05 2.519363181130367482e-05 2.532003529081548155e-05 2.526450332451820702e-05 2.552998537466046381e-05 2.561429077208210090e-05 2.569047618427692888e-05 2.575796578428073561e-05 2.581585406687932486e-05 2.586279095010627420e-05 2.589701345339139526e-05 2.591639156660176509e-05 2.591846695452049273e-05 2.590047617834307652e-05 2.585935378291985445e-05
0.000000000000000000e+00 1.569637962093549320e-05 1.581410316396029614e-05 1.644345439111821915e-05 1.707551695223199969e-05 1.787215346328050938e-05 1.865886858116481698e-05 1.935277722804398600e-05 2.000265496743617512e-05 2.061994744668253416e-05 2.121452843183949206e-05 2.178632692541859208e-05 2.233172310400091898e-05 2.284724154656944851e-05 2.333791345739670513e-05 2.371312037880090272e-05 2.371409802859781270e-05 2.431457607135881270e-05 2.452627940692531252e-05 2.471066120131649278e-05 2.487463652590315573e-05 2.502344810939171623e-05 2.516082856206810039e-05 2.528933098820300969e-05 2.541078308378546765e-05 2.532522134555170224e-05 2.560901779838081958e-05 2.568658911638352525e-05 2.575738930738700802e-05 2.582026955885744027e-05 2.587403341547292023e-05 2.591724642609322135e-05 2.594819644585144062e-05 2.596490542814726345e-05 2.596514864325241345e-05 2.594645806145091366e-05 2.590614370263191236e-05
0.000000000000000000e+00 1.638598808867455702e-05 1.610568974065024799e-05 1.724689492782999309e-05 1.776263473676476974e-05 1.846267604107267805e-05 1.913802949246254460e-05 1.978414481891200861e-05 2.041107243569046672e-05 2.101857003295128952e-05 2.160763236719084310e-05 2.217624063157974500e-05 2.271893180775578732e-05 2.322634644651525523e-05 2.371368137040226064e-05 2.360567539293498089e-05 2.407395729914109920e-05 2.467295400946662310e-05 2.486233063422584261e-05 2.503029552097615860e-05 2.518149531614619679e-05 2.531988514081681200e-05 2.544851290227435054e-05 2.556961384219429069e-05 2.568485989417986482e-05 2.557790645568099559e-05 2.587149612925362984e-05 2.594348962666429844e-05 2.600947886547399503e-05 2.606813863769060353e-05 2.611810067175887235e-05 2.615785744236122682e-05 2.618574514831107004e-05 2.619996068443045874e-05 2.619857176699243086e-05 2.617950169730354478e-05 2.614054101553492341e-05
0.000000000000000000e+00 1.743624657954381856e-05 1.769423961038050439e-05 1.801989375812480909e-05 1.849777612124725934e-05 1.901394271870077358e-05 1.964484497577203043e-05 2.027495524741480880e-05 2.089597622463614172e-05 2.150489987431433890e-05 2.209786298505719642e-05 2.267134139533493506e-05 2.322018133758585839e-05 2.373787222117013007e-05 2.354794156541837265e-05 2.412713724871586588e-05 2.457756827659736117e-05 2.516966548631477621e-05 2.533794120879304782e-05 2.548939749145117778e-05 2.562747078491045598e-05 2.575510463285283764e-05 2.587469165669964668e-05 2.598807650224604522e-05 2.609664720521496359e-05 2.597385717575861606e-05 2.627244651898605370e-05 2.634000456331029268e-05 2.640203763169345533e-05 2.645711504425106339e-05 2.650372336791719839e-05 2.654027460806022916e-05 2.656515979725495772e-05 2.657680481162608948e-05 2.657367165786626842e-05 2.655419331309679935e-05 2.651673460244304874e-05
0.000000000000000000e+00 1.824282334261457516e-05 1.838017291018289643e-05 1.870450724531188785e-05 1.914702181087850016e-05 1.964269200023994642e-05 2.015165465547585300e-05 2.078643307989164784e-05 2.141600119557072467e-05 2.203487368307507769e-05 2.263886432328859901e-05 2.322346602720798151e-05 2.378442935730244598e-05 2.431943810549701531e-05 2.348765901070966092e-05 2.475463458660984002e-05 2.517911869822430184e-05 2.575829291760233357e-05 2.590685593979445044e-05 2.604272144294337551e-05 2.616821687796780518e-05 2.628540394581741152e-05 2.639612600893492776e-05 2.650190096348534194e-05 2.660386862382294051e-05 2.646916893403438779e-05 2.677009088074466445e-05 2.683434745886464603e-05 2.689343113990896913e-05 2.694573798220975598e-05 2.698953969960622552e-05 2.702310253157970136e-05 2.704486018676968383e-05 2.705355297768730842e-05 2.704820900532338957e-05 2.702794953019952445e-05 2.699182064818433555e-05
0.000000000000000000e+00 1.898272856289093765e-05 1.906424814484334972e-05 1.935594072776164999e-05 1.977809384276550084e-05 2.026939443661273093e-05 2.078340000912432185e-05 2.129539278476417485e-05 2.194301796030248875e-05 2.257878041933771452e-05 2.319778019460248098e-05 2.379661914180864713e-05 2.437223436269015663e-05 2.492635074244726066e-05 2.348749374625279019e-05 2.544921377991306289e-05 2.584039786517330903e-05 2.640179296610349927e-05 2.653213491273233204e-05 2.665387358160489214e-05 2.676781973772415863e-05 2.687518010411707142e-05 2.697742949897976672e-05 2.707592711152771679e-05 2.717167844246372234e-05 2.702809328030289794e-05 2.732996752536230299e-05 2.739213457100365750e-05 2.744945182005647727e-05 2.750000359534717227e-05 2.754168450015218660e-05 2.757245878265250977e-05 2.759073921342175529e-05 2.759570389892879817e-05 2.758724427952313868e-05 2.756546477374501437e-05 2.753023679913073153e-05
0.000000000000000000e+00 1.968986578380616976e-05 1.973404529025702287e-05 1.999621943598808380e-05 2.040173177490663454e-05 2.088902461262819537e-05 2.141351321482837526e-05 2.194304217741772342e-05 2.245825770185301846e-05 2.311582370559823454e-05 2.375272193176740048e-05 2.436604540132949920e-05 2.495554131877436550e-05 2.552774210568560301e-05 2.353348532987678467e-05 2.617957826740125991e-05 2.653033862808604315e-05 2.707107195403140587e-05 2.718549195233712127e-05 2.729521724440835402e-05 2.739893729893657273e-05 2.749713792576060335e-05 2.759129231105456349e-05 2.768288882994499202e-05 2.777295604411148658e-05 2.762296609017087542e-05 2.792524158834364082e-05 2.798667207362746917e-05 2.804364225654679309e-05 2.809373727136408043e-05 2.813420807261677930e-05 2.816241550752426380e-05 2.817657230356784384e-05 2.817646081477239396e-05 2.816337161920689803e-05 2.813889708387126208e-05 2.810393224791981272e-05
0.000000000000000000e+00 2.036542266728583045e-05 2.038245890488198247e-05 2.062300052681020581e-05 2.101573637426425335e-05 2.150124677891880896e-05 2.203441469180916076e-05 2.258270335991095494e-05 2.312120565766638739e-05 2.363266733563685072e-05 2.428996677232117849e-05 2.491693879721202702e-05 2.551596171453422027e-05 2.610195340325794587e-05 2.362259191336769064e-05 2.692016489695678969e-05 2.722281880227678228e-05 2.774344153034689290e-05 2.784621194229544065e-05 2.794696353865372046e-05 2.804188371373816431e-05 2.813131899028808436e-05 2.821749011870464203e-05 2.830244083108294893e-05 2.838737708362563746e-05 2.823308913323187126e-05 2.853577025004253026e-05 2.859798144886408126e-05 2.865631575976662884e-05 2.870764436716990710e-05 2.874818738144282052e-05 2.877416397247376830e-05 2.878315070464842223e-05 2.877572182248131483e-05 2.875558624590045234e-05 2.872669300636246912e-05 2.869122976357213467e-05
0.000000000000000000e+00 2.101318734499202855e-05 2.100886722039304089e-05 2.123259299904645586e-05 2.161604174096334456e-05 2.210101992814053219e-05 2.264243275744771321e-05 2.320709224280031880e-05 2.376951864143320503e-05 2.430751539925164105e-05 2.480363346048184637e-05 2.544420472493375815e-05 2.604425549725333534e-05 2.663223480205508296e-05 2.375873570937926736e-05 2.764546178319072367e-05 2.789323490003464364e-05 2.840153080746449883e-05 2.850058491621385067e-05 2.859641902993260426e-05 2.868361325557950990e-05 2.876388966162290431e-05 2.884162879732060227e-05 2.891993653027433368e-05 2.900023493773269003e-05 2.884345328728656958e-05 2.914690420286822082e-05 2.921155169168599607e-05 2.927328209870972702e-05 2.932806146516205595e-05 2.937057818516191672e-05 2.939500055317797558e-05 2.939726483846874495e-05 2.937880675588683914e-05 2.934783650830469418e-05 2.931214818949936775e-05 2.927544357940344339e-05
0.000000000000000000e+00 2.163074855993236720e-05 2.160938632634660069e-05 2.182046093081298229e-05 2.219752405852953736e-05 2.268287802287671575e-05 2.323169373016475275e-05 2.381152446923995886e-05 2.439734367663831281e-05 2.496503835401367942e-05 2.549116279002144338e-05 2.595595300284234266e-05 2.654678238778620015e-05 2.710045121919367340e-05 2.395330640593558951e-05 2.831872482811488930e-05 2.851422516663021592e-05 2.903362813792667696e-05 2.914224100199221378e-05 2.923749272851276060e-05 2.931671892312307152e-05 2.938582041169008491e-05 2.945383693065009258e-05 2.952522406734955354e-05 2.960131036314661064e-05 2.944356792893067592e-05 2.974834224896711618e-05 2.981713393515884102e-05 2.988459171589264720e-05 2.994571423131561964e-05 2.999313332878339008e-05 3.001754919665114589e-05 3.001102793977830651e-05 2.997524239178217637e-05 2.992754294313879207e-05 2.988202371091768923e-05 2.984366898735747636e-05
0.000000000000000000e+00 2.221322286180355815e-05 2.217894146856924894e-05 2.238113242592855150e-05 2.275473213169756868e-05 2.324146511827055169e-05 2.379608560611170797e-05 2.438842497239453237e-05 2.499894296932161499e-05 2.560170774113011024e-05 2.616377626464006171e-05 2.667298154855558058e-05 2.708950706137841757e-05 2.747200597118029382e-05 2.423242916820508806e-05 2.886760248812003906e-05 2.905212437152497626e-05 2.963774938328176477e-05 2.977350236425338074e-05 2.987005577554965565e-05 2.993823174157307515e-05 2.999122935658010943e-05 3.004734271870004354e-05 3.011147359408235718e-05 3.018382417910597007e-05 3.002641769688467257e-05 3.033308956436852794e-05 3.040763095545993274e-05 3.048333865768061972e-05 3.055448278869773841e-05 3.061137473518294307e-05 3.063937593146059209e-05 3.062194732591461631e-05 3.055755604784029204e-05 3.048402013392411796e-05 3.042534820267562401e-05 3.038589712153404743e-05
0.000000000000000000e+00 2.275409960208539151e-05 2.271164852162557501e-05 2.290816462862346571e-05 2.328188889214722847e-05 2.377203438546302559e-05 2.433032303179781273e-05 2.492690778317950673e-05 2.555954783726421798e-05 2.622032886136260369e-05 2.680939215418987900e-05 2.737237792897343679e-05 2.791179449185514897e-05 2.853262692526677000e-05 2.309611803163892342e-05 2.913475738418300456e-05 2.947147066982696168e-05 3.023484578941493408e-05 3.040697363710492999e-05 3.049822168977126826e-05 3.054813009145766609e-05 3.057500732303581838e-05 3.061689668141532315e-05 3.067404712743467709e-05 3.074345636221411846e-05 3.058750852209085445e-05 3.089649363469375315e-05 3.097806377490789481e-05 3.106449124516445987e-05 3.115005090435079437e-05 3.122336392167284890e-05 3.126301369328115729e-05 3.123461463401031968e-05 3.111964311412414080e-05 3.100649769989534914e-05 3.093249022248423707e-05 3.089462184145315302e-05
0.000000000000000000e+00 2.324560267681021985e-05 2.320192142694631977e-05 2.339305416943158932e-05 2.377333068492056876e-05 2.427351149721760051e-05 2.483781768280088659e-05 2.542712994017595819e-05 2.602323450344698653e-05 2.687174612283154914e-05 2.740760619929037402e-05 2.801715945945480548e-05 2.856187500929142291e-05 2.913629472165059144e-05 2.982806979788641695e-05 2.342017179754833430e-05 2.975870205875890155e-05 3.090257109065699975e-05 3.106256665067741847e-05 3.112588935366163547e-05 3.114842642785091664e-05 3.112906884371827588e-05 3.115733341648268249e-05 3.120958992048566922e-05 3.127747486613718806e-05 3.112400440351192687e-05 3.143535321140986777e-05 3.152463042133766950e-05 3.162377938429263051e-05 3.172831617088013833e-05 3.182767603477337358e-05 3.189603032523134063e-05 3.186654565423261597e-05 3.165336547273641483e-05 3.148123280766493645e-05 3.139476585277124710e-05 3.136502132893892231e-05
0.000000000000000000e+00 2.367894766929303063e-05 2.365183069491103224e-05 2.381968554933078751e-05 2.363188481668818784e-05 2.353276780529282630e-05 2.350239440380849781e-05 2.354854311062759279e-05 2.371588388499502718e-05 2.359526199448241072e-05 2.783370048994448110e-05 2.869028170379521719e-05 2.912689992120220603e-05 2.965587386504087915e-05 3.003046584186618600e-05 3.025947489211897902e-05 2.429710590183939946e-05 3.188475512542134110e-05 3.174099067123492416e-05 3.174778880491626177e-05 3.174673739182536612e-05 3.163519669418024186e-05 3.166345509133925194e-05 3.171573608967844481e-05 3.178408538976987984e-05 3.163404358194924978e-05 3.194715878624494656e-05 3.204395300476416554e-05 3.215684793923177077e-05 3.228367320140011830e-05 3.241942080874240075e-05 3.254900408928515396e-05 3.256706219190546979e-05 3.213932435234080132e-05 3.188718846389248347e-05 3.180533665686792184e-05 3.179540954643814073e-05
0.000000000000000000e+00 2.404519218842700521e-05 2.398424815014972686e-05 2.380131650389512548e-05 2.414602345986149032e-05 2.464988465779510964e-05 2.525545560585777042e-05 2.590472507386719331e-05 2.651567508012225852e-05 2.692040338553755135e-05 2.373872148044371929e-05 2.384677527231228515e-05 2.948022768104128965e-05 3.034744491316548561e-05 3.053657449784003404e-05 3.050009515909081497e-05 2.497682100780937466e-05 3.248151760191567015e-05 3.228999840444615570e-05 3.233997099318714397e-05 3.237751255455152775e-05 3.204702155610616353e-05 3.213505475572864094e-05 3.219168202908349581e-05 3.226202824640154592e-05 3.211641899824311982e-05 3.242956215131938133e-05 3.253265536138590693e-05 3.265914518358503687e-05 3.280812066842938576e-05 3.298273704576254033e-05 3.322269040788444218e-05 3.304473318400761721e-05 3.252106197443821136e-05 3.219083330026207396e-05 3.216317357079674318e-05 3.218663471138789249e-05
