output_new_topo_ddd_4/finaltopo_surface_water__discharge.asc
ncols 300
nrows 100
xllcorner 0.0
yllcorner 0.0
cellsize 10.0
[rows 0 to 16 of 100, columns 222 to 258 of 300]
0.000000000000000000e+00 0.000000000000000000e+00 0.000000000000000000e+00 0.000000000000000000e+00 0.000000000000000000e+00 0.000000000000000000e+00 0.000000000000000000e+00 0.000000000000000000e+00 0.000000000000000000e+00 0.000000000000000000e+00 0.000000000000000000e+00 0.000000000000000000e+00 0.000000000000000000e+00 0.000000000000000000e+00 0.000000000000000000e+00 0.000000000000000000e+00 0.000000000000000000e+00 0.000000000000000000e+00 0.000000000000000000e+00 0.000000000000000000e+00 0.000000000000000000e+00 0.000000000000000000e+00 0.000000000000000000e+00 0.000000000000000000e+00 0.000000000000000000e+00 0.000000000000000000e+00 0.000000000000000000e+00 0.000000000000000000e+00 0.000000000000000000e+00 0.000000000000000000e+00 0.000000000000000000e+00 0.000000000000000000e+00 0.000000000000000000e+00 0.000000000000000000e+00 0.000000000000000000e+00 0.000000000000000000e+00 0.000000000000000000e+00
5.000000000000000000e+01 5.000000000000000000e+01 5.000000000000000000e+01 5.000000000000000000e+01 5.000000000000000000e+01 5.000000000000000000e+01 5.000000000000000000e+01 5.000000000000000000e+01 5.000000000000000000e+01 5.000000000000000000e+01 5.000000000000000000e+01 5.000000000000000000e+01 5.000000000000000000e+01 5.000000000000000000e+01 5.000000000000000000e+01 5.000000000000000000e+01 5.000000000000000000e+01 5.000000000000000000e+01 5.000000000000000000e+01 5.000000000000000000e+01 5.000000000000000000e+01 5.000000000000000000e+01 5.000000000000000000e+01 5.000000000000000000e+01 5.000000000000000000e+01 5.000000000000000000e+01 5.000000000000000000e+01 5.000000000000000000e+01 5.000000000000000000e+01 5.000000000000000000e+01 5.000000000000000000e+01 5.000000000000000000e+01 5.000000000000000000e+01 5.000000000000000000e+01 5.000000000000000000e+01 5.000000000000000000e+01 5.000000000000000000e+01
1.000000000000000000e+02 1.000000000000000000e+02 1.000000000000000000e+02 1.000000000000000000e+02 1.000000000000000000e+02 1.000000000000000000e+02 1.000000000000000000e+02 1.000000000000000000e+02 1.000000000000000000e+02 1.000000000000000000e+02 5.000000000000000000e+01 1.000000000000000000e+02 5.000000000000000000e+01 1.000000000000000000e+02 1.000000000000000000e+02 1.000000000000000000e+02 1.000000000000000000e+02 1.000000000000000000e+02 1.000000000000000000e+02 1.000000000000000000e+02 1.000000000000000000e+02 1.000000000000000000e+02 1.000000000000000000e+02 1.000000000000000000e+02 1.000000000000000000e+02 1.000000000000000000e+02 1.000000000000000000e+02 1.000000000000000000e+02 1.000000000000000000e+02 1.000000000000000000e+02 1.000000000000000000e+02 1.500000000000000000e+02 1.000000000000000000e+02 1.000000000000000000e+02 1.000000000000000000e+02 1.000000000000000000e+02 1.000000000000000000e+02
1.500000000000000000e+02 1.500000000000000000e+02 1.500000000000000000e+02 1.500000000000000000e+02 1.500000000000000000e+02 1.500000000000000000e+02 1.500000000000000000e+02 1.500000000000000000e+02 1.500000000000000000e+02 5.000000000000000000e+01 1.000000000000000000e+02 1.500000000000000000e+02 1.000000000000000000e+02 5.000000000000000000e+01 1.500000000000000000e+02 1.500000000000000000e+02 2.500000000000000000e+02 5.000000000000000000e+01 2.500000000000000000e+02 1.500000000000000000e+02 1.500000000000000000e+02 5.000000000000000000e+01 1.500000000000000000e+02 1.500000000000000000e+02 1.500000000000000000e+02 1.500000000000000000e+02 1.500000000000000000e+02 1.500000000000000000e+02 1.500000000000000000e+02 1.500000000000000000e+02 2.500000000000000000e+02 2.000000000000000000e+02 1.500000000000000000e+02 1.500000000000000000e+02 1.500000000000000000e+02 1.500000000000000000e+02 1.500000000000000000e+02
3.500000000000000000e+02 2.000000000000000000e+02 2.000000000000000000e+02 2.000000000000000000e+02 2.000000000000000000e+02 2.000000000000000000e+02 2.000000000000000000e+02 2.000000000000000000e+02 5.000000000000000000e+01 1.000000000000000000e+02 1.500000000000000000e+02 2.000000000000000000e+02 1.500000000000000000e+02 5.000000000000000000e+01 1.000000000000000000e+02 2.000000000000000000e+02 4.500000000000000000e+02 1.000000000000000000e+02 3.000000000000000000e+02 2.000000000000000000e+02 2.000000000000000000e+02 1.000000000000000000e+02 2.000000000000000000e+02 2.000000000000000000e+02 5.000000000000000000e+01 2.000000000000000000e+02 2.000000000000000000e+02 2.000000000000000000e+02 2.000000000000000000e+02 3.500000000000000000e+02 3.000000000000000000e+02 2.500000000000000000e+02 2.000000000000000000e+02 2.000000000000000000e+02 2.000000000000000000e+02 2.000000000000000000e+02 2.000000000000000000e+02
6.000000000000000000e+02 2.500000000000000000e+02 2.500000000000000000e+02 2.500000000000000000e+02 2.500000000000000000e+02 2.500000000000000000e+02 2.500000000000000000e+02 1.000000000000000000e+02 5.000000000000000000e+01 1.500000000000000000e+02 2.000000000000000000e+02 2.500000000000000000e+02 2.000000000000000000e+02 5.000000000000000000e+01 1.000000000000000000e+02 1.500000000000000000e+02 7.000000000000000000e+02 1.500000000000000000e+02 3.500000000000000000e+02 2.500000000000000000e+02 2.500000000000000000e+02 1.500000000000000000e+02 2.500000000000000000e+02 2.500000000000000000e+02 5.000000000000000000e+01 1.000000000000000000e+02 2.500000000000000000e+02 2.500000000000000000e+02 2.500000000000000000e+02 6.000000000000000000e+02 3.500000000000000000e+02 3.000000000000000000e+02 2.500000000000000000e+02 2.500000000000000000e+02 2.500000000000000000e+02 2.500000000000000000e+02 2.500000000000000000e+02
9.000000000000000000e+02 3.000000000000000000e+02 3.000000000000000000e+02 3.000000000000000000e+02 3.000000000000000000e+02 3.000000000000000000e+02 1.500000000000000000e+02 1.000000000000000000e+02 5.000000000000000000e+01 2.000000000000000000e+02 2.500000000000000000e+02 3.000000000000000000e+02 2.500000000000000000e+02 5.000000000000000000e+01 1.000000000000000000e+02 1.500000000000000000e+02 9.000000000000000000e+02 2.000000000000000000e+02 4.000000000000000000e+02 3.000000000000000000e+02 3.000000000000000000e+02 2.000000000000000000e+02 3.000000000000000000e+02 3.000000000000000000e+02 1.000000000000000000e+02 5.000000000000000000e+01 1.500000000000000000e+02 3.000000000000000000e+02 3.000000000000000000e+02 9.000000000000000000e+02 4.000000000000000000e+02 3.500000000000000000e+02 3.000000000000000000e+02 3.000000000000000000e+02 3.000000000000000000e+02 3.000000000000000000e+02 3.000000000000000000e+02
1.250000000000000000e+03 3.500000000000000000e+02 3.500000000000000000e+02 3.500000000000000000e+02 3.500000000000000000e+02 2.000000000000000000e+02 1.500000000000000000e+02 1.000000000000000000e+02 5.000000000000000000e+01 2.500000000000000000e+02 3.000000000000000000e+02 3.500000000000000000e+02 3.000000000000000000e+02 5.000000000000000000e+01 1.000000000000000000e+02 1.500000000000000000e+02 1.100000000000000000e+03 2.500000000000000000e+02 4.500000000000000000e+02 3.500000000000000000e+02 3.500000000000000000e+02 2.500000000000000000e+02 3.500000000000000000e+02 3.500000000000000000e+02 1.500000000000000000e+02 5.000000000000000000e+01 1.000000000000000000e+02 2.000000000000000000e+02 3.500000000000000000e+02 3.500000000000000000e+02 1.350000000000000000e+03 4.000000000000000000e+02 3.500000000000000000e+02 3.500000000000000000e+02 3.500000000000000000e+02 3.500000000000000000e+02 3.500000000000000000e+02
1.650000000000000000e+03 4.000000000000000000e+02 4.000000000000000000e+02 4.000000000000000000e+02 2.500000000000000000e+02 2.000000000000000000e+02 1.500000000000000000e+02 5.000000000000000000e+01 1.000000000000000000e+02 3.000000000000000000e+02 3.500000000000000000e+02 4.000000000000000000e+02 3.500000000000000000e+02 5.000000000000000000e+01 1.000000000000000000e+02 1.500000000000000000e+02 1.300000000000000000e+03 3.000000000000000000e+02 5.000000000000000000e+02 4.000000000000000000e+02 4.000000000000000000e+02 3.000000000000000000e+02 4.000000000000000000e+02 4.000000000000000000e+02 2.000000000000000000e+02 1.000000000000000000e+02 5.000000000000000000e+01 1.500000000000000000e+02 2.500000000000000000e+02 4.000000000000000000e+02 1.750000000000000000e+03 4.500000000000000000e+02 4.000000000000000000e+02 4.000000000000000000e+02 4.000000000000000000e+02 4.000000000000000000e+02 4.000000000000000000e+02
2.100000000000000000e+03 4.500000000000000000e+02 4.500000000000000000e+02 3.000000000000000000e+02 2.500000000000000000e+02 2.000000000000000000e+02 1.000000000000000000e+02 5.000000000000000000e+01 1.500000000000000000e+02 3.500000000000000000e+02 4.000000000000000000e+02 4.500000000000000000e+02 5.000000000000000000e+01 4.000000000000000000e+02 1.000000000000000000e+02 1.500000000000000000e+02 1.500000000000000000e+03 3.500000000000000000e+02 5.500000000000000000e+02 4.500000000000000000e+02 4.500000000000000000e+02 3.500000000000000000e+02 4.500000000000000000e+02 4.500000000000000000e+02 2.500000000000000000e+02 1.500000000000000000e+02 5.000000000000000000e+01 1.000000000000000000e+02 2.000000000000000000e+02 3.000000000000000000e+02 2.200000000000000000e+03 5.000000000000000000e+02 4.500000000000000000e+02 4.500000000000000000e+02 4.500000000000000000e+02 4.500000000000000000e+02 4.500000000000000000e+02
2.600000000000000000e+03 5.000000000000000000e+02 3.500000000000000000e+02 3.000000000000000000e+02 2.500000000000000000e+02 1.500000000000000000e+02 1.000000000000000000e+02 5.000000000000000000e+01 2.000000000000000000e+02 4.000000000000000000e+02 4.500000000000000000e+02 5.000000000000000000e+02 5.000000000000000000e+01 1.000000000000000000e+02 4.500000000000000000e+02 1.500000000000000000e+02 2.000000000000000000e+02 1.900000000000000000e+03 6.000000000000000000e+02 5.000000000000000000e+02 5.000000000000000000e+02 4.000000000000000000e+02 5.000000000000000000e+02 5.000000000000000000e+02 3.000000000000000000e+02 2.000000000000000000e+02 5.000000000000000000e+01 1.000000000000000000e+02 1.500000000000000000e+02 2.500000000000000000e+02 2.550000000000000000e+03 5.500000000000000000e+02 5.000000000000000000e+02 5.000000000000000000e+02 5.000000000000000000e+02 5.000000000000000000e+02 5.000000000000000000e+02
3.150000000000000000e+03 4.000000000000000000e+02 3.500000000000000000e+02 3.000000000000000000e+02 2.000000000000000000e+02 1.500000000000000000e+02 1.000000000000000000e+02 5.000000000000000000e+01 2.500000000000000000e+02 4.500000000000000000e+02 5.000000000000000000e+02 5.000000000000000000e+01 5.500000000000000000e+02 1.000000000000000000e+02 1.500000000000000000e+02 5.000000000000000000e+02 2.000000000000000000e+02 2.500000000000000000e+02 2.550000000000000000e+03 5.500000000000000000e+02 5.500000000000000000e+02 4.500000000000000000e+02 5.500000000000000000e+02 5.500000000000000000e+02 3.500000000000000000e+02 2.500000000000000000e+02 5.000000000000000000e+01 1.000000000000000000e+02 1.500000000000000000e+02 2.000000000000000000e+02 2.850000000000000000e+03 6.000000000000000000e+02 5.500000000000000000e+02 5.500000000000000000e+02 5.500000000000000000e+02 5.500000000000000000e+02 5.500000000000000000e+02
3.600000000000000000e+03 4.000000000000000000e+02 3.500000000000000000e+02 2.500000000000000000e+02 2.000000000000000000e+02 1.500000000000000000e+02 1.000000000000000000e+02 5.000000000000000000e+01 3.000000000000000000e+02 5.000000000000000000e+02 5.500000000000000000e+02 5.000000000000000000e+01 1.000000000000000000e+02 6.000000000000000000e+02 1.500000000000000000e+02 2.000000000000000000e+02 5.500000000000000000e+02 2.500000000000000000e+02 2.850000000000000000e+03 6.000000000000000000e+02 6.000000000000000000e+02 5.000000000000000000e+02 6.000000000000000000e+02 6.000000000000000000e+02 4.000000000000000000e+02 3.000000000000000000e+02 1.000000000000000000e+02 5.000000000000000000e+01 1.500000000000000000e+02 2.000000000000000000e+02 3.100000000000000000e+03 6.500000000000000000e+02 6.000000000000000000e+02 6.000000000000000000e+02 6.000000000000000000e+02 6.000000000000000000e+02 6.000000000000000000e+02
4.500000000000000000e+02 4.000000000000000000e+02 3.000000000000000000e+02 2.500000000000000000e+02 2.000000000000000000e+02 1.500000000000000000e+02 1.000000000000000000e+02 5.000000000000000000e+01 3.500000000000000000e+02 5.500000000000000000e+02 5.000000000000000000e+01 6.000000000000000000e+02 1.000000000000000000e+02 1.500000000000000000e+02 6.500000000000000000e+02 2.000000000000000000e+02 2.500000000000000000e+02 6.000000000000000000e+02 3.150000000000000000e+03 6.500000000000000000e+02 6.500000000000000000e+02 5.500000000000000000e+02 6.500000000000000000e+02 6.500000000000000000e+02 4.500000000000000000e+02 3.500000000000000000e+02 1.500000000000000000e+02 5.000000000000000000e+01 1.000000000000000000e+02 2.000000000000000000e+02 3.350000000000000000e+03 7.000000000000000000e+02 6.500000000000000000e+02 6.500000000000000000e+02 6.500000000000000000e+02 6.500000000000000000e+02 6.500000000000000000e+02
4.500000000000000000e+02 3.500000000000000000e+02 3.000000000000000000e+02 2.500000000000000000e+02 2.000000000000000000e+02 1.500000000000000000e+02 1.000000000000000000e+02 5.000000000000000000e+01 4.000000000000000000e+02 6.000000000000000000e+02 5.000000000000000000e+01 1.000000000000000000e+02 6.500000000000000000e+02 1.500000000000000000e+02 2.000000000000000000e+02 7.000000000000000000e+02 2.500000000000000000e+02 3.000000000000000000e+02 6.500000000000000000e+02 3.850000000000000000e+03 7.000000000000000000e+02 6.000000000000000000e+02 7.000000000000000000e+02 7.000000000000000000e+02 5.000000000000000000e+02 4.000000000000000000e+02 2.000000000000000000e+02 5.000000000000000000e+01 1.000000000000000000e+02 1.500000000000000000e+02 3.600000000000000000e+03 7.500000000000000000e+02 7.000000000000000000e+02 7.000000000000000000e+02 7.000000000000000000e+02 7.000000000000000000e+02 7.000000000000000000e+02
4.000000000000000000e+02 3.500000000000000000e+02 3.000000000000000000e+02 2.500000000000000000e+02 2.000000000000000000e+02 1.500000000000000000e+02 1.000000000000000000e+02 5.000000000000000000e+01 4.500000000000000000e+02 5.000000000000000000e+01 6.500000000000000000e+02 1.000000000000000000e+02 1.500000000000000000e+02 7.000000000000000000e+02 2.000000000000000000e+02 2.500000000000000000e+02 7.500000000000000000e+02 3.000000000000000000e+02 3.500000000000000000e+02 4.550000000000000000e+03 7.500000000000000000e+02 6.500000000000000000e+02 7.500000000000000000e+02 7.500000000000000000e+02 5.500000000000000000e+02 4.500000000000000000e+02 2.500000000000000000e+02 5.000000000000000000e+01 1.000000000000000000e+02 1.500000000000000000e+02 3.800000000000000000e+03 8.000000000000000000e+02 7.500000000000000000e+02 7.500000000000000000e+02 7.500000000000000000e+02 7.500000000000000000e+02 7.500000000000000000e+02
4.000000000000000000e+02 3.500000000000000000e+02 3.000000000000000000e+02 2.500000000000000000e+02 2.000000000000000000e+02 1.500000000000000000e+02 1.000000000000000000e+02 5.000000000000000000e+01 5.000000000000000000e+02 5.000000000000000000e+01 1.000000000000000000e+02 7.000000000000000000e+02 1.500000000000000000e+02 2.000000000000000000e+02 7.500000000000000000e+02 2.500000000000000000e+02 3.000000000000000000e+02 8.000000000000000000e+02 3.500000000000000000e+02 4.950000000000000000e+03 8.000000000000000000e+02 7.000000000000000000e+02 8.000000000000000000e+02 8.000000000000000000e+02 6.000000000000000000e+02 5.000000000000000000e+02 3.000000000000000000e+02 5.000000000000000000e+01 1.000000000000000000e+02 1.500000000000000000e+02 4.000000000000000000e+03 8.500000000000000000e+02 8.000000000000000000e+02 8.000000000000000000e+02 8.000000000000000000e+02 8.000000000000000000e+02 8.000000000000000000e+02
