output_new_topo_ddd_4/finaltopo_soil_production__rate.asc
ncols 300
nrows 100
xllcorner 0.0
yllcorner 0.0
cellsize 10.0
[rows 0 to 16 of 100, columns 74 to 110 of 300]
0.000000000000000000e+00 0.000000000000000000e+00 0.000000000000000000e+00 0.000000000000000000e+00 0.000000000000000000e+00 0.000000000000000000e+00 0.000000000000000000e+00 0.000000000000000000e+00 0.000000000000000000e+00 0.000000000000000000e+00 0.000000000000000000e+00 0.000000000000000000e+00 0.000000000000000000e+00 0.000000000000000000e+00 0.000000000000000000e+00 0.000000000000000000e+00 0.000000000000000000e+00 0.000000000000000000e+00 0.000000000000000000e+00 0.000000000000000000e+00 0.000000000000000000e+00 0.000000000000000000e+00 0.000000000000000000e+00 0.000000000000000000e+00 0.000000000000000000e+00 0.000000000000000000e+00 0.000000000000000000e+00 0.000000000000000000e+00 0.000000000000000000e+00 0.000000000000000000e+00 0.000000000000000000e+00 0.000000000000000000e+00 0.000000000000000000e+00 0.000000000000000000e+00 0.000000000000000000e+00 0.000000000000000000e+00 0.000000000000000000e+00
1.605047586069642201e-05 1.554046842930235968e-05 1.599361965861130242e-05 1.849951415143262193e-06 1.385067205239899069e-05 1.642439056997132849e-06 4.806264792828022369e-06 3.554726507264525451e-09 4.453016570311853932e-09 6.906529160323117338e-10 1.722866293164939949e-12 6.284879115106030907e-10 1.282813902631957537e-12 1.663021900957608277e-13 1.096987338970767021e-13 1.174945292658074134e-18 1.689177813590622910e-18 8.542494161429852776e-20 5.767541879899226190e-20 3.860150004641747821e-19 1.097575033473156967e-17 1.198392519121482667e-17 4.367428078479261017e-17 3.621206432622049506e-17 1.750998636139553166e-17 3.492529787177217774e-14 1.101274028865474988e-14 1.163998285963646771e-13 2.719474568869237333e-13 2.161696495179086763e-10 1.414179464951565484e-06 3.532934443328490165e-07 1.390161826708730485e-05 4.976791374971985328e-07 1.657302173427997979e-05 1.489196697346229051e-05 1.855251178914249987e-05
1.678104939107493367e-05 1.656811519887303527e-05 1.661435838988024283e-05 8.972675989577167101e-06 1.289767755399467797e-05 4.842360170109645602e-06 7.637775128173795432e-07 7.954948089565229826e-09 2.050874043745190770e-08 2.758421483794827017e-08 7.826867567123949064e-10 1.260800271850355253e-09 1.253871902585708306e-13 3.760484810600690015e-12 5.369130862539297531e-17 2.562861986759823778e-17 2.029081321802922950e-16 2.490823651161185340e-17 9.912732146569412995e-17 9.155003566054886216e-19 5.399975695489708806e-18 3.494178074968669071e-16 2.391413455881110855e-19 2.238507507661571444e-18 4.225111601876805847e-16 4.828006208659504269e-16 9.724245660022845501e-13 1.736545180016663036e-10 3.290589133531770571e-12 8.154110138069402413e-11 1.550584697665933700e-07 8.746253404718458822e-06 5.287735942615660329e-06 1.782337178041971839e-05 1.734086362346862705e-05 1.835301871168571646e-05 1.939545638858727826e-05
1.769077861426762241e-05 1.757629405182790301e-05 1.750196268578756313e-05 1.758692291562018601e-05 1.736666678439660697e-05 9.275476831059041463e-06 1.370965740556809035e-05 8.239370249640486733e-06 2.806210090541450448e-06 1.715921393185109193e-09 2.623263212307205176e-09 3.009339296490836856e-09 1.040770895744183144e-12 6.321470083404698028e-12 1.134849092237356903e-15 2.616947658417825229e-14 1.277450060614964556e-17 3.215586840983676730e-19 7.678919412332755049e-20 6.671884875764626868e-17 4.655242160892971508e-16 4.847063148486318058e-19 3.066933777797360361e-16 2.870503265171800146e-14 7.204758590890267601e-16 3.959939847868299926e-12 2.747573394224408917e-11 2.168744892300349441e-11 7.244004046128618394e-09 1.454204359464470809e-08 2.466381967077009617e-07 3.171156340127919167e-06 1.806385160677803615e-05 1.917073494349841824e-05 2.028794640524572411e-05 2.079613213270484822e-05 2.063718365406406931e-05
1.859287986143646338e-05 1.840063072571567425e-05 1.836828947137392819e-05 1.829703267573992600e-05 1.816104629857692205e-05 1.801786746616899603e-05 1.735450203930930500e-05 1.681610479304101137e-05 1.510499750615321160e-05 1.283794236329248427e-06 2.172194417665869156e-09 5.878163695609875546e-08 2.762942289325734519e-09 3.076259369021006562e-11 1.932512986943626688e-11 3.939511909020049121e-16 2.280530058914687919e-15 1.066764544615894527e-16 1.312351790921621994e-17 3.601500444773544626e-15 5.135028879781394017e-17 5.213295727045722279e-18 4.266521607545250029e-14 7.134461269036569442e-17 1.343601131848168508e-13 5.979500514356967777e-13 9.315630724540276839e-09 6.179690273367835208e-09 7.481244973192583768e-08 7.841858121893276774e-07 1.670494563064805693e-05 1.787244645881387917e-05 2.033695708523616414e-05 2.111885257727919875e-05 2.094854517021118014e-05 2.165527454521200927e-05 2.183200859160244273e-05
1.940357216735292598e-05 1.920794005046498864e-05 1.921005453242836819e-05 1.913817769844176854e-05 1.911135757912085133e-05 1.889555118639853974e-05 1.818495347023826650e-05 1.791515526050180935e-05 1.707658197735281491e-05 1.517179041890763384e-05 4.234619915274401941e-07 2.498755263181614384e-07 1.425728649072835376e-07 2.531281862067331543e-09 8.113541072253625863e-12 3.337051238150545836e-11 1.592510802706692690e-13 2.012807077651383045e-16 9.791875432093061287e-18 1.270076407108328960e-15 2.277963496947685943e-15 1.777645808465605013e-16 4.711454675858019962e-15 7.087387283775566266e-15 1.084875259118785640e-11 3.406305511750960174e-12 3.724338154722092765e-08 6.154034830165867899e-06 7.833820469687528907e-06 1.410587395039453574e-05 1.964419253768016601e-05 2.096399789247972042e-05 2.150299852619991136e-05 2.200587607015229175e-05 2.141974494250689401e-05 2.249713587035155173e-05 2.274769143225361285e-05
2.019743990419688420e-05 2.000039974797642825e-05 2.002246891315559099e-05 1.993746701863386071e-05 1.986586605733498865e-05 1.957365879149477610e-05 1.854472570144501294e-05 1.906192086387725716e-05 1.842841405489029259e-05 1.762462642265207489e-05 1.637700779953605421e-05 1.533292047638930517e-05 1.176904856531059320e-06 3.958409622939016914e-10 1.213304752912942786e-11 2.733439476956753812e-13 7.656972939706052239e-12 4.787134977405188819e-15 5.446613033847754742e-13 2.074128305944803827e-14 1.875652572556948213e-14 1.182578506570705498e-12 3.975511487112827614e-14 4.345174935309019161e-13 1.406669897480292806e-10 3.954152463808194384e-07 1.059906607156650425e-08 1.574900649545157768e-05 1.554822378784639561e-05 2.054455301514523493e-05 2.131481703679816847e-05 2.184877266600343608e-05 2.238744316819167937e-05 2.294816984932830843e-05 2.186622770661525539e-05 2.327928280194272714e-05 2.366465007728317481e-05
2.099190605810138930e-05 2.079166151553260645e-05 2.082106898123611428e-05 2.072597289507327248e-05 2.063699099870362741e-05 2.031053291472685035e-05 1.887594912296512552e-05 1.969955674550606019e-05 1.911182421143226926e-05 1.846204552037322767e-05 1.771936823770502194e-05 1.645383621382358441e-05 6.931738788172248115e-06 1.246222516185627745e-05 3.416279350175935024e-10 3.122810430468321897e-09 2.459105277266015252e-13 6.599573033533446674e-14 7.091083800139312984e-15 2.454592782666722327e-14 1.546872646879138109e-11 5.176803695860405997e-11 1.020866614319186488e-13 1.081475767517262109e-10 7.149980995657801466e-10 2.381452251680213613e-07 4.018345454166194700e-06 1.922184110005978352e-05 2.080139431699406827e-05 2.158064323811467221e-05 2.212632572175057775e-05 2.267973652336920082e-05 2.321705524169929492e-05 2.375515576544649261e-05 2.425462417919040155e-05 2.211015356878836215e-05 2.466864987112077565e-05
2.179091009067977188e-05 2.158619171463020385e-05 2.161992351192328342e-05 2.151650491651970913e-05 2.141541539702936306e-05 2.107105273133726682e-05 1.923644037706405898e-05 2.033885859829857249e-05 1.976452061516804050e-05 1.914971573477775276e-05 1.852518744811694761e-05 1.789636383150470126e-05 1.703829355898854814e-05 1.561018829184664081e-05 5.869649073536371742e-09 1.773869686412559561e-08 9.719517034568681849e-11 2.195110867416215510e-12 6.468234746570798180e-14 5.735956724060099928e-13 4.232155420661850265e-12 3.273480885404132748e-12 2.750167844945402897e-08 1.016410100090744442e-09 1.367977464066493632e-05 1.586523861698388007e-05 1.941865029761402235e-05 2.045227523618736728e-05 2.143938683839010609e-05 2.222300766320630593e-05 2.287923330694066710e-05 2.346870700748666022e-05 2.404334347374076535e-05 2.459136946374582057e-05 2.508455885477926223e-05 2.260639749787849494e-05 2.556742335328713030e-05
2.259333958973892665e-05 2.238440593743302884e-05 2.242127868853565912e-05 2.231010151778729125e-05 2.219198816005568195e-05 2.180936747959761840e-05 1.965834198178664969e-05 2.097969372390473734e-05 2.041452643984215302e-05 1.977435192748097976e-05 1.910837310485148213e-05 1.842730964912117178e-05 1.771727081944097286e-05 1.689530387335044274e-05 1.525647010244119291e-05 1.035061640458788518e-05 2.466815641702541066e-10 3.797458110346113350e-08 9.466083515321821241e-12 8.794894951734558805e-09 6.208507852111757347e-11 6.907879324140985264e-10 1.326975523683131280e-09 1.586643782275018449e-07 1.793148972739636978e-05 1.770375710276314221e-05 2.111980883004440978e-05 2.165524126725378343e-05 2.220545482283266733e-05 2.290711281631925724e-05 2.359518044027387120e-05 2.424697827175570475e-05 2.484583473674297071e-05 2.544081091538519533e-05 2.608871707203412428e-05 2.308890631420888251e-05 2.617866710306886670e-05
2.339592203334432704e-05 2.318416452025413692e-05 2.322472692420894736e-05 2.310759239548272587e-05 2.296565214530626396e-05 2.242101379479036389e-05 1.970180975586631640e-05 2.179101646105963930e-05 2.105864413681816127e-05 2.034388764738265807e-05 1.961841628702594924e-05 1.898795809746117987e-05 1.847754499745168474e-05 1.796456404369462380e-05 1.469943591860745761e-05 4.233579108269273073e-06 1.877080828999237896e-06 4.278234203727646884e-07 2.299843204169695487e-10 6.112874203313129152e-09 2.486700517293013918e-08 1.112384234844022961e-08 1.297818179025208030e-05 7.957253751230733126e-06 2.012127284724298434e-05 2.165818656339602016e-05 2.224323941309014596e-05 2.267469557189592206e-05 2.314223323741295766e-05 2.365649054701642070e-05 2.432116202608550741e-05 2.498297574361540090e-05 2.561442439862202851e-05 2.620124274847444054e-05 2.677437557309037677e-05 2.729828572402089832e-05 2.286515063433247009e-05
2.419435214065084275e-05 2.398203306405893547e-05 2.402830145343094756e-05 2.391408142508275950e-05 2.381613804191681232e-05 2.041136727096296550e-05 2.295038423717530955e-05 2.235515405057270167e-05 2.161435993228299373e-05 2.083962336996226234e-05 2.016866667177305778e-05 1.961289769403575599e-05 1.895894540715389650e-05 1.833138822285219243e-05 1.757893498355571365e-05 1.634795469660541256e-05 1.050602273206447589e-06 1.170094505903467429e-05 2.079381401533500316e-08 7.910432804040943073e-08 8.199669651737201309e-06 1.321401304905152188e-05 1.716847855063572908e-05 1.717787053327432691e-05 2.055427988130059341e-05 2.221053933397266366e-05 2.321826090660345461e-05 2.370693787910082811e-05 2.413813837796301712e-05 2.459222159536654195e-05 2.506975117551692018e-05 2.570840785824056722e-05 2.633848389315662764e-05 2.693333136202927786e-05 2.747273727274771588e-05 2.797834132085049163e-05 2.332385738749733381e-05
2.498405385568699646e-05 2.477362198244524518e-05 2.482545197083680142e-05 2.469271948937152707e-05 2.438804679461980220e-05 2.056338627417773324e-05 2.376670539226057941e-05 2.296139750897585558e-05 2.209720463129611205e-05 2.138206967367336177e-05 2.080936855577478670e-05 2.010670285044916387e-05 1.941311929492365936e-05 1.869459762680497118e-05 1.797914223820625131e-05 1.727462443416526129e-05 5.669832163964433626e-06 8.287027555176033487e-06 3.339642715588090119e-06 1.403282893805929260e-05 1.453498688746622656e-05 1.618146603677397385e-05 1.895911029722264162e-05 1.985988770080847438e-05 2.051039557359771398e-05 2.205542294639380743e-05 2.374944749072633424e-05 2.471920808862217123e-05 2.517527991486259882e-05 2.558033687289508389e-05 2.600257107920865438e-05 2.643983094186903548e-05 2.704808983586639266e-05 2.763816198068198230e-05 2.817138267737932583e-05 2.864705404102789720e-05 2.373212816669559199e-05
2.576058477375929307e-05 2.555570641441892951e-05 2.562449877975722285e-05 2.558139742335825519e-05 2.126134612723494511e-05 2.483360300758104356e-05 2.431311429520040552e-05 2.355604149840561257e-05 2.256201509076748431e-05 2.204049989095643441e-05 2.132928267377373009e-05 2.059812908027322892e-05 1.983814048086073471e-05 1.911131122601585576e-05 1.843930255913165631e-05 1.800259069770012932e-05 1.686449121600944734e-05 1.625954840274535253e-05 1.621358511434140009e-05 1.076042576328127158e-05 1.814667400097311122e-05 1.927179979383862219e-05 1.993036441508855305e-05 2.061893644837210172e-05 2.123884234912547188e-05 2.196378462336272101e-05 2.357290269944460316e-05 2.525586106907926027e-05 2.619178974682355782e-05 2.660448966635568224e-05 2.697129424672930733e-05 2.735625803194787311e-05 2.775433884955649235e-05 2.833700512684444111e-05 2.889046639945344085e-05 2.926897614031587458e-05 2.423044651713457680e-05
2.651916888168065134e-05 2.631878794141964860e-05 2.636936016007704591e-05 2.605412962618786749e-05 2.145729006914468660e-05 2.572669381347621547e-05 2.501609029152978238e-05 2.064917273476410926e-05 2.105929706900117946e-05 2.057926666477906177e-05 2.016328005140970506e-05 1.978721078436274799e-05 1.945210029796881276e-05 1.918531997841142951e-05 1.905204115694112272e-05 1.853851482542372435e-05 1.813037971018753518e-05 1.687705273859711760e-05 1.732587676978638233e-05 1.846419460569387582e-05 1.822286631019281479e-05 2.024291012363716377e-05 2.086767375143369472e-05 2.152519350851913286e-05 2.213353629082878200e-05 2.273740835823227530e-05 2.345219804528814802e-05 2.507287828109577951e-05 2.671663265018014421e-05 2.760419038107046177e-05 2.796817696203121763e-05 2.829247960629362703e-05 2.864069773506097198e-05 2.901143111327550113e-05 2.961618977039999885e-05 3.038913509668523903e-05 2.421179338808893947e-05
2.725753057982874337e-05 2.707469744753250918e-05 2.723841075784779858e-05 2.207563636300304498e-05 2.661393314984821892e-05 2.623525309743579654e-05 2.112427452352338964e-05 2.453440735808131421e-05 2.387248684711842703e-05 2.307735650109599422e-05 2.223617336926389998e-05 2.139493241589415792e-05 2.058890864580243947e-05 1.985486186256480600e-05 1.923169524091410072e-05 1.906620498676477903e-05 1.875385791744423389e-05 1.870348889444629605e-05 1.830523298318170253e-05 1.930767472376625197e-05 2.029049256947484625e-05 1.998688400840812295e-05 2.185606471974485481e-05 2.247274035320972891e-05 2.308137111728654102e-05 2.366439122437793879e-05 2.423457809967633324e-05 2.491973680018219267e-05 2.652276202270021087e-05 2.810630135184003569e-05 2.893605699811594600e-05 2.924864624478246133e-05 2.952836140098187022e-05 2.983914572975113915e-05 3.017717901990572038e-05 3.073559280853068083e-05 3.117442304439707655e-05
2.796899925417760952e-05 2.775919670243903181e-05 2.755674051890783611e-05 2.219185189791346359e-05 2.755673691924043426e-05 2.172416992546195012e-05 2.589641695413408894e-05 2.516945357227642994e-05 2.443389533083844463e-05 2.365912518830124185e-05 2.286093030828673017e-05 2.206578824394082866e-05 2.130375017605606316e-05 2.060828550401618388e-05 2.001814676902464820e-05 1.958512740827487850e-05 1.933988140467053838e-05 1.941542191125558630e-05 1.973192272267377910e-05 1.978591666476207898e-05 2.112174900603314677e-05 2.186788476745149884e-05 2.136000544000470769e-05 2.344650162841302118e-05 2.404680369405110229e-05 2.462484328156601949e-05 2.516746741256595943e-05 2.568884781667819242e-05 2.633292404958441653e-05 2.789767571747073395e-05 2.940706357248562563e-05 3.017255027150470828e-05 3.043135067976623538e-05 3.066305401555054444e-05 3.092880947355277558e-05 3.121163340210704646e-05 3.171994246999873735e-05
