output_new_topo_ddd_4/finaltopo_soil__depth.asc
ncols 300
nrows 100
xllcorner 0.0
yllcorner 0.0
cellsize 10.0
[rows 17 to 33 of 100, columns 259 to 295 of 300]
1.168969249249685316e-01 1.137206199821989144e-01 1.136028257645960021e-01 1.123271903235507074e-01 1.116578771062942260e-01 1.102397472044886889e-01 1.099247885220244747e-01 1.157773027514607256e-01 1.201382567087862646e-01 1.237293300459366557e-01 1.258953877490039119e-01 1.287409789024091811e-01 1.312480717168326427e-01 1.597099184946495221e-01 1.354109530399072170e-01 1.394787128106790841e-01 1.423446209031205278e-01 1.455256119081141664e-01 1.488665082075545099e-01 1.527562636395015661e-01 1.647695581674040455e-01 1.638257397453219966e-01 1.626175774767393001e-01 1.588599910040060514e-01 1.570841090841132992e-01 1.546513646143690413e-01 1.505791350218663449e-01 1.480637006818758816e-01 1.394079471324240205e-01 1.354145995381045575e-01 1.370494075507074083e-01 1.264955567667831460e-01 1.243804772767475725e-01 1.270376306724259885e-01 1.103671847835254599e-01 1.076825733229771070e-01 1.271552023145710308e-01
1.125311408471812991e-01 1.112432380585720859e-01 1.097747896456164468e-01 1.090880446798389997e-01 1.078770129778379161e-01 1.053826717161525095e-01 1.097227664790735580e-01 1.147583676736070590e-01 1.187552665357458487e-01 1.221266054384937405e-01 1.241799881760102253e-01 1.268388881541031021e-01 1.576555538653403588e-01 1.313881222222380296e-01 1.352588207356765770e-01 1.379042082741878950e-01 1.408215448179382656e-01 1.438175443285890365e-01 1.473922612023624845e-01 1.635429948704169023e-01 1.573594728801429032e-01 1.595819265972923673e-01 1.583158174960843656e-01 1.554601269259711371e-01 1.532736159005928522e-01 1.507111739104768366e-01 1.469935842655008262e-01 1.451966990867651075e-01 1.344290183082733903e-01 1.291422447525798212e-01 1.257720536924544497e-01 1.284867935200363909e-01 1.177643655339743606e-01 1.160415220655989788e-01 1.190511422448343182e-01 1.023781307480462338e-01 1.286093547214947896e-01
1.075510080930885404e-01 1.072722830937272720e-01 1.067746846609936989e-01 1.056809003336845465e-01 1.014088774718611002e-01 1.055050559293659318e-01 1.092219257664916593e-01 1.137450844776976694e-01 1.174567527118451082e-01 1.206406685408948354e-01 1.224980797617558070e-01 1.556975560087018318e-01 1.276294754418730026e-01 1.312854734544871282e-01 1.336834551883298861e-01 1.362779236002976957e-01 1.387672823874535055e-01 1.411412509527533443e-01 1.554653206964858314e-01 1.420805506733579249e-01 1.431292578806261651e-01 1.446668296651574814e-01 1.473997794220122948e-01 1.498942349114304462e-01 1.495683514884973142e-01 1.468603135019572181e-01 1.427141872156439395e-01 1.394867022879161811e-01 1.376235306973496719e-01 1.254581515574914874e-01 1.203390898197215508e-01 1.172283345742079486e-01 1.208995800518267716e-01 1.101860274186626798e-01 1.089186182771690325e-01 1.127354124918238942e-01 9.816777747316846048e-02
1.053341878290516287e-01 1.048186162818475764e-01 1.037584103166646204e-01 1.001691129796613844e-01 9.908289568880632170e-02 1.053415586751364624e-01 1.086228399866991795e-01 1.127621571098318676e-01 1.162404786552589941e-01 1.191164668594894976e-01 1.537663276783738930e-01 1.241310988869584603e-01 1.275986583985728173e-01 1.297946029026258163e-01 1.321588530093389113e-01 1.344055995717209073e-01 1.366536381080110663e-01 1.545612559594002344e-01 1.435984174074710074e-01 1.447651144945521773e-01 1.463426378118180271e-01 1.478320265377456866e-01 1.490305272492168098e-01 1.497049824208455115e-01 1.463215939783683583e-01 1.423654365337553018e-01 1.394064351975170535e-01 1.344511556815101705e-01 1.316304304842843276e-01 1.301692828369835631e-01 1.175267588772746230e-01 1.126182468951588134e-01 1.098640337937161898e-01 1.144478838791731096e-01 1.039958263976092090e-01 1.034393431302570998e-01 1.087435190517238165e-01
1.034741645840515645e-01 1.022327392498408316e-01 9.887416779625929353e-02 9.546942876092372188e-02 9.962531857509637767e-02 1.050055415671417997e-01 1.079628078894955823e-01 1.118020758272721127e-01 1.149468911108716407e-01 1.520009376781781552e-01 1.208529940671804748e-01 1.241629345862562961e-01 1.262028663700961728e-01 1.284089300878764051e-01 1.305040846160369916e-01 1.326014012155658228e-01 1.522459491418576560e-01 1.360421802380263612e-01 1.380470321950743873e-01 1.399257026535816184e-01 1.415629570409233928e-01 1.427174860273975610e-01 1.431555212191516213e-01 1.425051947212918890e-01 1.423697878520103488e-01 1.388172824118914794e-01 1.353261551245522054e-01 1.316522992467890063e-01 1.265835901225128290e-01 1.238365047115322359e-01 1.229497269982167823e-01 1.105363873507518302e-01 1.060019591161018709e-01 1.037139541544644800e-01 1.091715754906406738e-01 9.909727601012745246e-02 9.843877066350333049e-02
1.011354076140428965e-01 9.779415617286629780e-02 9.492072609296711705e-02 9.338416511681182919e-02 9.976869426959726617e-02 1.045483019363522559e-01 1.072374363165543160e-01 1.106817768938479357e-01 1.502520308172689556e-01 1.177499874679635572e-01 1.209251641561371049e-01 1.228376080073198262e-01 1.249183892042443622e-01 1.269130959221919930e-01 1.289681348114547210e-01 1.509228086600977736e-01 1.343738932874310454e-01 1.362247866120676887e-01 1.381827670434246091e-01 1.400061411431736957e-01 1.414410935405003567e-01 1.422578119794352947e-01 1.422240582257046082e-01 1.410482008953296285e-01 1.386724027130676606e-01 1.349295646016529793e-01 1.317103986538022686e-01 1.289079025840686177e-01 1.242746262894541404e-01 1.191590236201063580e-01 1.165613479507148775e-01 1.163142581225180827e-01 1.045346264928070507e-01 1.004814978600498121e-01 9.869031003273182057e-02 1.047917981608006699e-01 9.475227750712110486e-02
9.696801396648778437e-02 9.426050568959569442e-02 9.010516521287394165e-02 9.419656016218803940e-02 9.960980769848647165e-02 1.039339785188287402e-01 1.062640297391247018e-01 1.484048037577351264e-01 1.147487715121570384e-01 1.178284458483756514e-01 1.196494447117215087e-01 1.216328852533042765e-01 1.235362978281753926e-01 1.255112364381630596e-01 1.495219278440595712e-01 1.316209870949796579e-01 1.334018112619798357e-01 1.351950673494078659e-01 1.369706042226133957e-01 1.385373440843907511e-01 1.396695566268338629e-01 1.401429894191165149e-01 1.397169440636202020e-01 1.381093417108238408e-01 1.352871679443795327e-01 1.313848241819388918e-01 1.280753312285489165e-01 1.252865825373053188e-01 1.222337987802930848e-01 1.172085385853330747e-01 1.123178192934424502e-01 1.100372685063064210e-01 1.104635017077600090e-01 9.951306768824426385e-02 9.597850011736600018e-02 9.464033145110871403e-02 1.006891496379531264e-01
9.371341877075861637e-02 9.014168466752577047e-02 8.804219386512583678e-02 9.444945284659644891e-02 9.918085473793386564e-02 1.029405057434714249e-01 1.463567832413020520e-01 1.117559472933082054e-01 1.147896308761005013e-01 1.165698825250954251e-01 1.185008726434405441e-01 1.203532988799747017e-01 1.222852331393789876e-01 1.483557150101912359e-01 1.290215210830391868e-01 1.309384174698990932e-01 1.327764740846514024e-01 1.345405104104927529e-01 1.361608698823884578e-01 1.374870799822309753e-01 1.383204965593655134e-01 1.384340295483220962e-01 1.375704045035207879e-01 1.354450861404515039e-01 1.313928332947431055e-01 1.283368598904118807e-01 1.258193872860648432e-01 1.217279822351690632e-01 1.186807297940847966e-01 1.157477351933290377e-01 1.107297700842062443e-01 1.062598575989248673e-01 1.044019458278191426e-01 1.054724870058656450e-01 9.541746481840011895e-02 9.246477944440656405e-02 9.187268641477470965e-02
8.996831674597710604e-02 8.507127971990230408e-02 8.892911409505699361e-02 9.425323997380564978e-02 9.830925358291595084e-02 1.442824737215314124e-01 1.086773904803418206e-01 1.116961491746240043e-01 1.134974675334858435e-01 1.154274228368979416e-01 1.172566621502281747e-01 1.191730987455682095e-01 1.471344918497782539e-01 1.259436720684201649e-01 1.279012082233432768e-01 1.298255463750407901e-01 1.316721141943910378e-01 1.333768136193996534e-01 1.348529798382598344e-01 1.359582507007903451e-01 1.364981968916336441e-01 1.362333513484478842e-01 1.348875733243501684e-01 1.321909262348061609e-01 1.284086759953247947e-01 1.254878335360790631e-01 1.230309951485446529e-01 1.197063038129757145e-01 1.153305329716476230e-01 1.123369738216378338e-01 1.097659685170268573e-01 1.050307022421719250e-01 1.010893272862160297e-01 9.969733640326283730e-02 1.013485052379067830e-01 9.220174452066580428e-02 8.980448139994823276e-02
8.562711336530944017e-02 8.288781943922712836e-02 8.917759212824670489e-02 9.366567557519753229e-02 1.421905891319353299e-01 1.054820235162385877e-01 1.084144575819570022e-01 1.103009206454107771e-01 1.123296452992629813e-01 1.141757060743776031e-01 1.160277406680667589e-01 1.457736152105021388e-01 1.235765651313556202e-01 1.256939993414479539e-01 1.277107781504092654e-01 1.296666278475620826e-01 1.315027215782334502e-01 1.331490453112318673e-01 1.345042749260718373e-01 1.354175307416252694e-01 1.356815562563139232e-01 1.350288030067418876e-01 1.331361112250719625e-01 1.296823390172708867e-01 1.256054328028274047e-01 1.226139373221203643e-01 1.201352595774166920e-01 1.172022438236794833e-01 1.135450911999966311e-01 1.092597374029761481e-01 1.065541568442273102e-01 1.044945546347838122e-01 1.002111913694633261e-01 9.685118597197071855e-02 9.594711990814158709e-02 9.813832094659293015e-02 9.004770770131448332e-02
8.042400011456973807e-02 8.394408193333330326e-02 8.927594640574609830e-02 1.403661542222852110e-01 1.025814869800021206e-01 1.050477256345748595e-01 1.068715737491232887e-01 1.091137745415674404e-01 1.111725153718483156e-01 1.130568745613058229e-01 1.440782754819481815e-01 1.193300697093161722e-01 1.214307337654125241e-01 1.234491066857841129e-01 1.254015123926889019e-01 1.272590567500485603e-01 1.289724953789856687e-01 1.304661440553251672e-01 1.316302354362036686e-01 1.323108375681192050e-01 1.322996764389390567e-01 1.313270920994249746e-01 1.290531866199812472e-01 1.262156922164910378e-01 1.230893684073812999e-01 1.209584082789691567e-01 1.171937693529796765e-01 1.143913374830851232e-01 1.113906888720692934e-01 1.077467875760424604e-01 1.037993894650875437e-01 1.015288636830472130e-01 1.000545170436877851e-01 9.632487089079919129e-02 9.357059567460769556e-02 9.314479207559966945e-02 9.594360412119459780e-02
7.845215856389635423e-02 8.501713826837770105e-02 1.381678608455349788e-01 1.013407895334473285e-01 1.027784282275437805e-01 1.038868546244858804e-01 1.057593261465250151e-01 1.081900414884983813e-01 1.104240844449411729e-01 1.432072949589910660e-01 1.177930864065206973e-01 1.195299865576869291e-01 1.213795053928536788e-01 1.232825308639830530e-01 1.251514124388475035e-01 1.269155468309315637e-01 1.285029191938462101e-01 1.298255240450157388e-01 1.307642603513603230e-01 1.311544908547978561e-01 1.307882608782814371e-01 1.294247712195679134e-01 1.268264021780308726e-01 1.231110075537024118e-01 1.204934880125352326e-01 1.182903507583910746e-01 1.156528536063523016e-01 1.115569895513691540e-01 1.087574634229644260e-01 1.059693628275080457e-01 1.025821515917611920e-01 9.912389781279910828e-02 9.737260045319090507e-02 9.650807752378531834e-02 9.336788194094815252e-02 9.114578050335669923e-02 9.071987666448294574e-02
8.039911752515338517e-02 1.428391004415139054e-01 1.172689269368352161e-01 1.151039777512819495e-01 1.104204408453333813e-01 1.032421018761854603e-01 1.051649513866749486e-01 1.080603431490668592e-01 1.422950005697383447e-01 1.160913655923051097e-01 1.175698478956486714e-01 1.191761316201969401e-01 1.209312320490883996e-01 1.227517805350084867e-01 1.245553674028947039e-01 1.262322372963030903e-01 1.276984559852026579e-01 1.288620300899516180e-01 1.295997206027755255e-01 1.297474120770911454e-01 1.290894650881628247e-01 1.273764365554800049e-01 1.243667349268543360e-01 1.206306255656263149e-01 1.180250758187758042e-01 1.157754421045313759e-01 1.130734986370673101e-01 1.102189898233825738e-01 1.061257822785665328e-01 1.035680577244204870e-01 1.011817228430099136e-01 9.821236970761998419e-02 9.532863037125542671e-02 9.413044847878399013e-02 9.382733623939770728e-02 9.117385798371684114e-02 8.911490545554417997e-02
1.403741303681427799e-01 8.430591349650007338e-02 8.290255597965345835e-02 8.236261058667550261e-02 8.603038080319107272e-02 1.056555949141839701e-01 1.068437795936393875e-01 1.415029845764887717e-01 1.139873728930893559e-01 1.152554246752149764e-01 1.166808810662099405e-01 1.182812019716821261e-01 1.199975111403472905e-01 1.217976110053751726e-01 1.235922182674891456e-01 1.251554100949146542e-01 1.264566543886411210e-01 1.274222588333011330e-01 1.279192047001931065e-01 1.277683422341431008e-01 1.267512781483641493e-01 1.246271520583099729e-01 1.212115869533448853e-01 1.186166491880744217e-01 1.169158144612683081e-01 1.133487302895492266e-01 1.106633501887898663e-01 1.078053425767636908e-01 1.050241445331892703e-01 1.011960186925642963e-01 9.904654385260149019e-02 9.717619493371353057e-02 9.472168645123846265e-02 9.243902264838144145e-02 9.174923948973723320e-02 9.185861504432125957e-02 8.951457613663051094e-02
8.331915234478494414e-02 8.281782291358912029e-02 8.447770800873594110e-02 9.067406840143003854e-02 1.080541820377659834e-01 1.072943164949773237e-01 1.397664730536388455e-01 1.126649009680813079e-01 1.138749379886071778e-01 1.152289978159093675e-01 1.167624167928367485e-01 1.184272552032888531e-01 1.201712482058920478e-01 1.220647365684114222e-01 1.240788018462085640e-01 1.253946459539730940e-01 1.264323312301033342e-01 1.271546888439882839e-01 1.273780973586220444e-01 1.268823416232596479e-01 1.254266208430925011e-01 1.227816769568865346e-01 1.188482006397324070e-01 1.166657329102989415e-01 1.147656871816825214e-01 1.123734080786174538e-01 1.083210912029725637e-01 1.055568153526942332e-01 1.028356407716166931e-01 1.003527759188702490e-01 9.696784535550091733e-02 9.532534515957186150e-02 9.402046750587751689e-02 9.210617798262833722e-02 9.035375557986498329e-02 9.000275416877245860e-02 9.030477746442558407e-02
8.130000618512113475e-02 8.604242287499079544e-02 9.309144375137989869e-02 1.085267925681344114e-01 1.107821838057205799e-01 1.456345068869588366e-01 1.350214113624139678e-01 1.372307195350226938e-01 1.372938411192390074e-01 1.376569765680621116e-01 1.378634918087837391e-01 1.372843910764756648e-01 1.373487732502253478e-01 1.366834979333251265e-01 1.245857772062670538e-01 1.248833577497394515e-01 1.254643637180500870e-01 1.259226993039010700e-01 1.258745259043407838e-01 1.250357500333670602e-01 1.231481473660790693e-01 1.200141549706854605e-01 1.171753456914981784e-01 1.147073858165856691e-01 1.126720011969757351e-01 1.101698291221482606e-01 1.074791821954186877e-01 1.033498706944616513e-01 1.007941137603757531e-01 9.842786630669997372e-02 9.639094115948371178e-02 9.354795488860778718e-02 9.244144219559914666e-02 9.166612197552627406e-02 9.019971647611789434e-02 8.875805670736426622e-02 8.825668793928763411e-02
8.665809307873910405e-02 9.224150603128600245e-02 1.101501629980670138e-01 1.467856366301165394e-01 1.544716895047242855e-01 1.190129814259246466e-01 1.064889578896162647e-01 1.080516003467650032e-01 1.139436560392523695e-01 1.110936976951900218e-01 1.135674870172098949e-01 1.180466797699402104e-01 1.159848308444565018e-01 1.205460949768228929e-01 1.333488641362146343e-01 1.248426071744552224e-01 1.253932840261361426e-01 1.258340774071153023e-01 1.255629550900987934e-01 1.243593986770800131e-01 1.219586587677625594e-01 1.181954582439794649e-01 1.156371196978019794e-01 1.140317559369125600e-01 1.105702423616270053e-01 1.080105126753088673e-01 1.052903130386355079e-01 1.026545734285614631e-01 9.876728512979959795e-02 9.662409521268394696e-02 9.474629147512658722e-02 9.322281759605138829e-02 9.093302758847598977e-02 9.029211985060331402e-02 8.988630917581917623e-02 8.865267568095126782e-02 8.720118699233142534e-02
