output_new_topo_ddd_4/finaltopo_topographic__steepest_slope.asc
ncols 300
nrows 100
xllcorner 0.0
yllcorner 0.0
cellsize 10.0
[rows 51 to 67 of 100, columns 37 to 73 of 300]
2.843160201112546193e-01 2.661814101173426428e-01 6.495754894704716675e-02 2.801807745942127559e-01 2.841326082695339039e-01 2.857401390600777802e-01 2.870116103718984846e-01 2.878714807678932064e-01 2.882555591232368042e-01 2.880473182609243343e-01 2.871078346920796776e-01 2.853058835770888035e-01 2.825376607098462611e-01 2.787011251104388743e-01 2.736888527148451655e-01 2.673681272662548625e-01 2.595703812075100814e-01 2.501128002550075391e-01 2.388591407181692716e-01 2.256181884982496055e-01 2.101473993434154752e-01 1.922489481693531732e-01 1.719254009925990090e-01 1.487907902521371228e-01 1.234173836935966023e-01 1.056801514466993719e-01 9.416303623721852811e-02 9.248738373650126909e-02 1.086513883639696615e-01 1.249030093747208470e-01 1.378453966148654730e-01 1.515081150998670023e-01 1.736620922539490464e-01 1.917874958863569068e-01 2.015097392005473498e-01 2.240977544149615197e-01 2.213774352809906587e-01
2.949837563933925821e-01 2.870861835385447591e-01 6.634798213178427773e-02 2.905969926445337026e-01 2.945003185998835704e-01 2.957112942625286789e-01 2.963151477834742309e-01 2.962528175635888994e-01 2.955055698936476238e-01 2.940535847499575195e-01 2.918608032732968871e-01 2.888648519516998081e-01 2.849793504974428293e-01 2.801072411974743770e-01 2.741220627922402175e-01 2.668542946784612235e-01 2.580642302025765167e-01 2.474594720672385617e-01 2.350790773620261009e-01 2.207823284826844201e-01 2.041097351944372862e-01 1.844263377856634745e-01 1.625302378251305413e-01 1.419156653500495135e-01 1.297267638295043768e-01 1.155717309629424455e-01 9.967308402674604495e-02 1.125373702135974013e-01 1.265523141751401792e-01 1.430127770258295128e-01 1.565993833312731565e-01 1.669657124634010281e-01 1.886082069475046030e-01 2.081277260229515980e-01 2.290101277269349644e-01 2.169306982926030858e-01 2.368945902698314510e-01
3.044668746141326321e-01 2.981313107510196181e-01 6.800500653610086488e-02 3.013852576935633354e-01 3.047786639958424137e-01 3.052899578544782111e-01 3.050082125432410640e-01 3.037928765447169832e-01 3.016909136649523759e-01 2.987932114173659781e-01 2.951555411965905984e-01 2.907774904187455656e-01 2.856074402247344435e-01 2.795525430542326606e-01 2.724793506876338478e-01 2.642016174372926463e-01 2.543921771543324328e-01 2.421576538053997751e-01 2.284945921836595006e-01 2.132201539390209122e-01 1.958499720200819749e-01 1.820005494317031292e-01 1.710521933257846128e-01 1.574218547572359961e-01 1.412206033263141702e-01 1.223869022830478825e-01 1.161914885995400937e-01 1.289509561544903704e-01 1.404246222261128774e-01 1.608787975060751718e-01 1.772867227919192601e-01 1.790366486591745410e-01 2.004434655092218187e-01 2.189173224788309724e-01 2.320245758642086042e-01 2.346365758093808818e-01 2.767276726953184496e-01
3.156019349051916723e-01 3.105711077195479897e-01 6.945730710121367224e-02 3.131030882248531100e-01 3.143880655853720785e-01 3.140916477908931026e-01 3.127186420023001512e-01 3.098829556173597899e-01 3.059484687324342533e-01 3.012430600481984522e-01 2.959194553796102301e-01 2.900002377535187970e-01 2.834311307601780072e-01 2.761121521979362226e-01 2.679139662080203266e-01 2.587125176641649205e-01 2.486054442570704848e-01 2.362112579107132349e-01 2.315093768859627921e-01 2.241361316157891026e-01 2.143057608697513938e-01 2.022923457476851483e-01 1.877170496400873134e-01 1.702408921824166976e-01 1.493191141556767798e-01 1.266929946783252603e-01 1.309189675209651571e-01 1.430796961838467496e-01 1.615533947079160204e-01 1.831905636866793252e-01 1.882286433180581642e-01 1.870478071217729910e-01 2.098628194245557022e-01 2.295512647067106116e-01 2.462502064584598249e-01 2.615664035728288428e-01 2.296214758260489985e-01
3.287466362846146462e-01 3.272441705936188217e-01 6.764521301141357412e-02 3.199211719774979201e-01 3.433956802604222758e-01 3.441727183871471918e-01 3.301646570988631679e-01 3.183071333830991834e-01 3.096126269736080849e-01 3.029824563263443515e-01 2.976182253559650492e-01 2.930501217662615510e-01 2.889674065495480004e-01 2.851109002212636745e-01 2.812155622588641823e-01 2.769729538023695814e-01 2.714364245105204132e-01 2.650583614237888574e-01 2.569986074532709108e-01 2.466688677083734293e-01 2.341002088239693135e-01 2.191378629536651912e-01 2.012369437171224462e-01 1.794773088534460936e-01 1.549999512339445829e-01 1.319036585185628385e-01 1.422731616151452216e-01 1.549103525935334735e-01 1.816702052147751434e-01 2.040579002974645395e-01 1.979210323803201332e-01 1.973372681428003372e-01 2.169403908627737521e-01 2.379527809229050606e-01 2.559012920997000284e-01 2.707119223555339849e-01 2.242684353161564503e-01
3.421679237272009511e-01 3.642109997049047254e-01 7.966411483648500047e-02 3.336056777241814819e-01 4.625340989797483982e-01 3.963558497954645654e-01 3.678209663523031581e-01 3.549160608786172122e-01 3.463704934392057289e-01 3.393049447153846931e-01 3.329361187979229530e-01 3.269716237058011843e-01 3.212373507468808120e-01 3.155594712763638010e-01 3.097045438550892760e-01 3.030865283442038538e-01 2.957965612491197382e-01 2.873328019263793887e-01 2.771111795290217561e-01 2.648077526397896175e-01 2.501451893114743363e-01 2.326006284056486573e-01 2.111364466298973064e-01 1.863991559313492030e-01 1.584294427579781839e-01 1.413972130956551720e-01 1.518597311810523931e-01 1.718570943104426041e-01 1.988835286487854459e-01 2.195721447915186253e-01 2.079792051796801045e-01 2.057432169416401335e-01 2.221983690329181749e-01 2.442822238801009016e-01 2.629430350604112787e-01 2.777508932958874244e-01 2.225456344048140633e-01
3.098445143789547163e-01 2.993265984331094920e-01 2.625271793352872973e-01 8.290511399718028529e-02 4.325916374366812756e-01 3.785359199954554388e-01 3.798296906381258831e-01 3.760164837106239610e-01 3.699688855222040273e-01 3.634116944276811756e-01 3.567688689287598636e-01 3.501447600152119422e-01 3.435551903917292704e-01 3.369269407853064391e-01 3.299030449337164717e-01 3.225201395808983684e-01 3.142688426808841196e-01 3.046038757783233741e-01 2.931222237748185022e-01 2.794056522541785714e-01 2.629037899172085857e-01 2.425942218493344626e-01 2.187007769952206415e-01 1.909754443179715877e-01 1.597801551609207282e-01 1.480006225554859611e-01 1.573463084991210681e-01 1.886950302465676965e-01 2.138149654843006786e-01 2.305902035735679090e-01 2.175951326833867883e-01 2.131170260167664365e-01 2.254482442552311894e-01 2.488714526781695413e-01 2.682241297836123750e-01 2.830892369790378171e-01 2.204247654936466461e-01
3.173960412929822672e-01 3.136000879789925255e-01 3.115428299108700116e-01 7.088108640895925128e-02 3.508004513612689723e-01 3.794800525938925029e-01 3.953704270838748758e-01 3.916577715253098946e-01 3.858369283648485637e-01 3.794041795507987480e-01 3.725912496675380381e-01 3.656220574010884961e-01 3.586449033399556896e-01 3.515570703441386335e-01 3.444963439775067804e-01 3.369744962790200415e-01 3.283876958480981822e-01 3.182392534680894003e-01 3.060045206473662183e-01 2.911128018782139226e-01 2.726003515742656536e-01 2.503561186162012731e-01 2.239278227922325004e-01 1.934113438158447384e-01 1.591976231346964865e-01 1.543442541248936095e-01 1.705755443701082452e-01 2.040158951707252422e-01 2.287555332816343656e-01 2.488712314308521578e-01 2.219226913300062221e-01 2.188252570978917733e-01 2.271036811059204408e-01 2.518007293652874679e-01 2.722570677256038740e-01 2.877121966590754920e-01 2.190324656924076407e-01
3.268355946031142878e-01 3.372392608811757841e-01 3.620404506937397460e-01 8.051292614980280760e-02 3.343972885674780793e-01 4.515311848783976623e-01 4.110043023957491437e-01 4.016826198112208868e-01 3.961181726271219561e-01 3.895489327440495031e-01 3.824766302005069285e-01 3.752599483530798530e-01 3.681161181094370072e-01 3.614272564354013562e-01 3.548594542886788217e-01 3.477928766692784390e-01 3.395403063119997733e-01 3.293535073165025362e-01 3.165975823306385606e-01 3.003865206314482728e-01 2.803670111051469460e-01 2.559834901673015972e-01 2.270564648077174896e-01 1.935908928792325068e-01 1.560022911461501349e-01 1.581297227768729274e-01 1.843376040556762296e-01 2.170594819053310309e-01 2.417235708122268123e-01 2.604160159817759945e-01 2.277379349607158987e-01 2.243626469288983460e-01 2.273688177290330570e-01 2.532581913534129869e-01 2.749079961418329221e-01 2.921441999254736355e-01 2.170986627637560562e-01
3.154792006633293511e-01 3.085620947923978230e-01 3.068297836641818432e-01 2.741416433727756896e-01 8.089968581043897877e-02 3.812119296974245120e-01 3.975722968924519374e-01 4.086132557350818928e-01 4.023045390858304149e-01 3.951860737811012103e-01 3.876562620865228181e-01 3.800755918937372413e-01 3.733785601700833623e-01 3.675146166728838759e-01 3.621037026611791942e-01 3.563426701387070739e-01 3.489367806383338877e-01 3.389429742856345795e-01 3.255377530774433703e-01 3.082148859732980473e-01 2.864122920489337587e-01 2.597939308069215913e-01 2.281380167926804758e-01 1.915358100335466940e-01 1.493993189778748953e-01 1.599581342885586233e-01 1.984958353905461326e-01 2.301402575360665670e-01 2.538872026501227674e-01 2.680819881360136381e-01 2.338781195554034409e-01 2.299953576178040693e-01 2.259395095427923494e-01 2.531774384477164519e-01 2.757307504393021746e-01 2.935230515445519939e-01 2.149938592371029300e-01
3.136518193097721507e-01 3.129264498060947974e-01 3.172694227703026226e-01 3.430118580838527609e-01 7.940039707910484523e-02 3.432011478651382785e-01 4.560394082676885730e-01 4.139524819369681530e-01 4.041105849615873602e-01 3.973906424201464338e-01 3.886281605853225685e-01 3.808326942101584178e-01 3.750429358041287853e-01 3.705331856175315131e-01 3.675043402832393613e-01 3.640595695260069320e-01 3.577646304852806214e-01 3.477283866601356688e-01 3.335724579259801148e-01 3.148107851054228190e-01 2.910282100144432893e-01 2.618506178931833128e-01 2.271017280641127178e-01 1.872464998119305057e-01 1.501993224996866216e-01 1.697221186582875407e-01 2.116098078953765615e-01 2.427056331691274105e-01 2.676669899054594515e-01 2.867579171370272517e-01 2.361823076231260587e-01 2.353782400493003024e-01 2.310707665197241911e-01 2.518844147846575066e-01 2.750238046703131212e-01 2.930130988596378327e-01 2.118908510286729441e-01
3.084836243046084059e-01 3.035554938147811410e-01 2.952020856905243074e-01 2.925679133993791536e-01 2.631117620049430172e-01 8.138893020971807446e-02 3.783083870149866468e-01 3.936909460729768884e-01 4.067868470465113573e-01 3.973254096287667791e-01 3.846066516306551608e-01 3.774981332147310797e-01 3.741094830243698599e-01 3.706978791525502581e-01 3.730493600977993762e-01 3.730724057602837207e-01 3.667828466208810645e-01 3.560340938245065145e-01 3.407310885916163823e-01 3.202625771539368560e-01 2.941495865541492449e-01 2.619700035944758643e-01 2.231045975391694747e-01 1.798878950262960130e-01 1.495388720039244335e-01 1.799907006869059245e-01 2.218372157029414593e-01 2.543795860109702711e-01 2.792727313252322263e-01 2.985304382010510182e-01 2.397085890562934141e-01 2.410125909699075974e-01 2.371405450644644419e-01 2.500446386372784380e-01 2.730936641994837211e-01 2.909900618399048344e-01 2.088284118791108313e-01
3.065497513688789644e-01 3.028445400328202419e-01 3.003726385444011049e-01 3.033488618911263646e-01 3.265709892676781356e-01 7.623948935072721866e-02 3.358577207684018129e-01 4.447115836650188947e-01 4.153486264938801020e-01 3.921842839990025142e-01 3.693184702896165628e-01 3.732165856719067420e-01 3.736527791437445623e-01 3.625146276750942365e-01 3.872765674147911619e-01 3.833007855651864859e-01 3.747056362247372929e-01 3.632583555841574774e-01 3.464390152475608775e-01 3.240420474886143709e-01 2.950814957704440689e-01 2.597787837647668185e-01 2.142771651612934980e-01 1.686577774371108562e-01 1.476105766939994623e-01 1.905542423513145733e-01 2.316046122560301568e-01 2.637971045789075375e-01 2.890066705158375604e-01 3.083566300352121869e-01 2.418365824745833947e-01 2.478111700145788632e-01 2.453188299516725068e-01 2.468117336380427351e-01 2.701061652214592490e-01 2.869194013554422495e-01 2.050871734559955029e-01
3.052351389284176375e-01 2.996302116201697285e-01 2.921005526489849902e-01 2.803972963453347234e-01 2.691327219889038114e-01 2.412113944052808878e-01 8.073374170376972081e-02 3.574679183819622352e-01 3.450468848994791560e-01 3.260567010670719634e-01 3.417840466092992302e-01 3.871450980960597921e-01 3.787030698112812677e-01 3.278621606703221447e-01 3.239873028357962426e-01 3.387757992197755752e-01 3.461026545331599147e-01 3.457046859823179608e-01 3.380835498196709810e-01 3.218704895144640088e-01 2.950773419193282732e-01 2.518581121329660499e-01 1.941974059740074199e-01 1.531484529015598728e-01 1.521363284536863814e-01 2.014016067838449442e-01 2.406536940743840836e-01 2.720196538694155675e-01 2.972808259023149713e-01 3.135456126872691041e-01 2.431258546304462809e-01 2.574472311418901649e-01 2.557961713968140427e-01 2.473237143210752775e-01 2.665110730201832867e-01 2.806940398216645760e-01 2.004984467533539316e-01
3.076220754556672210e-01 3.025016448809928482e-01 2.963259886763530693e-01 2.891523737161065810e-01 2.820125690101598082e-01 2.785709565827755307e-01 6.315814717442477799e-02 3.387174790232194144e-01 3.527151930190370877e-01 3.517882423882321419e-01 2.970928415667586364e-01 2.977234508177893924e-01 3.233205282877527620e-01 4.066244650273347361e-01 3.688882552854195751e-01 3.537358985341150230e-01 3.454734625566026063e-01 3.365142260354055392e-01 3.230414610072564474e-01 3.020476002702807139e-01 2.708252548601933762e-01 2.260698955663116294e-01 1.754001544215491315e-01 1.376762263056494906e-01 1.619224497317915956e-01 2.116098017129252329e-01 2.489091506284633604e-01 2.784659033850513388e-01 3.034924864522691723e-01 3.341631246607515981e-01 2.388122174912084006e-01 2.735183517132995235e-01 2.666924555034810851e-01 2.573745607121999401e-01 2.668803356320607056e-01 2.651575715178020598e-01 1.936167413425252393e-01
3.125246359710821542e-01 3.086463809369057176e-01 3.043960105050650955e-01 3.001646067745909474e-01 2.966642872635901762e-01 2.930132392862969115e-01 5.946061987190773973e-02 2.133672963820845980e-01 2.519217556023026217e-01 2.881389896723238198e-01 3.906905962454189085e-01 3.582159381389715125e-01 3.536085529930034221e-01 3.650387544303946297e-01 3.594003268660380113e-01 3.505258052361561738e-01 3.402310376545649717e-01 3.271742649698126115e-01 3.093152008980425416e-01 2.844079840360393407e-01 2.498041080166188976e-01 2.025273765617228716e-01 1.598368517333648986e-01 1.288084049779243401e-01 1.731727519572824892e-01 2.204384634885767358e-01 2.566154115561696814e-01 2.836999442208405497e-01 3.021565649931692854e-01 3.051487571678881960e-01 2.722278575726488903e-01 3.079047562651006098e-01 2.751114782336372966e-01 2.655968334063196212e-01 2.827636256932154479e-01 2.663445209539567204e-01 1.817790466805483673e-01
3.190877113482862848e-01 3.161835790841117100e-01 3.130288630148519990e-01 3.098815786252615001e-01 3.070536065991081864e-01 3.027485777925740251e-01 6.217152419077685149e-02 2.896308137498720958e-01 2.995843041105256677e-01 3.176579997765685559e-01 3.457089303527034474e-01 3.511932665851659752e-01 3.529153620747741971e-01 3.542890274764509684e-01 3.508815095432090692e-01 3.434545602480277293e-01 3.323429762689563693e-01 3.170036022571466328e-01 2.961955250779396698e-01 2.678313324421864872e-01 2.293616164107973587e-01 1.819668526405602560e-01 1.535126272924990654e-01 1.329192303249996654e-01 1.848165058953189221e-01 2.295686735910386633e-01 2.642295178212482054e-01 2.907632825614747674e-01 3.103079877009518595e-01 3.229682732598109784e-01 3.323663959434065562e-01 2.544905070153546944e-01 2.652203770201168598e-01 2.660327471645146380e-01 3.278668200933942400e-01 3.256233283907022380e-01 1.850874187257471049e-01
