output_new_topo_ddd_4/finaltopo_drainage_area.asc
ncols 300
nrows 100
xllcorner 0.0
yllcorner 0.0
cellsize 10.0
[rows 34 to 50 of 100, columns 148 to 184 of 300]
1.800000000000000000e+03 1.700000000000000000e+03 2.080000000000000000e+04 1.770000000000000000e+04 1.590000000000000000e+04 1.500000000000000000e+03 1.400000000000000000e+03 1.300000000000000000e+03 1.200000000000000000e+03 1.100000000000000000e+03 1.000000000000000000e+03 9.000000000000000000e+02 8.000000000000000000e+02 7.000000000000000000e+02 6.000000000000000000e+02 5.000000000000000000e+02 4.000000000000000000e+02 3.000000000000000000e+02 2.000000000000000000e+02 1.000000000000000000e+02 1.000000000000000000e+02 2.000000000000000000e+02 3.000000000000000000e+02 4.000000000000000000e+02 5.000000000000000000e+02 6.000000000000000000e+02 7.000000000000000000e+02 8.000000000000000000e+02 2.600000000000000000e+03 3.500000000000000000e+03 5.000000000000000000e+02 5.000000000000000000e+02 1.000000000000000000e+03 6.000000000000000000e+02 1.100000000000000000e+03 7.000000000000000000e+02 7.000000000000000000e+02
2.490000000000000000e+04 2.290000000000000000e+04 3.000000000000000000e+02 2.000000000000000000e+02 2.000000000000000000e+02 2.800000000000000000e+03 2.600000000000000000e+03 1.200000000000000000e+03 1.100000000000000000e+03 1.000000000000000000e+03 9.000000000000000000e+02 8.000000000000000000e+02 7.000000000000000000e+02 6.000000000000000000e+02 5.000000000000000000e+02 4.000000000000000000e+02 3.000000000000000000e+02 2.000000000000000000e+02 1.000000000000000000e+02 1.000000000000000000e+02 1.000000000000000000e+02 1.000000000000000000e+02 2.000000000000000000e+02 3.000000000000000000e+02 4.000000000000000000e+02 5.000000000000000000e+02 6.000000000000000000e+02 1.700000000000000000e+03 8.000000000000000000e+02 4.000000000000000000e+02 4.000000000000000000e+02 9.000000000000000000e+02 5.000000000000000000e+02 1.000000000000000000e+03 6.000000000000000000e+02 6.000000000000000000e+02 6.000000000000000000e+02
2.000000000000000000e+02 2.000000000000000000e+02 1.700000000000000000e+03 1.000000000000000000e+02 1.000000000000000000e+02 1.000000000000000000e+02 1.000000000000000000e+02 1.300000000000000000e+03 1.200000000000000000e+03 1.100000000000000000e+03 1.000000000000000000e+03 9.000000000000000000e+02 8.000000000000000000e+02 7.000000000000000000e+02 6.000000000000000000e+02 5.000000000000000000e+02 4.000000000000000000e+02 3.000000000000000000e+02 2.000000000000000000e+02 2.000000000000000000e+02 1.000000000000000000e+02 1.000000000000000000e+02 2.000000000000000000e+02 3.000000000000000000e+02 4.000000000000000000e+02 5.000000000000000000e+02 1.000000000000000000e+03 7.000000000000000000e+02 3.000000000000000000e+02 3.000000000000000000e+02 8.000000000000000000e+02 4.000000000000000000e+02 9.000000000000000000e+02 5.000000000000000000e+02 5.000000000000000000e+02 5.000000000000000000e+02 1.100000000000000000e+03
1.000000000000000000e+02 1.000000000000000000e+02 1.000000000000000000e+02 1.500000000000000000e+03 1.400000000000000000e+03 1.300000000000000000e+03 1.200000000000000000e+03 1.100000000000000000e+03 1.000000000000000000e+03 9.000000000000000000e+02 8.000000000000000000e+02 7.000000000000000000e+02 6.000000000000000000e+02 5.000000000000000000e+02 4.000000000000000000e+02 3.000000000000000000e+02 2.000000000000000000e+02 1.000000000000000000e+02 3.000000000000000000e+02 2.000000000000000000e+02 1.000000000000000000e+02 1.000000000000000000e+02 1.000000000000000000e+02 2.000000000000000000e+02 3.000000000000000000e+02 4.000000000000000000e+02 6.000000000000000000e+02 2.000000000000000000e+02 2.000000000000000000e+02 7.000000000000000000e+02 3.000000000000000000e+02 8.000000000000000000e+02 4.000000000000000000e+02 4.000000000000000000e+02 4.000000000000000000e+02 1.000000000000000000e+03 5.000000000000000000e+02
1.700000000000000000e+03 1.600000000000000000e+03 1.500000000000000000e+03 1.400000000000000000e+03 1.300000000000000000e+03 1.200000000000000000e+03 1.100000000000000000e+03 1.000000000000000000e+03 9.000000000000000000e+02 8.000000000000000000e+02 7.000000000000000000e+02 6.000000000000000000e+02 5.000000000000000000e+02 4.000000000000000000e+02 3.000000000000000000e+02 2.000000000000000000e+02 1.000000000000000000e+02 4.000000000000000000e+02 3.000000000000000000e+02 2.000000000000000000e+02 1.000000000000000000e+02 1.000000000000000000e+02 2.000000000000000000e+02 3.000000000000000000e+02 4.000000000000000000e+02 5.000000000000000000e+02 1.000000000000000000e+02 1.000000000000000000e+02 6.000000000000000000e+02 2.000000000000000000e+02 7.000000000000000000e+02 3.000000000000000000e+02 3.000000000000000000e+02 3.000000000000000000e+02 9.000000000000000000e+02 4.000000000000000000e+02 4.000000000000000000e+02
1.600000000000000000e+03 1.500000000000000000e+03 1.400000000000000000e+03 1.300000000000000000e+03 1.200000000000000000e+03 1.100000000000000000e+03 1.000000000000000000e+03 9.000000000000000000e+02 8.000000000000000000e+02 7.000000000000000000e+02 6.000000000000000000e+02 5.000000000000000000e+02 4.000000000000000000e+02 3.000000000000000000e+02 2.000000000000000000e+02 1.000000000000000000e+02 5.000000000000000000e+02 4.000000000000000000e+02 3.000000000000000000e+02 2.000000000000000000e+02 1.000000000000000000e+02 2.000000000000000000e+02 1.000000000000000000e+02 1.000000000000000000e+02 2.000000000000000000e+02 3.000000000000000000e+02 4.000000000000000000e+02 5.000000000000000000e+02 1.000000000000000000e+02 6.000000000000000000e+02 2.000000000000000000e+02 2.000000000000000000e+02 2.000000000000000000e+02 8.000000000000000000e+02 3.000000000000000000e+02 3.000000000000000000e+02 3.000000000000000000e+02
1.500000000000000000e+03 1.400000000000000000e+03 1.300000000000000000e+03 1.200000000000000000e+03 1.100000000000000000e+03 1.000000000000000000e+03 9.000000000000000000e+02 8.000000000000000000e+02 7.000000000000000000e+02 6.000000000000000000e+02 5.000000000000000000e+02 4.000000000000000000e+02 3.000000000000000000e+02 2.000000000000000000e+02 1.000000000000000000e+02 6.000000000000000000e+02 5.000000000000000000e+02 4.000000000000000000e+02 3.000000000000000000e+02 2.000000000000000000e+02 1.000000000000000000e+02 3.000000000000000000e+02 1.000000000000000000e+02 2.000000000000000000e+02 1.000000000000000000e+02 2.000000000000000000e+02 3.000000000000000000e+02 4.000000000000000000e+02 5.000000000000000000e+02 1.000000000000000000e+02 1.000000000000000000e+02 1.000000000000000000e+02 7.000000000000000000e+02 2.000000000000000000e+02 2.000000000000000000e+02 2.000000000000000000e+02 9.000000000000000000e+02
1.300000000000000000e+03 1.200000000000000000e+03 1.100000000000000000e+03 1.000000000000000000e+03 9.000000000000000000e+02 8.000000000000000000e+02 7.000000000000000000e+02 6.000000000000000000e+02 5.000000000000000000e+02 4.000000000000000000e+02 3.000000000000000000e+02 2.000000000000000000e+02 1.000000000000000000e+02 1.000000000000000000e+02 7.000000000000000000e+02 6.000000000000000000e+02 5.000000000000000000e+02 4.000000000000000000e+02 3.000000000000000000e+02 2.000000000000000000e+02 1.000000000000000000e+02 4.000000000000000000e+02 2.000000000000000000e+02 1.000000000000000000e+02 3.000000000000000000e+02 1.000000000000000000e+02 1.000000000000000000e+02 2.000000000000000000e+02 3.000000000000000000e+02 4.000000000000000000e+02 5.000000000000000000e+02 6.000000000000000000e+02 1.000000000000000000e+02 1.000000000000000000e+02 1.000000000000000000e+02 8.000000000000000000e+02 2.000000000000000000e+02
1.200000000000000000e+03 1.100000000000000000e+03 1.000000000000000000e+03 9.000000000000000000e+02 8.000000000000000000e+02 7.000000000000000000e+02 6.000000000000000000e+02 5.000000000000000000e+02 4.000000000000000000e+02 3.000000000000000000e+02 2.000000000000000000e+02 1.000000000000000000e+02 2.000000000000000000e+02 8.000000000000000000e+02 7.000000000000000000e+02 6.000000000000000000e+02 5.000000000000000000e+02 4.000000000000000000e+02 3.000000000000000000e+02 2.000000000000000000e+02 5.000000000000000000e+02 1.000000000000000000e+02 3.000000000000000000e+02 2.000000000000000000e+02 1.000000000000000000e+02 4.000000000000000000e+02 2.000000000000000000e+02 1.000000000000000000e+02 1.000000000000000000e+02 2.000000000000000000e+02 3.000000000000000000e+02 4.000000000000000000e+02 5.000000000000000000e+02 6.000000000000000000e+02 7.000000000000000000e+02 1.000000000000000000e+02 1.000000000000000000e+02
1.100000000000000000e+03 1.000000000000000000e+03 9.000000000000000000e+02 8.000000000000000000e+02 7.000000000000000000e+02 6.000000000000000000e+02 5.000000000000000000e+02 4.000000000000000000e+02 3.000000000000000000e+02 2.000000000000000000e+02 1.000000000000000000e+02 3.000000000000000000e+02 9.000000000000000000e+02 8.000000000000000000e+02 7.000000000000000000e+02 6.000000000000000000e+02 5.000000000000000000e+02 4.000000000000000000e+02 3.000000000000000000e+02 6.000000000000000000e+02 2.000000000000000000e+02 1.000000000000000000e+02 4.000000000000000000e+02 3.000000000000000000e+02 2.000000000000000000e+02 1.000000000000000000e+02 5.000000000000000000e+02 3.000000000000000000e+02 2.000000000000000000e+02 1.000000000000000000e+02 1.000000000000000000e+02 1.000000000000000000e+02 2.000000000000000000e+02 3.000000000000000000e+02 4.000000000000000000e+02 5.000000000000000000e+02 6.000000000000000000e+02
9.000000000000000000e+02 8.000000000000000000e+02 7.000000000000000000e+02 6.000000000000000000e+02 5.000000000000000000e+02 4.000000000000000000e+02 3.000000000000000000e+02 2.000000000000000000e+02 1.000000000000000000e+02 1.000000000000000000e+02 4.000000000000000000e+02 1.000000000000000000e+03 9.000000000000000000e+02 8.000000000000000000e+02 7.000000000000000000e+02 6.000000000000000000e+02 5.000000000000000000e+02 1.000000000000000000e+02 1.000000000000000000e+03 3.000000000000000000e+02 2.000000000000000000e+02 5.000000000000000000e+02 1.000000000000000000e+02 4.000000000000000000e+02 3.000000000000000000e+02 1.000000000000000000e+02 2.000000000000000000e+02 6.000000000000000000e+02 4.000000000000000000e+02 3.000000000000000000e+02 2.000000000000000000e+02 2.000000000000000000e+02 1.000000000000000000e+02 1.000000000000000000e+02 1.000000000000000000e+02 1.000000000000000000e+02 1.000000000000000000e+02
7.000000000000000000e+02 6.000000000000000000e+02 5.000000000000000000e+02 4.000000000000000000e+02 3.000000000000000000e+02 2.000000000000000000e+02 1.000000000000000000e+02 1.000000000000000000e+02 2.000000000000000000e+02 5.000000000000000000e+02 1.100000000000000000e+03 1.000000000000000000e+03 9.000000000000000000e+02 8.000000000000000000e+02 7.000000000000000000e+02 1.000000000000000000e+02 6.000000000000000000e+02 2.000000000000000000e+02 1.400000000000000000e+03 3.000000000000000000e+02 6.000000000000000000e+02 2.000000000000000000e+02 1.000000000000000000e+02 5.000000000000000000e+02 4.000000000000000000e+02 2.000000000000000000e+02 1.000000000000000000e+02 3.000000000000000000e+02 7.000000000000000000e+02 5.000000000000000000e+02 4.000000000000000000e+02 3.000000000000000000e+02 3.000000000000000000e+02 2.000000000000000000e+02 2.000000000000000000e+02 2.000000000000000000e+02 2.000000000000000000e+02
1.000000000000000000e+02 1.000000000000000000e+02 1.000000000000000000e+02 1.000000000000000000e+02 1.000000000000000000e+02 1.000000000000000000e+02 2.000000000000000000e+02 3.000000000000000000e+02 6.000000000000000000e+02 1.200000000000000000e+03 1.100000000000000000e+03 1.000000000000000000e+03 9.000000000000000000e+02 8.000000000000000000e+02 1.000000000000000000e+02 2.000000000000000000e+02 7.000000000000000000e+02 3.000000000000000000e+02 1.800000000000000000e+03 7.000000000000000000e+02 3.000000000000000000e+02 2.000000000000000000e+02 1.000000000000000000e+02 6.000000000000000000e+02 5.000000000000000000e+02 3.000000000000000000e+02 1.000000000000000000e+02 2.000000000000000000e+02 4.000000000000000000e+02 8.000000000000000000e+02 6.000000000000000000e+02 5.000000000000000000e+02 4.000000000000000000e+02 4.000000000000000000e+02 3.000000000000000000e+02 3.000000000000000000e+02 3.000000000000000000e+02
5.700000000000000000e+03 4.700000000000000000e+03 4.500000000000000000e+03 4.300000000000000000e+03 4.100000000000000000e+03 3.900000000000000000e+03 3.600000000000000000e+03 3.200000000000000000e+03 2.500000000000000000e+03 1.200000000000000000e+03 1.100000000000000000e+03 1.000000000000000000e+03 9.000000000000000000e+02 1.000000000000000000e+02 2.000000000000000000e+02 3.000000000000000000e+02 8.000000000000000000e+02 2.200000000000000000e+03 8.000000000000000000e+02 4.000000000000000000e+02 3.000000000000000000e+02 2.000000000000000000e+02 1.000000000000000000e+02 7.000000000000000000e+02 6.000000000000000000e+02 4.000000000000000000e+02 2.000000000000000000e+02 1.000000000000000000e+02 3.000000000000000000e+02 5.000000000000000000e+02 9.000000000000000000e+02 7.000000000000000000e+02 6.000000000000000000e+02 5.000000000000000000e+02 5.000000000000000000e+02 4.000000000000000000e+02 4.000000000000000000e+02
1.000000000000000000e+02 8.000000000000000000e+02 7.000000000000000000e+02 6.000000000000000000e+02 5.000000000000000000e+02 4.000000000000000000e+02 3.000000000000000000e+02 2.000000000000000000e+02 1.000000000000000000e+02 1.200000000000000000e+03 1.100000000000000000e+03 1.000000000000000000e+03 1.000000000000000000e+02 2.000000000000000000e+02 3.000000000000000000e+02 4.000000000000000000e+02 9.000000000000000000e+02 3.100000000000000000e+03 5.000000000000000000e+02 4.000000000000000000e+02 3.000000000000000000e+02 2.000000000000000000e+02 1.000000000000000000e+02 8.000000000000000000e+02 7.000000000000000000e+02 5.000000000000000000e+02 3.000000000000000000e+02 1.000000000000000000e+02 2.000000000000000000e+02 4.000000000000000000e+02 6.000000000000000000e+02 1.000000000000000000e+03 8.000000000000000000e+02 7.000000000000000000e+02 6.000000000000000000e+02 6.000000000000000000e+02 5.000000000000000000e+02
8.000000000000000000e+02 7.000000000000000000e+02 6.000000000000000000e+02 5.000000000000000000e+02 4.000000000000000000e+02 3.000000000000000000e+02 2.000000000000000000e+02 1.000000000000000000e+02 1.300000000000000000e+03 1.200000000000000000e+03 1.100000000000000000e+03 2.000000000000000000e+02 1.000000000000000000e+02 3.000000000000000000e+02 4.000000000000000000e+02 5.000000000000000000e+02 1.000000000000000000e+03 3.700000000000000000e+03 5.000000000000000000e+02 4.000000000000000000e+02 3.000000000000000000e+02 2.000000000000000000e+02 9.000000000000000000e+02 1.000000000000000000e+02 8.000000000000000000e+02 6.000000000000000000e+02 4.000000000000000000e+02 1.000000000000000000e+02 2.000000000000000000e+02 3.000000000000000000e+02 5.000000000000000000e+02 7.000000000000000000e+02 1.100000000000000000e+03 9.000000000000000000e+02 8.000000000000000000e+02 7.000000000000000000e+02 7.000000000000000000e+02
7.000000000000000000e+02 6.000000000000000000e+02 5.000000000000000000e+02 4.000000000000000000e+02 3.000000000000000000e+02 2.000000000000000000e+02 1.000000000000000000e+02 1.400000000000000000e+03 1.300000000000000000e+03 1.200000000000000000e+03 3.000000000000000000e+02 1.000000000000000000e+02 2.000000000000000000e+02 4.000000000000000000e+02 5.000000000000000000e+02 6.000000000000000000e+02 1.100000000000000000e+03 4.300000000000000000e+03 5.000000000000000000e+02 4.000000000000000000e+02 3.000000000000000000e+02 1.000000000000000000e+03 2.000000000000000000e+02 1.000000000000000000e+02 9.000000000000000000e+02 7.000000000000000000e+02 5.000000000000000000e+02 1.000000000000000000e+02 2.000000000000000000e+02 3.000000000000000000e+02 4.000000000000000000e+02 6.000000000000000000e+02 8.000000000000000000e+02 1.200000000000000000e+03 1.000000000000000000e+03 9.000000000000000000e+02 8.000000000000000000e+02
