output_new_topo_ddd_4/finaltopo_bedrock__elevation.asc
ncols 300
nrows 100
xllcorner 0.0
yllcorner 0.0
cellsize 10.0
[rows 34 to 50 of 100, columns 259 to 295 of 300]
7.356976618116529210e+01 7.434256611058154363e+01 7.601057589554605443e+01 7.912068065025722774e+01 8.163506162530634924e+01 8.407308630054772891e+01 8.642478812615513561e+01 8.880041421931518641e+01 9.100550798153309984e+01 9.308842463779716070e+01 9.522040340281418480e+01 9.723786114953445292e+01 9.915128018800268705e+01 1.010404817453876376e+02 1.027415694384696252e+02 1.043112747195347367e+02 1.059322267311617765e+02 1.074146272388086487e+02 1.086379639004876196e+02 1.095938803241127601e+02 1.102468802516900581e+02 1.105418676141060246e+02 1.104435138749513357e+02 1.099523006705844210e+02 1.090948860474507995e+02 1.079089971498225822e+02 1.063914658851757054e+02 1.045843492713313481e+02 1.025284143742460543e+02 1.002733374728269951e+02 9.781144152345943610e+01 9.519372703999067653e+01 9.245534309590264854e+01 8.963194553407711851e+01 8.669922542437751645e+01 8.368689855954535517e+01 8.061240962352626127e+01
7.228805923187458404e+01 7.554012243631511581e+01 7.816495457042157113e+01 8.077593490113544306e+01 8.332305207789923429e+01 8.574784970910758375e+01 8.806977407252701084e+01 9.024336374054098542e+01 9.247264190970687991e+01 9.455004926971174939e+01 9.650097647503845621e+01 9.848134329688610933e+01 1.003215361468423481e+02 1.020274290227906988e+02 1.036777483492732728e+02 1.051413480214770004e+02 1.065290266620749122e+02 1.077972706634469660e+02 1.088562375218720177e+02 1.096571565664016816e+02 1.101525545824497243e+02 1.102799184640315389e+02 1.100153654979115032e+02 1.093861889433773769e+02 1.083880586977037979e+02 1.070520755616428374e+02 1.054184142717438988e+02 1.034817030348202707e+02 1.012918384812294477e+02 9.889472509795750454e+01 9.634461679260098776e+01 9.363322399583960021e+01 9.081292325613148364e+01 8.791431572297850039e+01 8.496363683833017433e+01 8.192374649631646832e+01 7.881038406513411587e+01
7.464688896179261235e+01 7.709758485083321489e+01 7.989050846536628114e+01 8.249485541220454365e+01 8.500107260335809656e+01 8.739476338216029205e+01 8.967128201954088240e+01 9.182826747997749806e+01 9.383722993536123624e+01 9.590830569958862384e+01 9.782482935069728569e+01 9.960446236365056905e+01 1.013919100857522153e+02 1.030171859359133890e+02 1.044878237838343296e+02 1.058841217533067862e+02 1.070875150236845172e+02 1.081558988465114055e+02 1.090398254916724738e+02 1.096735313681681134e+02 1.100021912793146299e+02 1.099640052989879848e+02 1.095466606679922137e+02 1.087678319407947498e+02 1.076495337588927299e+02 1.061802920876320826e+02 1.043961234657173378e+02 1.023448701500798990e+02 1.000236616933376013e+02 9.749266959688105771e+01 9.480363017613390753e+01 9.201449843698351572e+01 8.911557215041790414e+01 8.615710914306666268e+01 8.316017226066686874e+01 8.013359675719637210e+01 7.701952329647039619e+01
7.659241808150984809e+01 7.910690660200488367e+01 8.145348754121710044e+01 8.412608997880548145e+01 8.661010117470408431e+01 8.897135846204035659e+01 9.120544641389012952e+01 9.331130391580251171e+01 9.529208794874271859e+01 9.712605613492571877e+01 9.901483848650491382e+01 1.007403770156822986e+02 1.023160874006528758e+02 1.038737935643375323e+02 1.052515771890705594e+02 1.064581587704482786e+02 1.075631998225564558e+02 1.084469921491256770e+02 1.091577335887193811e+02 1.096210695636585797e+02 1.097736447098688615e+02 1.095818469794121199e+02 1.090286615934137586e+02 1.081222585361749680e+02 1.068713343274644814e+02 1.052917320834789194e+02 1.033716136618324839e+02 1.011618116845911999e+02 9.872275650094805144e+01 9.605620056814088059e+01 9.323318381386519604e+01 9.031004876760462707e+01 8.734540735263789202e+01 8.432693708859383719e+01 8.130006594147837973e+01 7.827120508889831285e+01 7.521506114169801549e+01
7.841851884041392395e+01 8.093771049464952227e+01 8.332399248541442205e+01 8.554384362283964549e+01 8.808332824319192866e+01 9.042012388574821102e+01 9.261682057356064490e+01 9.467234130940335035e+01 9.659202895053603299e+01 9.838299704538611934e+01 1.000261673936696099e+02 1.017060277211889030e+02 1.032103964845018140e+02 1.045499425654562913e+02 1.058422422838752368e+02 1.069353424278204585e+02 1.078470903823907889e+02 1.086029470787437816e+02 1.091562246343372351e+02 1.094553010008226011e+02 1.094504240531626920e+02 1.091133886886835569e+02 1.084526089769257879e+02 1.074443091301809687e+02 1.060900136091822787e+02 1.043831742239857618e+02 1.023439445645240937e+02 9.998361059923104222e+01 9.737293469426842307e+01 9.458153566207541019e+01 9.161686006426567985e+01 8.856154780774329538e+01 8.546855757196179582e+01 8.239430039563129071e+01 7.932771453085975111e+01 7.631648129276010195e+01 7.335110502926464449e+01
8.000838431396452677e+01 8.255305901603168195e+01 8.494457308552077279e+01 8.719863424959682163e+01 8.928830611617226509e+01 9.167536350899025877e+01 9.384427527283786219e+01 9.585168459639693594e+01 9.771025297934335185e+01 9.943041582675833467e+01 1.010179270896504988e+02 1.024536494858191844e+02 1.038950728896011526e+02 1.051406978945220629e+02 1.062165552347999409e+02 1.071809590201850710e+02 1.079806260940593035e+02 1.085988265305189060e+02 1.089995408935736378e+02 1.091583834283839565e+02 1.090248422421295231e+02 1.085730436104627188e+02 1.078044456339773518e+02 1.067290688069645626e+02 1.053097289464790265e+02 1.034855188684886826e+02 1.012831248563692839e+02 9.876726332170483147e+01 9.598872965271095836e+01 9.300876398464721717e+01 8.989561323247498592e+01 8.669975867501942446e+01 8.347646953381229196e+01 8.027521083587227224e+01 7.714275889154069432e+01 7.411859934307634035e+01 7.125520477515284767e+01
8.127086404143196319e+01 8.384354982450999216e+01 8.625562027739495363e+01 8.852012875494602895e+01 9.064654762787723996e+01 9.260879830556642389e+01 9.482107207087638301e+01 9.677869563906763517e+01 9.857626355659384387e+01 1.002305081056528593e+02 1.017441043600786088e+02 1.031163857722141728e+02 1.043268141398029201e+02 1.054532568163247959e+02 1.064355178897391596e+02 1.072701468684785482e+02 1.079369563228333817e+02 1.084091641426284838e+02 1.086904974055081539e+02 1.087292285311121418e+02 1.084833781860529314e+02 1.079493990635867107e+02 1.071019816734721388e+02 1.059545817618082424e+02 1.045339248869856590e+02 1.028731412894987045e+02 1.009219896482109107e+02 9.861120284438460715e+01 9.603662659004687896e+01 9.325553478733567658e+01 9.031837173474352198e+01 8.726691253218842803e+01 8.414572893862136027e+01 8.099641890952838708e+01 7.785623416344466818e+01 7.476138917049810573e+01 7.175270964780256122e+01
8.199606912021458527e+01 8.458088475228937853e+01 8.702604216243346968e+01 8.935179064211260425e+01 9.155459852666017184e+01 9.360359579912019967e+01 9.543876361634492866e+01 9.729557768310296240e+01 9.904365282153996475e+01 1.006578877100339184e+02 1.021254354061429126e+02 1.034394010939114139e+02 1.045966962744284530e+02 1.056096698563158185e+02 1.064690787490563224e+02 1.071674060229842524e+02 1.076849620950675757e+02 1.080551557551146118e+02 1.082135419885120626e+02 1.081689829637159477e+02 1.078452382467739170e+02 1.072309415210775114e+02 1.063292237584309277e+02 1.051239803476079970e+02 1.036472050505824001e+02 1.019512192078944253e+02 1.000865390083894653e+02 9.804210606021725027e+01 9.566208593838025820e+01 9.306870020182873304e+01 9.029542039612130111e+01 8.736501534382878731e+01 8.431623281668180425e+01 8.117829134997369067e+01 7.797352285735499322e+01 7.472754573797809030e+01 7.148207477039692037e+01
8.260080840045237949e+01 8.502705302723390446e+01 8.741774782562477242e+01 8.972900734411277313e+01 9.193251098424860857e+01 9.400861258190278136e+01 9.594515380765095358e+01 9.777345762269547436e+01 9.947370340016045986e+01 1.010269387817492657e+02 1.024194065159267950e+02 1.036428976746492197e+02 1.046948025057137386e+02 1.055787483465216781e+02 1.062971146871904295e+02 1.068357505477496403e+02 1.072590151206498064e+02 1.075156595830329991e+02 1.075777963622675202e+02 1.074801351115388144e+02 1.071094398886673389e+02 1.064424803560865485e+02 1.054750515092642331e+02 1.042244266844598144e+02 1.026875268447828944e+02 1.009167929732774809e+02 9.898223252147784024e+01 9.694590137557878506e+01 9.483805268148513790e+01 9.246132611858605799e+01 8.987460430858843097e+01 8.706138049287046954e+01 8.409803316441909260e+01 8.098546849539289383e+01 7.771573825940426161e+01 7.427640563486541225e+01 7.066088172727096151e+01
8.303309677637004427e+01 8.548516536702277335e+01 8.787367802375693771e+01 9.017870023354174691e+01 9.237883700050008429e+01 9.445561885086621601e+01 9.639515086780342301e+01 9.819258649860454113e+01 9.983496336842559060e+01 1.013075716341177070e+02 1.025983197289711910e+02 1.037002164770202768e+02 1.046128242630896494e+02 1.053376957427033460e+02 1.058840722524723645e+02 1.063232889449847391e+02 1.066415474090591573e+02 1.067921258198967820e+02 1.067891022097741853e+02 1.066650139059186131e+02 1.062806935885547119e+02 1.055841918134459547e+02 1.045715462358294303e+02 1.032510740147088200e+02 1.016572114923478125e+02 9.980175044564006726e+01 9.775487387812778195e+01 9.559835431215788049e+01 9.339351856909746630e+01 9.116451273824398527e+01 8.871860996907331298e+01 8.615672414292140502e+01 8.336621676514586454e+01 8.037782725412898799e+01 7.716164933892818567e+01 7.364895864963546046e+01 6.990984285098480200e+01
8.346398281891725901e+01 8.592755755984227051e+01 8.831597375803175964e+01 9.061310222161716865e+01 9.279984212232338336e+01 9.485671148802325092e+01 9.676545564293004986e+01 9.851012813710795513e+01 1.000743458553951797e+02 1.014428645384087986e+02 1.026043081929146155e+02 1.035538671826234065e+02 1.042873725270524545e+02 1.048450189656003744e+02 1.053078137998362820e+02 1.055971233714302002e+02 1.058188606046140023e+02 1.059009643896328896e+02 1.058585694064651648e+02 1.057248607746220586e+02 1.053683644910571360e+02 1.046640800658812225e+02 1.036229831774102905e+02 1.022465736172227508e+02 1.005602515402272559e+02 9.862015038350487828e+01 9.645320655144607258e+01 9.414346869375708593e+01 9.177606685925451302e+01 8.940307986358052972e+01 8.704281667290079838e+01 8.448677782128434899e+01 8.181349557599054378e+01 7.891632380307453332e+01 7.581694463294164166e+01 7.253992019998287333e+01 6.883714830833130804e+01
8.388757686105834921e+01 8.634765737999450153e+01 8.872793536349499277e+01 9.100961702980703194e+01 9.317179095616160112e+01 9.519223970638991261e+01 9.704835100382976520e+01 9.871798044010077433e+01 1.001800904627895363e+02 1.014173495244230736e+02 1.024190789039552811e+02 1.031730673922455850e+02 1.037368986598850853e+02 1.042036990113201966e+02 1.045021005418550857e+02 1.046786685016576257e+02 1.048244819752464281e+02 1.048605885005286922e+02 1.048007820917480473e+02 1.046776848781337463e+02 1.043628417251262022e+02 1.036926535719584024e+02 1.026426458986937149e+02 1.012212301821401326e+02 9.944984421271168173e+01 9.738009084989020891e+01 9.509378315324624964e+01 9.263035915271971987e+01 9.008062858675265261e+01 8.752216354572649948e+01 8.498842075682127017e+01 8.248679083426782199e+01 7.979814870319425779e+01 7.699107636252168163e+01 7.395601608231893920e+01 7.068149560442959967e+01 6.715945418542079892e+01
8.426568910238334809e+01 8.671750722165444358e+01 8.908370293481011970e+01 9.134245644087836524e+01 9.346988929644736288e+01 9.544025771029627947e+01 9.722638919750383479e+01 9.880039210679900918e+01 1.001354729436822026e+02 1.012119619125058563e+02 1.020067147259535858e+02 1.025905094687296923e+02 1.030483097172565863e+02 1.033306896425391272e+02 1.035021519615361996e+02 1.035883695870788017e+02 1.036779820807764025e+02 1.036876154668209722e+02 1.036294298438332504e+02 1.035350410595009549e+02 1.032799871974502111e+02 1.026650105570110867e+02 1.016470520385945946e+02 1.001964226532398783e+02 9.834185284086925094e+01 9.614197925030316583e+01 9.368221600548314143e+01 9.106720295870442783e+01 8.834399777133459963e+01 8.559922279373367360e+01 8.287792281284062312e+01 8.018739689080287292e+01 7.754309671604711696e+01 7.472596688962015321e+01 7.179519046312363173e+01 6.862502498232103676e+01 6.516766204191924317e+01
8.456054441963911472e+01 8.700289273592404982e+01 8.935104334479183308e+01 9.158052674365190171e+01 9.366443545040107210e+01 9.557338190992990690e+01 9.727557751082660786e+01 9.873714116054713941e+01 9.992048468174445475e+01 1.007860693284503526e+02 1.014157605860577291e+02 1.018835719591750859e+02 1.021347077390786922e+02 1.022686877806878556e+02 1.023311997615438429e+02 1.023454062578835675e+02 1.023963023487986987e+02 1.023966013301503608e+02 1.023566787577728405e+02 1.023068167697652910e+02 1.021262629718905117e+02 1.016049626821967848e+02 1.006393212995778299e+02 9.920099200475465295e+01 9.726725595175993533e+01 9.492654720744978647e+01 9.228494498697897086e+01 8.945179092907244467e+01 8.654804673192383291e+01 8.364721059451461826e+01 8.078308609124400164e+01 7.788715840988452044e+01 7.504034060859609667e+01 7.227073124278837213e+01 6.936554085522253388e+01 6.637580047073261369e+01 6.312808511367941122e+01
8.473026059686613110e+01 8.716193469321341070e+01 8.948825332961574475e+01 9.168243665770940254e+01 9.371493892206524379e+01 9.555355452032313224e+01 9.716348372780385034e+01 9.850600671203422110e+01 9.948896483615150999e+01 1.002075809274332840e+02 1.007224184906350928e+02 1.009603700255368892e+02 1.010391191146014762e+02 1.010386826539949254e+02 1.010075048624420901e+02 1.009658517439819150e+02 1.009938378344118348e+02 1.009999965588774131e+02 1.009931485642778881e+02 1.010031674817257397e+02 1.009092563329294165e+02 1.005199824004208295e+02 9.965723053089828909e+01 9.826621244329528793e+01 9.626419946522727855e+01 9.376612173559755092e+01 9.091406029387658805e+01 8.783746793597495639e+01 8.465438892001778015e+01 8.147500208941666244e+01 7.879741724580613038e+01 7.564399654436905962e+01 7.255750163851702439e+01 6.957505071204047908e+01 6.672260982805728702e+01 6.386162786519234658e+01 6.099702122456957909e+01
8.471031780691936319e+01 8.712796659407297284e+01 8.942747315854245471e+01 9.158014883816635177e+01 9.355435202279487328e+01 9.531581565052904637e+01 9.682855024904213792e+01 9.805572654748759476e+01 9.894188566758454328e+01 9.956053405692753699e+01 9.982744817413885130e+01 9.986964144986491476e+01 9.978251344727091521e+01 9.965580598643526855e+01 9.954484943832945021e+01 9.946307083651751668e+01 9.948283206642125265e+01 9.950821839784443057e+01 9.954702470068426123e+01 9.963131559120805036e+01 9.964371040980171301e+01 9.940167350989976569e+01 9.870910485124220202e+01 9.750947503878343525e+01 9.583658836382788593e+01 9.357515305542943906e+01 9.090596946520886945e+01 8.791772936856263243e+01 8.465511673941664128e+01 8.107123679074459233e+01 7.686863619843248330e+01 7.342716882543979295e+01 7.008754296995390121e+01 6.685662501388657120e+01 6.374505458277779724e+01 6.078528806983374011e+01 5.879364964954555006e+01
8.477450438365525542e+01 8.718120470446008596e+01 8.945307218416188277e+01 9.155889375524245111e+01 9.346421094198032620e+01 9.513188998967700627e+01 9.652284512888559220e+01 9.760283012196134678e+01 9.837773222847273757e+01 9.873554842412994503e+01 9.878379678397698171e+01 9.863249099943955400e+01 9.838153643601202702e+01 9.813037477687032606e+01 9.795426035683178156e+01 9.784887895041707395e+01 9.787420848256178374e+01 9.793012253903840758e+01 9.802448293621692699e+01 9.819408523948878553e+01 9.833223892605407457e+01 9.824336722985862025e+01 9.774823203115947479e+01 9.671578487391845158e+01 9.510408533162194544e+01 9.303550414952125891e+01 9.054220804862050898e+01 8.769614545434541242e+01 8.456048025739860918e+01 8.118806463485512381e+01 7.765696389781588493e+01 7.420469866052532382e+01 7.079311221007267818e+01 6.739719139351507238e+01 6.397423541879987852e+01 6.043202299566061697e+01 5.650906885877681418e+01
