output_new_topo_ddd_4/finaltopo_drainage_area.asc
ncols 300
nrows 100
xllcorner 0.0
yllcorner 0.0
cellsize 10.0
[rows 17 to 33 of 100, columns 185 to 221 of 300]
1.700000000000000000e+03 1.600000000000000000e+03 1.600000000000000000e+03 1.600000000000000000e+03 1.600000000000000000e+03 1.600000000000000000e+03 1.600000000000000000e+03 1.600000000000000000e+03 1.600000000000000000e+03 1.600000000000000000e+03 1.600000000000000000e+03 2.700000000000000000e+03 1.690000000000000000e+04 1.000000000000000000e+02 1.700000000000000000e+03 1.700000000000000000e+03 1.700000000000000000e+03 1.700000000000000000e+03 1.700000000000000000e+03 1.700000000000000000e+03 1.700000000000000000e+03 1.700000000000000000e+03 1.700000000000000000e+03 1.700000000000000000e+03 1.700000000000000000e+03 1.700000000000000000e+03 1.700000000000000000e+03 1.700000000000000000e+03 1.700000000000000000e+03 1.700000000000000000e+03 1.800000000000000000e+03 1.700000000000000000e+03 1.700000000000000000e+03 1.700000000000000000e+03 1.900000000000000000e+03 1.310000000000000000e+04 9.000000000000000000e+02
1.800000000000000000e+03 1.800000000000000000e+03 1.700000000000000000e+03 1.700000000000000000e+03 1.700000000000000000e+03 1.700000000000000000e+03 1.700000000000000000e+03 1.700000000000000000e+03 1.700000000000000000e+03 1.700000000000000000e+03 1.700000000000000000e+03 1.700000000000000000e+03 1.970000000000000000e+04 1.900000000000000000e+03 1.000000000000000000e+02 1.800000000000000000e+03 1.800000000000000000e+03 1.800000000000000000e+03 1.800000000000000000e+03 1.800000000000000000e+03 1.800000000000000000e+03 1.800000000000000000e+03 1.800000000000000000e+03 1.800000000000000000e+03 1.800000000000000000e+03 1.800000000000000000e+03 1.800000000000000000e+03 1.800000000000000000e+03 1.800000000000000000e+03 1.800000000000000000e+03 1.900000000000000000e+03 1.800000000000000000e+03 1.800000000000000000e+03 1.800000000000000000e+03 1.510000000000000000e+04 4.900000000000000000e+03 3.900000000000000000e+03
1.900000000000000000e+03 1.900000000000000000e+03 1.900000000000000000e+03 1.800000000000000000e+03 1.800000000000000000e+03 1.800000000000000000e+03 1.800000000000000000e+03 1.800000000000000000e+03 1.800000000000000000e+03 1.800000000000000000e+03 1.800000000000000000e+03 1.800000000000000000e+03 2.150000000000000000e+04 2.000000000000000000e+03 2.000000000000000000e+03 1.000000000000000000e+02 1.900000000000000000e+03 1.900000000000000000e+03 1.900000000000000000e+03 1.900000000000000000e+03 1.900000000000000000e+03 1.900000000000000000e+03 1.900000000000000000e+03 1.900000000000000000e+03 1.900000000000000000e+03 1.900000000000000000e+03 1.900000000000000000e+03 1.900000000000000000e+03 1.900000000000000000e+03 3.800000000000000000e+03 1.000000000000000000e+02 1.900000000000000000e+03 1.900000000000000000e+03 1.900000000000000000e+03 2.140000000000000000e+04 1.300000000000000000e+03 1.200000000000000000e+03
1.900000000000000000e+03 2.000000000000000000e+03 2.000000000000000000e+03 2.000000000000000000e+03 1.900000000000000000e+03 1.900000000000000000e+03 1.900000000000000000e+03 1.900000000000000000e+03 1.900000000000000000e+03 1.900000000000000000e+03 1.900000000000000000e+03 1.900000000000000000e+03 1.900000000000000000e+03 2.560000000000000000e+04 2.000000000000000000e+02 1.000000000000000000e+02 2.000000000000000000e+03 2.000000000000000000e+03 2.000000000000000000e+03 2.000000000000000000e+03 2.000000000000000000e+03 2.000000000000000000e+03 2.000000000000000000e+03 2.000000000000000000e+03 2.000000000000000000e+03 2.000000000000000000e+03 2.000000000000000000e+03 2.000000000000000000e+03 2.000000000000000000e+03 4.000000000000000000e+03 1.000000000000000000e+02 2.000000000000000000e+03 2.000000000000000000e+03 2.420000000000000000e+04 8.000000000000000000e+02 7.000000000000000000e+02 6.000000000000000000e+02
1.800000000000000000e+03 2.000000000000000000e+03 2.100000000000000000e+03 2.100000000000000000e+03 2.100000000000000000e+03 2.000000000000000000e+03 2.000000000000000000e+03 2.000000000000000000e+03 2.000000000000000000e+03 2.000000000000000000e+03 2.000000000000000000e+03 2.000000000000000000e+03 2.000000000000000000e+03 2.780000000000000000e+04 2.000000000000000000e+02 1.000000000000000000e+02 2.100000000000000000e+03 2.100000000000000000e+03 2.100000000000000000e+03 2.100000000000000000e+03 2.100000000000000000e+03 2.100000000000000000e+03 2.100000000000000000e+03 2.100000000000000000e+03 2.100000000000000000e+03 2.100000000000000000e+03 2.100000000000000000e+03 2.100000000000000000e+03 6.100000000000000000e+03 1.000000000000000000e+02 2.000000000000000000e+02 2.100000000000000000e+03 2.740000000000000000e+04 1.100000000000000000e+03 1.000000000000000000e+03 9.000000000000000000e+02 8.000000000000000000e+02
1.800000000000000000e+03 1.900000000000000000e+03 2.100000000000000000e+03 2.200000000000000000e+03 2.200000000000000000e+03 2.200000000000000000e+03 2.100000000000000000e+03 2.100000000000000000e+03 2.100000000000000000e+03 2.100000000000000000e+03 2.100000000000000000e+03 2.100000000000000000e+03 2.100000000000000000e+03 3.010000000000000000e+04 1.000000000000000000e+02 2.000000000000000000e+02 2.200000000000000000e+03 2.200000000000000000e+03 2.200000000000000000e+03 2.200000000000000000e+03 2.200000000000000000e+03 2.200000000000000000e+03 2.200000000000000000e+03 2.200000000000000000e+03 2.200000000000000000e+03 2.200000000000000000e+03 2.200000000000000000e+03 2.200000000000000000e+03 6.300000000000000000e+03 1.000000000000000000e+02 3.000000000000000000e+02 2.960000000000000000e+04 1.200000000000000000e+03 1.100000000000000000e+03 1.000000000000000000e+03 9.000000000000000000e+02 8.000000000000000000e+02
1.800000000000000000e+03 1.900000000000000000e+03 2.000000000000000000e+03 2.200000000000000000e+03 2.300000000000000000e+03 2.300000000000000000e+03 2.300000000000000000e+03 2.200000000000000000e+03 2.200000000000000000e+03 2.200000000000000000e+03 2.200000000000000000e+03 2.200000000000000000e+03 2.200000000000000000e+03 3.240000000000000000e+04 1.000000000000000000e+02 3.000000000000000000e+02 2.300000000000000000e+03 2.300000000000000000e+03 2.300000000000000000e+03 2.300000000000000000e+03 2.300000000000000000e+03 2.300000000000000000e+03 2.300000000000000000e+03 2.300000000000000000e+03 2.300000000000000000e+03 2.300000000000000000e+03 2.300000000000000000e+03 2.300000000000000000e+03 6.500000000000000000e+03 1.000000000000000000e+02 4.000000000000000000e+02 3.180000000000000000e+04 9.000000000000000000e+02 8.000000000000000000e+02 7.000000000000000000e+02 6.000000000000000000e+02 5.000000000000000000e+02
1.800000000000000000e+03 1.900000000000000000e+03 2.000000000000000000e+03 2.100000000000000000e+03 2.300000000000000000e+03 2.400000000000000000e+03 2.400000000000000000e+03 2.400000000000000000e+03 2.300000000000000000e+03 2.300000000000000000e+03 2.300000000000000000e+03 2.300000000000000000e+03 4.600000000000000000e+03 3.930000000000000000e+04 2.000000000000000000e+02 4.000000000000000000e+02 2.400000000000000000e+03 2.400000000000000000e+03 2.400000000000000000e+03 2.400000000000000000e+03 2.400000000000000000e+03 2.400000000000000000e+03 2.400000000000000000e+03 2.400000000000000000e+03 2.400000000000000000e+03 2.400000000000000000e+03 2.400000000000000000e+03 2.400000000000000000e+03 6.700000000000000000e+03 1.000000000000000000e+02 3.360000000000000000e+04 1.300000000000000000e+03 1.200000000000000000e+03 1.100000000000000000e+03 1.000000000000000000e+03 9.000000000000000000e+02 8.000000000000000000e+02
1.800000000000000000e+03 1.900000000000000000e+03 2.000000000000000000e+03 2.100000000000000000e+03 2.200000000000000000e+03 2.400000000000000000e+03 2.500000000000000000e+03 2.500000000000000000e+03 2.500000000000000000e+03 2.400000000000000000e+03 2.400000000000000000e+03 2.400000000000000000e+03 1.000000000000000000e+02 2.000000000000000000e+02 3.980000000000000000e+04 5.000000000000000000e+02 2.500000000000000000e+03 2.500000000000000000e+03 2.500000000000000000e+03 2.500000000000000000e+03 2.500000000000000000e+03 2.500000000000000000e+03 2.500000000000000000e+03 2.500000000000000000e+03 2.500000000000000000e+03 2.500000000000000000e+03 2.500000000000000000e+03 2.500000000000000000e+03 4.160000000000000000e+04 3.470000000000000000e+04 1.000000000000000000e+03 9.000000000000000000e+02 8.000000000000000000e+02 7.000000000000000000e+02 6.000000000000000000e+02 5.000000000000000000e+02 4.000000000000000000e+02
1.800000000000000000e+03 1.900000000000000000e+03 2.000000000000000000e+03 2.100000000000000000e+03 2.200000000000000000e+03 2.300000000000000000e+03 2.500000000000000000e+03 2.600000000000000000e+03 2.600000000000000000e+03 2.600000000000000000e+03 2.500000000000000000e+03 2.500000000000000000e+03 2.500000000000000000e+03 1.000000000000000000e+02 1.000000000000000000e+02 4.290000000000000000e+04 1.000000000000000000e+02 2.600000000000000000e+03 2.600000000000000000e+03 2.600000000000000000e+03 2.600000000000000000e+03 2.600000000000000000e+03 2.600000000000000000e+03 2.600000000000000000e+03 2.600000000000000000e+03 2.600000000000000000e+03 2.600000000000000000e+03 4.420000000000000000e+04 1.100000000000000000e+03 1.000000000000000000e+03 9.000000000000000000e+02 8.000000000000000000e+02 7.000000000000000000e+02 6.000000000000000000e+02 5.000000000000000000e+02 4.000000000000000000e+02 3.000000000000000000e+02
1.800000000000000000e+03 1.900000000000000000e+03 2.000000000000000000e+03 2.100000000000000000e+03 2.200000000000000000e+03 2.300000000000000000e+03 2.400000000000000000e+03 2.600000000000000000e+03 2.700000000000000000e+03 2.700000000000000000e+03 2.700000000000000000e+03 2.600000000000000000e+03 2.600000000000000000e+03 2.600000000000000000e+03 2.800000000000000000e+03 4.590000000000000000e+04 2.000000000000000000e+02 2.700000000000000000e+03 2.700000000000000000e+03 2.700000000000000000e+03 2.700000000000000000e+03 2.700000000000000000e+03 2.700000000000000000e+03 2.700000000000000000e+03 2.700000000000000000e+03 2.700000000000000000e+03 2.700000000000000000e+03 4.640000000000000000e+04 1.000000000000000000e+03 9.000000000000000000e+02 8.000000000000000000e+02 7.000000000000000000e+02 6.000000000000000000e+02 5.000000000000000000e+02 4.000000000000000000e+02 3.000000000000000000e+02 2.000000000000000000e+02
1.800000000000000000e+03 1.900000000000000000e+03 2.000000000000000000e+03 2.100000000000000000e+03 2.200000000000000000e+03 2.300000000000000000e+03 2.400000000000000000e+03 2.500000000000000000e+03 2.700000000000000000e+03 2.800000000000000000e+03 2.800000000000000000e+03 2.800000000000000000e+03 2.700000000000000000e+03 2.700000000000000000e+03 1.000000000000000000e+02 2.000000000000000000e+02 4.640000000000000000e+04 2.800000000000000000e+03 2.800000000000000000e+03 2.800000000000000000e+03 2.800000000000000000e+03 2.800000000000000000e+03 2.800000000000000000e+03 2.800000000000000000e+03 2.800000000000000000e+03 2.800000000000000000e+03 5.020000000000000000e+04 1.000000000000000000e+03 9.000000000000000000e+02 8.000000000000000000e+02 7.000000000000000000e+02 6.000000000000000000e+02 5.000000000000000000e+02 4.000000000000000000e+02 3.000000000000000000e+02 2.000000000000000000e+02 1.000000000000000000e+02
1.800000000000000000e+03 1.900000000000000000e+03 2.000000000000000000e+03 2.100000000000000000e+03 2.200000000000000000e+03 2.300000000000000000e+03 2.400000000000000000e+03 2.500000000000000000e+03 2.600000000000000000e+03 2.800000000000000000e+03 2.900000000000000000e+03 2.900000000000000000e+03 2.900000000000000000e+03 2.800000000000000000e+03 2.800000000000000000e+03 1.000000000000000000e+02 2.000000000000000000e+02 4.950000000000000000e+04 2.900000000000000000e+03 2.900000000000000000e+03 2.900000000000000000e+03 2.900000000000000000e+03 2.900000000000000000e+03 2.900000000000000000e+03 2.900000000000000000e+03 5.310000000000000000e+04 1.000000000000000000e+03 9.000000000000000000e+02 8.000000000000000000e+02 7.000000000000000000e+02 6.000000000000000000e+02 5.000000000000000000e+02 4.000000000000000000e+02 3.000000000000000000e+02 2.000000000000000000e+02 1.000000000000000000e+02 8.000000000000000000e+02
1.800000000000000000e+03 1.900000000000000000e+03 2.000000000000000000e+03 2.100000000000000000e+03 2.200000000000000000e+03 2.300000000000000000e+03 2.400000000000000000e+03 2.500000000000000000e+03 2.600000000000000000e+03 2.700000000000000000e+03 2.900000000000000000e+03 3.000000000000000000e+03 3.000000000000000000e+03 3.000000000000000000e+03 2.900000000000000000e+03 2.900000000000000000e+03 1.000000000000000000e+02 2.000000000000000000e+02 5.270000000000000000e+04 3.000000000000000000e+03 3.000000000000000000e+03 3.000000000000000000e+03 3.000000000000000000e+03 3.000000000000000000e+03 3.000000000000000000e+03 5.510000000000000000e+04 9.000000000000000000e+02 8.000000000000000000e+02 7.000000000000000000e+02 6.000000000000000000e+02 5.000000000000000000e+02 4.000000000000000000e+02 3.000000000000000000e+02 2.000000000000000000e+02 1.000000000000000000e+02 9.000000000000000000e+02 7.000000000000000000e+02
1.800000000000000000e+03 1.900000000000000000e+03 2.000000000000000000e+03 2.100000000000000000e+03 2.200000000000000000e+03 2.300000000000000000e+03 2.400000000000000000e+03 2.500000000000000000e+03 2.600000000000000000e+03 2.700000000000000000e+03 2.800000000000000000e+03 3.000000000000000000e+03 3.100000000000000000e+03 3.100000000000000000e+03 3.100000000000000000e+03 3.000000000000000000e+03 3.000000000000000000e+03 1.000000000000000000e+02 1.000000000000000000e+02 5.590000000000000000e+04 3.100000000000000000e+03 3.100000000000000000e+03 3.100000000000000000e+03 3.100000000000000000e+03 5.900000000000000000e+04 8.000000000000000000e+02 7.000000000000000000e+02 6.000000000000000000e+02 5.000000000000000000e+02 4.000000000000000000e+02 3.000000000000000000e+02 2.000000000000000000e+02 1.000000000000000000e+02 1.000000000000000000e+02 1.000000000000000000e+03 8.000000000000000000e+02 7.000000000000000000e+02
1.800000000000000000e+03 1.900000000000000000e+03 2.000000000000000000e+03 2.100000000000000000e+03 2.200000000000000000e+03 2.300000000000000000e+03 2.400000000000000000e+03 2.500000000000000000e+03 2.600000000000000000e+03 2.700000000000000000e+03 2.800000000000000000e+03 2.900000000000000000e+03 3.100000000000000000e+03 3.200000000000000000e+03 3.200000000000000000e+03 3.200000000000000000e+03 3.100000000000000000e+03 3.100000000000000000e+03 2.000000000000000000e+02 1.000000000000000000e+02 5.920000000000000000e+04 3.200000000000000000e+03 3.200000000000000000e+03 6.300000000000000000e+04 8.000000000000000000e+02 7.000000000000000000e+02 6.000000000000000000e+02 5.000000000000000000e+02 4.000000000000000000e+02 3.000000000000000000e+02 2.000000000000000000e+02 1.000000000000000000e+02 2.000000000000000000e+02 1.100000000000000000e+03 9.000000000000000000e+02 8.000000000000000000e+02 6.000000000000000000e+02
2.780000000000000000e+04 2.970000000000000000e+04 2.000000000000000000e+03 2.100000000000000000e+03 2.200000000000000000e+03 2.300000000000000000e+03 2.400000000000000000e+03 2.500000000000000000e+03 2.600000000000000000e+03 2.700000000000000000e+03 2.800000000000000000e+03 2.900000000000000000e+03 3.000000000000000000e+03 3.200000000000000000e+03 3.300000000000000000e+03 3.300000000000000000e+03 3.300000000000000000e+03 3.200000000000000000e+03 3.200000000000000000e+03 3.000000000000000000e+02 1.000000000000000000e+02 6.570000000000000000e+04 6.390000000000000000e+04 8.000000000000000000e+02 7.000000000000000000e+02 6.000000000000000000e+02 5.000000000000000000e+02 4.000000000000000000e+02 3.000000000000000000e+02 2.000000000000000000e+02 1.000000000000000000e+02 3.000000000000000000e+02 1.200000000000000000e+03 1.000000000000000000e+03 9.000000000000000000e+02 7.000000000000000000e+02 4.000000000000000000e+02
