output_new_topo_ddd_4/finaltopo_soil_production__rate.asc
ncols 300
nrows 100
xllcorner 0.0
yllcorner 0.0
cellsize 10.0
[rows 51 to 67 of 100, columns 185 to 221 of 300]
2.626524518563301357e-05 3.128829818900386673e-05 3.112826860708210367e-05 3.182365357645707769e-05 3.368243844102151253e-05 3.489095600116313360e-05 3.631096539668184244e-05 3.780155013822570471e-05 3.682308742750208989e-05 3.637529123600357836e-05 3.602989096913248711e-05 3.577446451654279808e-05 3.558967556319506017e-05 3.546782166013452800e-05 3.541396645279646841e-05 3.544685304254323180e-05 3.553636045242530633e-05 3.567382132478233697e-05 3.584680170968820807e-05 3.604998572336430167e-05 3.625840998319674235e-05 3.620542492126919461e-05 3.633739783736859326e-05 3.654600244050753194e-05 3.683898522558908862e-05 3.726305691419234516e-05 3.799132745001973185e-05 3.992214884023736435e-05 2.127258576046832055e-05 4.950517213063105931e-05 4.341038955110388455e-05 4.137272765522278189e-05 3.987852931162954071e-05 3.870749313229158013e-05 3.809092348157812346e-05 3.755409685777885703e-05 3.681243727367804067e-05
3.009171543672313311e-05 2.542485431525672029e-05 3.107345324411379560e-05 3.066072535508208423e-05 3.384634970084856112e-05 3.487840920075567112e-05 3.690884860152861903e-05 3.719114780952972898e-05 3.879211889127419643e-05 3.916206366929043665e-05 3.886048722720484769e-05 3.857037389130354304e-05 3.829913416642614509e-05 3.805430072566064675e-05 3.786461297259283837e-05 3.782003871583152583e-05 3.779933288199262953e-05 3.782758536927203894e-05 3.786320527125940853e-05 3.790453122938863893e-05 3.793724770968799327e-05 3.793051252098967598e-05 3.798343070470669398e-05 3.804081060350992876e-05 3.812105005106214103e-05 3.824241937259461157e-05 3.839593880038549443e-05 3.855934593835896054e-05 2.508233213056252882e-05 5.144894411721004249e-05 4.344437345640920220e-05 4.130769788317962702e-05 3.984088712521809128e-05 3.872975139986409743e-05 3.813327304269578915e-05 3.754217715713585173e-05 3.654389883983502602e-05
3.022831858916316767e-05 2.544680491533246231e-05 2.837791621610272495e-05 3.313724810718130935e-05 3.394004075634642835e-05 3.568270562363743667e-05 3.556248622737609335e-05 3.767439257275376300e-05 3.809167260747039650e-05 3.950667010923141425e-05 3.913717117442934841e-05 3.875376888744382596e-05 3.838132807751830849e-05 3.799871469748001477e-05 3.752655671087704996e-05 3.463760545565724948e-05 3.401454087898380296e-05 3.276723720296792014e-05 3.224908492485047958e-05 3.180492102349750217e-05 3.143625002188756761e-05 3.102518132053589219e-05 3.000410200107566245e-05 2.968466217187771993e-05 2.935463722862020607e-05 2.899791815100568115e-05 2.859437722177239456e-05 2.820739537760093174e-05 2.072973197613697102e-05 5.021482422636021548e-05 4.304645469550795120e-05 4.110825122477164450e-05 3.979122111803496639e-05 3.880061354176229818e-05 3.825271171350211704e-05 3.764191364083472799e-05 3.633266892093880578e-05
3.095790495448748065e-05 2.581683478634059329e-05 2.731913953571309654e-05 3.315948483573477064e-05 3.485078176960395435e-05 3.451499258295241684e-05 3.632700064530586378e-05 3.628981501155480378e-05 3.841835326530431506e-05 3.941982325595050151e-05 3.997766506654795601e-05 3.953573837663956178e-05 3.910425171599668970e-05 3.867759313282360034e-05 3.668540792137613994e-05 4.060535735730717930e-05 3.773748809676191626e-05 4.025878853534093190e-05 4.067723146038952772e-05 4.113203719130231636e-05 4.161468655037069760e-05 3.688942544658202233e-05 4.111261259409268974e-05 4.140523996389651896e-05 4.168923132920501182e-05 4.196255952304879945e-05 4.222675047081482410e-05 4.252906923358240761e-05 4.353011707007531188e-05 2.000679990673923605e-05 2.299569422153466500e-05 2.342056635662498855e-05 2.370859469560580667e-05 2.395920883789425573e-05 2.436101081289785157e-05 2.490260222162882342e-05 2.162311288785754247e-05
3.162557405249231881e-05 3.143335689677609134e-05 2.274195029172703072e-05 3.441656761238456815e-05 3.390679759636012336e-05 3.547762836355917586e-05 3.514616685329619960e-05 3.696432587329912336e-05 3.759904544552024162e-05 3.912914941255827135e-05 4.019583570166308068e-05 4.036925843602063657e-05 3.991285856807366472e-05 3.926908868811193484e-05 4.139166478668631564e-05 3.826561278981978277e-05 4.096142628305477704e-05 4.137286264527655099e-05 4.185454992622873673e-05 4.238668718352900345e-05 3.715047946276713882e-05 4.202674588023345233e-05 4.235013638937369169e-05 4.268540955953990313e-05 4.300166725635869738e-05 4.328258938770760810e-05 4.349949906827963396e-05 4.352304677260049863e-05 4.276634318300846316e-05 3.563001820567698608e-05 4.487788682549127421e-05 4.677548163861746939e-05 5.062243963387995724e-05 4.879705919615542431e-05 4.985500736888894924e-05 5.198393337371970386e-05 5.258023331082922839e-05
3.212766802917230245e-05 3.208337503900585038e-05 2.257493562766155329e-05 3.378437197255507342e-05 3.502298082608243965e-05 3.450131176150284462e-05 3.604049894324558621e-05 3.637314330851816130e-05 3.758007925277008688e-05 3.827726281931829652e-05 3.981436207929624183e-05 4.065198733122371035e-05 4.014413034134169708e-05 3.971844860898946921e-05 3.906577430502993739e-05 4.174994261805904335e-05 4.224950713925654835e-05 4.279096710004800857e-05 4.338344151267874718e-05 3.771151023745372704e-05 4.289815374830447433e-05 4.339060159919562698e-05 4.384604431299965368e-05 4.427341436807124219e-05 4.466263915747924911e-05 4.500509632613458258e-05 4.530339675513443936e-05 4.557699693270931673e-05 3.604332368750097699e-05 4.575398653912873690e-05 4.698081240656945383e-05 4.886068478908205738e-05 4.987883519587551183e-05 5.068991993206038043e-05 5.261418728049013538e-05 5.275540168897633757e-05 5.140728858006624009e-05
3.280205806376848988e-05 3.269570779644663381e-05 2.234765591561633399e-05 3.490572871747390149e-05 3.420283019309204906e-05 3.552398881425909569e-05 3.564410987027436353e-05 3.657085296640022627e-05 3.694771630682339646e-05 3.817280220900931705e-05 3.959961499013192436e-05 4.048551983589974529e-05 4.092523591974649893e-05 4.039107924076985672e-05 3.993122257991447505e-05 3.949414934896356696e-05 3.916335737580049970e-05 3.896351141636827855e-05 3.845108658234735213e-05 4.400106486358942197e-05 4.463434611089189298e-05 4.524694582164325512e-05 4.582878740399635726e-05 4.637138749355715947e-05 4.686316042412704827e-05 4.729816993470928945e-05 4.772152568620238559e-05 3.757879237790897210e-05 4.693383209710454352e-05 4.784748841937095824e-05 5.007621656311535415e-05 5.118384369119337979e-05 5.199543560731886507e-05 5.217741978815878878e-05 5.075597139687770137e-05 5.191188850301076710e-05 5.190107695923443936e-05
3.322702346992827019e-05 3.351363515581868972e-05 2.221926641436687406e-05 3.421908491706120842e-05 3.527969612808461847e-05 3.526938715302893899e-05 3.599163771841113379e-05 3.613954813047581658e-05 3.707852518498356859e-05 3.819931151844267888e-05 3.876017818311727645e-05 4.020093990409009282e-05 4.117557950050487216e-05 4.117462973584606607e-05 4.059650612141829673e-05 4.009334497985727285e-05 3.969963480578367755e-05 3.942835225722850245e-05 3.928308821701513050e-05 3.907016339406869172e-05 3.894872623023138818e-05 3.889341489654028929e-05 3.889914375258731599e-05 3.896931258157984779e-05 3.911748681024785929e-05 3.939092814256419582e-05 3.912305606354822454e-05 4.885415505920483235e-05 4.963351387549538944e-05 5.052137015703020320e-05 4.986824046049965407e-05 4.908255136530752509e-05 4.813907166138769463e-05 5.141286287050662873e-05 5.123893992213776117e-05 4.771157255683492192e-05 4.814134896575004665e-05
3.358871885926983746e-05 3.424837265565888934e-05 2.217507615989461767e-05 3.520919309603409085e-05 3.510065494063538194e-05 3.571352053040616762e-05 3.572020948970313541e-05 3.643658176729793185e-05 3.729208309748689395e-05 3.757059975117914107e-05 3.872009133048173323e-05 3.936735223242233121e-05 4.084754456610681161e-05 4.144918890120622351e-05 4.079352094833426224e-05 4.020363596677327010e-05 3.972980114130891729e-05 3.937480146132272255e-05 3.911919551004655696e-05 3.891939565034435332e-05 3.879371886971876319e-05 3.874138029971970143e-05 3.876344704928199383e-05 3.886637726510750400e-05 3.906306015042334715e-05 3.937262707786816265e-05 3.981295225452348207e-05 4.003064701295838890e-05 4.041127371573219150e-05 4.052756856951543685e-05 3.994017792554075633e-05 5.065384472352907878e-05 5.088619644495773355e-05 4.579310965135790606e-05 4.875235045381075695e-05 4.870111756377726937e-05 4.674190658944281840e-05
3.364931147749522023e-05 3.456470206939725698e-05 2.237426117547530968e-05 3.507616991110006966e-05 3.561340788466570568e-05 3.558102534897095257e-05 3.614029869937593255e-05 3.678373080521772274e-05 3.684723891765136390e-05 3.772061628547968476e-05 3.805776532736497060e-05 3.925288897975037105e-05 4.066000690543006518e-05 4.157745301920511450e-05 4.166137762546084206e-05 4.098734445308086448e-05 4.041525681326038714e-05 3.995974274231477679e-05 3.960875089584814975e-05 3.934392284883757605e-05 3.915951572543108580e-05 3.905202199901407228e-05 3.902176324109646820e-05 3.907409107421136311e-05 3.921923159331302720e-05 3.946550217861465309e-05 3.979158770867990508e-05 3.984608205510979515e-05 3.948556421011669549e-05 4.955847628602708609e-05 4.974160010007387130e-05 3.757353885269036766e-05 4.837357730139695287e-05 4.858677389941042882e-05 4.375588414485616807e-05 4.539301400828854490e-05 4.777484837688299342e-05
3.373599237783685584e-05 3.152020817008898502e-05 2.312194392792977818e-05 3.551339827220075868e-05 3.568228781511219891e-05 3.612915183504175143e-05 3.658874415373495991e-05 3.648354147525952366e-05 3.712649956105328747e-05 3.722497097948193894e-05 3.813222957169809106e-05 3.924259617034177316e-05 3.983700904318867469e-05 4.132872501057290710e-05 4.197663524558050937e-05 4.193654139842670675e-05 4.125460682687222085e-05 4.069213329802003813e-05 4.023969061843585770e-05 3.988293037597292698e-05 3.960989656972734778e-05 3.941234045390732272e-05 3.928655468644073689e-05 3.923528373138154916e-05 3.927492298853156886e-05 3.945800250386672996e-05 3.939379721370398055e-05 4.853627696418491458e-05 4.864181416141281157e-05 3.756298364515335705e-05 4.744691605046246060e-05 4.976174710803561366e-05 3.643838723348076037e-05 4.690028106573161025e-05 4.737032897805634648e-05 4.283127778222475709e-05 2.075377855019206784e-05
3.342309274353489945e-05 2.891878028411019226e-05 2.221424329835832204e-05 3.674897880015206886e-05 3.651758693566709067e-05 3.665766362320106741e-05 3.639039918915860531e-05 3.683921391460861253e-05 3.675787994918832427e-05 3.742585926310195013e-05 3.826095930016406123e-05 3.854662563002444407e-05 3.972190693047907538e-05 4.110362028441999461e-05 4.221978657492099079e-05 4.161909763433759501e-05 4.084727684144364660e-05 4.021102505319263922e-05 3.970094851793857285e-05 3.929696714379897054e-05 3.897800577618941431e-05 3.872717563920160508e-05 3.853033181904938850e-05 3.837358171741938565e-05 3.823580179334154142e-05 3.807780697490238908e-05 3.781202534121782909e-05 3.429699228298220689e-05 4.604973852344258133e-05 4.908418846813331131e-05 3.651467577230275009e-05 4.590685030901702884e-05 4.771049420153425125e-05 3.592152251710571833e-05 4.634817102332025211e-05 4.726770021866296626e-05 2.316520635701543868e-05
3.457182233434585947e-05 2.099444213101992534e-05 4.344481819130400092e-05 3.659778297734378363e-05 3.679951097812591187e-05 3.645851026942054411e-05 3.676413185789031117e-05 3.655198092975686522e-05 3.703118240489466050e-05 3.764214008713251684e-05 3.768485275887977306e-05 3.853301617128601560e-05 3.949504043790018733e-05 3.982560538101152076e-05 4.225826730794597489e-05 4.260675306435523721e-05 4.255897336913534880e-05 4.179840958646703294e-05 4.116089721686074909e-05 4.062222601619437201e-05 4.016517523191296351e-05 3.977356980571813261e-05 3.943139474788676519e-05 3.911989090122527897e-05 3.881336364107394748e-05 3.847181548555111437e-05 3.803218103879484714e-05 3.736745552352890750e-05 3.190748729109600147e-05 3.152030380862428429e-05 4.675989492302129913e-05 3.608374052501146220e-05 4.435272381656542556e-05 4.609026719763200872e-05 3.577916220613094357e-05 4.663321134934616516e-05 2.215095334421550416e-05
3.273210229680134425e-05 2.162955379266315783e-05 3.669845843923597484e-05 3.686846201946217152e-05 3.657001054495107891e-05 3.681095889554851660e-05 3.651963750615844559e-05 3.685709521240220838e-05 3.729547346820926085e-05 3.716519058741385288e-05 3.776723511308140797e-05 3.845193158180201689e-05 3.853680131179346093e-05 4.056826063742214201e-05 4.203871004274137253e-05 4.278083575513674141e-05 4.215440600660538709e-05 4.134208296931058546e-05 4.065117118471510605e-05 4.006493375379376287e-05 3.956467187925703994e-05 3.913259968237150680e-05 3.875251621100219806e-05 3.840971165541821371e-05 3.808939806015580162e-05 3.777693524907946038e-05 3.746283222475699150e-05 3.715992406430010950e-05 3.694488538479419126e-05 3.606843088877065550e-05 2.930173254085942255e-05 2.957512623920822861e-05 2.870716900803506674e-05 2.920722170406214217e-05 2.985117063739885665e-05 2.213530664406017113e-05 5.109894246492592340e-05
3.540507400155712414e-05 2.167468326222139814e-05 3.701315906084252005e-05 3.669458432552320033e-05 3.692470152346975472e-05 3.659968934429414395e-05 3.683434639952167672e-05 3.714131056976800494e-05 3.689063842864273677e-05 3.731279886399938391e-05 3.779661139879589163e-05 3.771070063794074119e-05 3.937301960582558657e-05 4.045392617741157954e-05 4.183852789542259428e-05 4.273647209671974789e-05 4.259522227882844202e-05 4.321084744616063056e-05 4.238936403218477792e-05 4.166576019915335048e-05 4.102537465613506938e-05 4.045744365589233355e-05 3.995281738218661353e-05 3.950449208041153371e-05 3.910707733627981933e-05 3.875868416757184324e-05 3.846429145357173595e-05 3.823783415619976157e-05 3.809869229504361170e-05 3.803491641115650223e-05 3.841237127052555791e-05 3.862641670633269449e-05 3.879169755377049830e-05 3.879937956535780809e-05 3.865148696984359956e-05 2.409751633998288874e-05 5.323176644023267678e-05
3.584142831980505689e-05 2.178656666919106440e-05 3.698494536985109054e-05 3.711487764820821551e-05 3.677395330073394069e-05 3.692493007188548212e-05 3.712313444500038356e-05 3.678440598026687277e-05 3.707329550572606533e-05 3.741094360417438689e-05 3.720510477300937414e-05 3.855372770538146964e-05 3.933594693698894715e-05 4.034848110793740479e-05 4.088045313419120901e-05 4.256943816570462518e-05 4.342579055011447820e-05 4.210529272998734233e-05 4.122770480621041386e-05 4.046503553973632822e-05 3.980715806010475227e-05 3.923713111615674743e-05 3.874195031071796946e-05 3.831295990344193151e-05 3.794669820962204168e-05 3.764629373498036124e-05 3.742548926710010949e-05 3.730838064541163016e-05 3.733809098602967847e-05 3.743565575910163873e-05 3.760008064855057427e-05 3.770104646952607974e-05 3.765791594654890862e-05 3.729970539774476947e-05 3.638022113288459403e-05 2.129094118703362483e-05 5.094256626496634216e-05
3.628886429206960369e-05 2.193477662987807359e-05 3.751748111451274487e-05 3.708573940008942242e-05 3.713487793809024226e-05 3.721287103979034654e-05 3.679326776821203408e-05 3.697616246393842698e-05 3.720561409616264081e-05 3.691916872676619799e-05 3.802162249014334885e-05 3.858781212794197828e-05 3.931474049465213786e-05 3.951987653737361431e-05 4.080581876361869854e-05 4.245024193596635270e-05 4.356726177888182701e-05 4.311257676817194256e-05 4.218708869014720070e-05 4.134780858719042470e-05 4.060621728302669193e-05 3.995152788229278665e-05 3.937362665918380412e-05 3.886449403464294002e-05 3.841826791729606580e-05 3.803268249495265406e-05 3.772627060749630175e-05 3.751156324894836414e-05 3.774361103199817970e-05 3.791749201200210673e-05 3.806517318441528366e-05 3.823231581794201155e-05 3.844753088010663226e-05 3.884310020350353567e-05 3.926395713387226765e-05 5.278023997273861324e-05 2.344270160782851981e-05
