output_new_topo_ddd_4/finaltopo_bedrock__elevation.asc
ncols 300
nrows 100
xllcorner 0.0
yllcorner 0.0
cellsize 10.0
[rows 68 to 84 of 100, columns 259 to 295 of 300]
8.372143116107282879e+01 8.330194143292395381e+01 8.240755195801018829e+01 8.109255696275829450e+01 7.946192382329880388e+01 7.761019869101548352e+01 7.555356458031357647e+01 7.337088986575734850e+01 7.113169458180324511e+01 6.884081636293238660e+01 6.656476561842193007e+01 6.441694986767609521e+01 6.235617712258107304e+01 6.028671046111640663e+01 6.100323767776003336e+01 6.358412192524571793e+01 6.599546449018951932e+01 6.824430189954307480e+01 7.021181943756785415e+01 7.221156457859780176e+01 7.403842266562558905e+01 7.560895271240615045e+01 7.681231538571309159e+01 7.749935121508688951e+01 7.746006899976602256e+01 7.663752415277386376e+01 7.515016427238062136e+01 7.314968432115186658e+01 7.084101599162826801e+01 6.795296949206539239e+01 6.472091469688378140e+01 6.121711814299004573e+01 5.751504547470995021e+01 5.367601870290789634e+01 4.974480701849527975e+01 4.576170562355326155e+01 4.176360620874672946e+01
8.294788538733925520e+01 8.230015525276267851e+01 8.119465665447037850e+01 7.973875775598953908e+01 7.796146021684425875e+01 7.595344838124071885e+01 7.379441732657356567e+01 7.149026531480410540e+01 6.911036625217043650e+01 6.671745291854425375e+01 6.432151186501204165e+01 6.202282260387227808e+01 6.002440346982330510e+01 5.818078304591100647e+01 6.045433600912266314e+01 6.268986577358636936e+01 6.481367591834772668e+01 6.676912748104577133e+01 6.882065463835722596e+01 7.078999240980591878e+01 7.261730911081110662e+01 7.421046244812771420e+01 7.545471732156917710e+01 7.619772304589311318e+01 7.622114814228505963e+01 7.544981018882295132e+01 7.398006543929218992e+01 7.196195535260845588e+01 6.955973612637643555e+01 6.702562733193781241e+01 6.400112983941835409e+01 6.059366701685691936e+01 5.697625771493567726e+01 5.319739611842602045e+01 4.928677785895560248e+01 4.527248751630442314e+01 4.119703527944940902e+01
8.202914677564238843e+01 8.121132847938784494e+01 7.994602321108055776e+01 7.832643994809140509e+01 7.644254417365102938e+01 7.431012254047799104e+01 7.201025862466026695e+01 6.961176834771777067e+01 6.711194730459520486e+01 6.456791374486606117e+01 6.202946704745878037e+01 5.951057891561799806e+01 5.724933886700343777e+01 5.645443038553559489e+01 5.906800471882181114e+01 6.121491093074865830e+01 6.315397654692541352e+01 6.521315084242947080e+01 6.725300093654863076e+01 6.923489403971099421e+01 7.108692885608670053e+01 7.271760746658246433e+01 7.401136203363886068e+01 7.481465885513671310e+01 7.490333672743210514e+01 7.419105936845572558e+01 7.272311841872925697e+01 7.065745715034644547e+01 6.815660687669654294e+01 6.537832351263867281e+01 6.256471454762016293e+01 5.944689869366415991e+01 5.602007242375536578e+01 5.237950235948853361e+01 4.856505038353517278e+01 4.455197031866644863e+01 4.047421022999779439e+01
8.100622025299081486e+01 8.002127155904699407e+01 7.865229365218338842e+01 7.691580258609165810e+01 7.489609405947307152e+01 7.267454094803993314e+01 7.026133780904196158e+01 6.773037633684202774e+01 6.514089675135818425e+01 6.247936681151674776e+01 5.977767437980941168e+01 5.702220986846751316e+01 5.395132266638196938e+01 5.574942699567318272e+01 5.757041409566387813e+01 5.940411884660492348e+01 6.141591033404834121e+01 6.346770914329781021e+01 6.553234620797134369e+01 6.755037775223890151e+01 6.944608465240165174e+01 7.112731475577241724e+01 7.247901048948027380e+01 7.334817333279963236e+01 7.350111736867602019e+01 7.289610325926804535e+01 7.142206790997079224e+01 6.930034877965468354e+01 6.668409777285042139e+01 6.373681959054167834e+01 6.060531197410757898e+01 5.750819327996559593e+01 5.416032579546227765e+01 5.058606824391569745e+01 4.690025328070595378e+01 4.322255010024591826e+01 3.933097088351453863e+01
7.986405773234956484e+01 7.877987541356822021e+01 7.730348829162944924e+01 7.550314539428082128e+01 7.338639246683021611e+01 7.104005145684341471e+01 6.854286659747729971e+01 6.590225205403793041e+01 6.318732110652946687e+01 6.045093658751236632e+01 5.767205169811958854e+01 5.485834533271580682e+01 5.188960912673758230e+01 5.385025395020956296e+01 5.557762368886597670e+01 5.747267559340617282e+01 5.946824457555482013e+01 6.155289889953569116e+01 6.366907244352879047e+01 6.574485047543289795e+01 6.769978342732878218e+01 6.944177682101727100e+01 7.085852506253569061e+01 7.180219811563524956e+01 7.203367137517481922e+01 7.154596008696616138e+01 7.013299430517993471e+01 6.795534600409978054e+01 6.521758563858961111e+01 6.209185180925211256e+01 5.873454185467904409e+01 5.526908980034887264e+01 5.188100009001603041e+01 4.829628908477742755e+01 4.460014402701916225e+01 4.089467210913800699e+01 3.726081746673531114e+01
7.859160487015215324e+01 7.747110099272811112e+01 7.595723014754427993e+01 7.408905099760228552e+01 7.191669967594950208e+01 6.947226377269601016e+01 6.684897297006303063e+01 6.411949770078284416e+01 6.129235651856969014e+01 5.844012843994862294e+01 5.561867675192461746e+01 5.283781428611383291e+01 5.001404625328481757e+01 5.177885809671705175e+01 5.346225231884854168e+01 5.529217086724329278e+01 5.732211498395056992e+01 5.948106105667629606e+01 6.167936633176569217e+01 6.383243483109365712e+01 6.585774746659890866e+01 6.766601452532106009e+01 6.915033317306615857e+01 7.017226499799025419e+01 7.052258851692553776e+01 7.015644391842940308e+01 6.884923278574466110e+01 6.671628176473659266e+01 6.382826752479943622e+01 6.050162904836790290e+01 5.691323101667943973e+01 5.318761558465252648e+01 4.940317096599073921e+01 4.563262136465841223e+01 4.187855070848367234e+01 3.817085971286935120e+01 3.455682936489461810e+01
7.717446521657117842e+01 7.607958822192001946e+01 7.459784798649086213e+01 7.275897318227599442e+01 7.049203726874334563e+01 6.796376567620012565e+01 6.522834444515781627e+01 6.235795912608599423e+01 5.941486645684742740e+01 5.644364001036620238e+01 5.350087463308368285e+01 5.065955961942211871e+01 4.827262829151595014e+01 4.960984894062654149e+01 5.100393304458481936e+01 5.284245347932742476e+01 5.499194447786845785e+01 5.728012605543359115e+01 5.958996293548337064e+01 6.183357291142294798e+01 6.393335599899024402e+01 6.580695810344916197e+01 6.735503580284357383e+01 6.843900916723470118e+01 6.898123869277397091e+01 6.873809228335056787e+01 6.757565895690694902e+01 6.567942022779944011e+01 6.324464131061418470e+01 6.013835066113440320e+01 5.668911278885224903e+01 5.305482335075087974e+01 4.932615068322272833e+01 4.555716659421077708e+01 4.177527532022195089e+01 3.799832336981541658e+01 3.422734035499960470e+01
7.560661776362262287e+01 7.457646463202638643e+01 7.318305654473148536e+01 7.148763010978227328e+01 6.961645483210973850e+01 6.735677064810536763e+01 6.481601599702780447e+01 6.209874471404037166e+01 5.925926571337559068e+01 5.632958837489648829e+01 5.332031775385443240e+01 5.018601463922933448e+01 4.666545552957347809e+01 4.708358207803521367e+01 4.803172169853861817e+01 5.015229852322170956e+01 5.253528143348049895e+01 5.500173412935362194e+01 5.743851803558521851e+01 5.977302140318632695e+01 6.194157912285860590e+01 6.387275833216218501e+01 6.545747745858517419e+01 6.669089084579367466e+01 6.740484591712926488e+01 6.725838390531808386e+01 6.623709000933475011e+01 6.448114197179369000e+01 6.213231107046777879e+01 5.941435538862305066e+01 5.607601696807394376e+01 5.254003646300888164e+01 4.887216964989530510e+01 4.512071664796152248e+01 4.132192830016899876e+01 3.750132212529575071e+01 3.367606866803963328e+01
7.379360042333584602e+01 7.294185864447490530e+01 7.163922876983539823e+01 7.004000007883784917e+01 6.820241969785182334e+01 6.625195585906936913e+01 6.401901520546628888e+01 6.148852634727836630e+01 5.879312944409379327e+01 5.595908806014650594e+01 5.302116965429584639e+01 5.000430365332213256e+01 4.696347257641416917e+01 4.402472419931353897e+01 4.482168468447894583e+01 4.736471243869378611e+01 5.006263715089988864e+01 5.271614589642264548e+01 5.526634771149111458e+01 5.767413203365256180e+01 5.989482701476109838e+01 6.184596147311677328e+01 6.356707621366177818e+01 6.495059535289294672e+01 6.572411502247123849e+01 6.569038072350716106e+01 6.482929265173142142e+01 6.321492962026552931e+01 6.095823337260789287e+01 5.812236650596742749e+01 5.501552719683363080e+01 5.163324542646875415e+01 4.805909033053981005e+01 4.435424997397568347e+01 4.056424984373126819e+01 3.672380843322365251e+01 3.286117043348668432e+01
7.171958272129343470e+01 7.111885913816531968e+01 6.996481264832402758e+01 6.845285456855502559e+01 6.669383210612501500e+01 6.474742928569014566e+01 6.273735178910123977e+01 6.053158717471723804e+01 5.804300374101966042e+01 5.533419860842391103e+01 5.250160674666593508e+01 4.958242902189484624e+01 4.664379014728805117e+01 4.380576422011104398e+01 4.133378942342619666e+01 4.474413984159665603e+01 4.771031175635864940e+01 5.048699825794130192e+01 5.310357057316865337e+01 5.555069391765331943e+01 5.777391080423768699e+01 5.984334641670330512e+01 6.169330767421781303e+01 6.310315268547836354e+01 6.394356888396223582e+01 6.398890697780592518e+01 6.336081980591695384e+01 6.189288576770388062e+01 5.988642382354186111e+01 5.751941291286642866e+01 5.455597103674670478e+01 5.126412065872522561e+01 4.773474666309703451e+01 4.403664310307995322e+01 4.022055781851548062e+01 3.632440493276202886e+01 3.237725128044798595e+01
6.942096833668246347e+01 6.902845664833442640e+01 6.811952988869444425e+01 6.674502246482062162e+01 6.504987390877694509e+01 6.314534591332289182e+01 6.108842018570980770e+01 5.899723489126581200e+01 5.673935253996708639e+01 5.428339671045618786e+01 5.159537874865834794e+01 4.875226985557664250e+01 4.578209856783748677e+01 4.269813192246190425e+01 3.932715184561990185e+01 4.257510682382527989e+01 4.554332016747619605e+01 4.833319156306234277e+01 5.095463363632008225e+01 5.337649576090875314e+01 5.569081126556660166e+01 5.786481836936756196e+01 5.971775884483546548e+01 6.116422632224682587e+01 6.205412102607188274e+01 6.216326351866359090e+01 6.171771279022299694e+01 6.045895866918503003e+01 5.856609878030393901e+01 5.626340478278396517e+01 5.373210016066461492e+01 5.058058454596067577e+01 4.713445670850324376e+01 4.347524760131408783e+01 3.966071964742562983e+01 3.573221074725031343e+01 3.171780548885844198e+01
6.690533955503423158e+01 6.667539091754817093e+01 6.606730976532529098e+01 6.489592774562292732e+01 6.330808200820848697e+01 6.143483788612088858e+01 5.937931836150848142e+01 5.719289367324522289e+01 5.498941076728534227e+01 5.262442080079195250e+01 5.005663975993939374e+01 4.724998251938038862e+01 4.424687771788302371e+01 4.103541505195867956e+01 3.748097166965246885e+01 4.059205763384647980e+01 4.348562527018441415e+01 4.622166725634818363e+01 4.877426219847769318e+01 5.124682579324633025e+01 5.363387442827675500e+01 5.578853837228353996e+01 5.765621114710095441e+01 5.912546159482179320e+01 6.004160748241076817e+01 6.019274262079328963e+01 5.990782194804608451e+01 5.884614188451805461e+01 5.712156582922482784e+01 5.487571179237821895e+01 5.229848182434046322e+01 4.958672910978710036e+01 4.626386842062611038e+01 4.268639778863045819e+01 3.891781865950159869e+01 3.500704626291715726e+01 3.097412355179289634e+01
6.419838257083421240e+01 6.411359509696031012e+01 6.371554706490219644e+01 6.290999703838772916e+01 6.145654765553855015e+01 5.966357675743807221e+01 5.760943738482433929e+01 5.538991580742499821e+01 5.305123717296297770e+01 5.070005731644897651e+01 4.818295882132886021e+01 4.545221635200508103e+01 4.246463425303500117e+01 3.923795764610198944e+01 3.566303692970997474e+01 3.867370308600221307e+01 4.146513494072141981e+01 4.408190704165095042e+01 4.663192189987991298e+01 4.913480438537677486e+01 5.147592236986212555e+01 5.362531475103912015e+01 5.550105277483004329e+01 5.698537189643390377e+01 5.788605962781002745e+01 5.806151300439410079e+01 5.789277142153182609e+01 5.711340735510108146e+01 5.551308229728331156e+01 5.339967729074675873e+01 5.083338928029771608e+01 4.791035057229257177e+01 4.463322862889332043e+01 4.103615054978261156e+01 3.722694615228484594e+01 3.328077405938565647e+01 2.925996226912034359e+01
6.132369398369277036e+01 6.136807539258089861e+01 6.116217514346932660e+01 6.063737561884002503e+01 5.950603179321915093e+01 5.782518020534683956e+01 5.582978021577162053e+01 5.358860142189764275e+01 5.119054053338376775e+01 4.867971727398658288e+01 4.615812813674721582e+01 4.346950887051016821e+01 4.056317694080754421e+01 3.738925941993149138e+01 3.386925634332962431e+01 3.677445744796641236e+01 3.940689959596792136e+01 4.195864921517565449e+01 4.448373840533283641e+01 4.690591814522630187e+01 4.921847925458702377e+01 5.136250030881218720e+01 5.324717594016473754e+01 5.477281110341861847e+01 5.555530348858512468e+01 5.577183524351782040e+01 5.571843787841725515e+01 5.516837244451092204e+01 5.380382864061888171e+01 5.179895614022836270e+01 4.936856941511507557e+01 4.659919722862959901e+01 4.378945809713932391e+01 4.030567352369875067e+01 3.656879344515224517e+01 3.266342274551052327e+01 2.865082771065611666e+01
5.830343307457359714e+01 5.845928262970909373e+01 5.841770796910713415e+01 5.811460503912538655e+01 5.736509473452225194e+01 5.592653000058931667e+01 5.403495322325512262e+01 5.183959616243627266e+01 4.940022234794944467e+01 4.680655855577216329e+01 4.411141211808444496e+01 4.141793251271067078e+01 3.857435261306581253e+01 3.552490807835829401e+01 3.211660592857197116e+01 3.484746416126503021e+01 3.733976999002917552e+01 3.979021054956948689e+01 4.218566104840635944e+01 4.454943079730384170e+01 4.684245979509210400e+01 4.899102494009234476e+01 5.091657678590612335e+01 5.237695805602590582e+01 5.309181456980977032e+01 5.333424603043048506e+01 5.338449875499183861e+01 5.304168454073899852e+01 5.192074793027467905e+01 5.011752372504582098e+01 4.776458650891924407e+01 4.505272034341540177e+01 4.205702819071426291e+01 3.912996195153510115e+01 3.549549389323288295e+01 3.165842005202922493e+01 2.768940030376161587e+01
5.515933829287511259e+01 5.540808662915883787e+01 5.550817096721220878e+01 5.540699092932347725e+01 5.496196980231095353e+01 5.388247833641897699e+01 5.222923925176246485e+01 5.014022689341619099e+01 4.773129790572306774e+01 4.506087213264585500e+01 4.225272475529312288e+01 3.937323538171989412e+01 3.653372522688587054e+01 3.361140435277455651e+01 3.042932697222420657e+01 3.291132019002137810e+01 3.517207988852994305e+01 3.741373822092148771e+01 3.970885580915886237e+01 4.203816008053793496e+01 4.433649259024181788e+01 4.653224116053073089e+01 4.841369464844289894e+01 4.984448216625064276e+01 5.049605169667779592e+01 5.075576607543288077e+01 5.089262397515457792e+01 5.070629633347734000e+01 4.992805935511321991e+01 4.829700236470573316e+01 4.611389506829142704e+01 4.341894515894244932e+01 4.037555642102368125e+01 3.709168076991664265e+01 3.401298845483570688e+01 3.027317231867910152e+01 2.642580810794685675e+01
5.191147174704060774e+01 5.223462741570475742e+01 5.245157498315615641e+01 5.251985028399906952e+01 5.230918666667322725e+01 5.165009652531789897e+01 5.032352473665238080e+01 4.848944758116708442e+01 4.620963924368442122e+01 4.347970061534081054e+01 4.053680966545217501e+01 3.749731206687840768e+01 3.444391922245130644e+01 3.147604634222778941e+01 2.885489121735935925e+01 3.079343086227061832e+01 3.268871700232189426e+01 3.476665932732423414e+01 3.701274083594005049e+01 3.935892529269057860e+01 4.172427319587676209e+01 4.390483128392914836e+01 4.578117414688348674e+01 4.718440840614037768e+01 4.777484601817882748e+01 4.804646811747468149e+01 4.825834376426131200e+01 4.822005754790511389e+01 4.771213631786724818e+01 4.640351173346149949e+01 4.438414301252700511e+01 4.183681376056973278e+01 3.867219881985569430e+01 3.521290164372700104e+01 3.154116079280825957e+01 2.783707802116987651e+01 2.406066574828629001e+01
