output_new_topo_ddd_4/finaltopo_soil__depth.asc
ncols 300
nrows 100
xllcorner 0.0
yllcorner 0.0
cellsize 10.0
[rows 68 to 84 of 100, columns 148 to 184 of 300]
8.143247870899260332e-02 7.528149629087427241e-02 7.929418097200716109e-02 8.894825928590399666e-02 9.349901122648807128e-02 9.748709961162266291e-02 9.978905065466905921e-02 1.013680463381360086e-01 1.031365620553991169e-01 1.035355523672785716e-01 9.033398454017160795e-02 1.494083722857090790e-01 8.456616364690432153e-02 8.537021976773778720e-02 8.654576715711403967e-02 8.742208196321925306e-02 8.791913181210181394e-02 8.873497813391804934e-02 9.660297087977541552e-02 9.434741258433637645e-02 8.995868940423383531e-02 8.619088987615709796e-02 8.888549147473245871e-02 9.559865744855973457e-02 1.055371773102348754e-01 8.495071924066981139e-02 8.857136643361675221e-02 9.144660166775192556e-02 9.383704514301427491e-02 9.586093196629580371e-02 9.755568759138809332e-02 9.894562017947425292e-02 1.000456356107222028e-01 1.008532308353337764e-01 1.013452623018585713e-01 1.014932104894653159e-01 1.129722078630489845e-01
7.850230181763391546e-02 7.478766050048675507e-02 8.138457409276908527e-02 8.989035471431280899e-02 9.404908814415247065e-02 9.770852435481976184e-02 9.984280279838184113e-02 1.014428939697099852e-01 1.037185889254572668e-01 1.042316467982027650e-01 9.400706637217437489e-02 1.580527849682281660e-01 1.124919781012264225e-01 1.104830005026407325e-01 1.086602865300550225e-01 1.066914036245436015e-01 1.044663557310413354e-01 1.019373850707629425e-01 9.440945903361112890e-02 9.065557309020444432e-02 8.775650529718809212e-02 8.402798775639262752e-02 8.870739145523132141e-02 9.528244451633714751e-02 1.055062377902304532e-01 8.314726338914361914e-02 8.656974953151744256e-02 8.956485542653286336e-02 9.210374627709136397e-02 9.434927249728428111e-02 9.625465220782458697e-02 9.782376578844950710e-02 9.906773187184497731e-02 9.998156667775025264e-02 1.005301796687009253e-01 1.006468373587625087e-01 1.002408504507031478e-01
7.821713643018567141e-02 7.418401070330693514e-02 8.306225348199532121e-02 9.070855535452410079e-02 9.450653480330675760e-02 9.786526847787309358e-02 9.977492670871244973e-02 1.011084634702439922e-01 1.043552654155223830e-01 1.030443859149521996e-01 1.465257532927922435e-01 9.680710281417528873e-02 9.471931683787992995e-02 9.347245215518523720e-02 9.182686839480250218e-02 8.994573947922109014e-02 8.769784396346852473e-02 8.476844352204740418e-02 9.120083558687397396e-02 8.879425172321009363e-02 8.322639345390572818e-02 8.448482849557156782e-02 8.861353980373670725e-02 9.513621735137023361e-02 1.056166908636835544e-01 8.393446277027805102e-02 8.204252036864269348e-02 8.760018030598384908e-02 9.018990339339434670e-02 9.280027651085188956e-02 9.498803383749761242e-02 9.678030857919216190e-02 9.820532568157003261e-02 9.926987125112396448e-02 9.993999632786793041e-02 1.001301276044765931e-01 9.970813460732944056e-02
7.777619420818129847e-02 7.350395661420981719e-02 8.448866956330342015e-02 9.142968881642016266e-02 9.488450907429160641e-02 9.795384686835875709e-02 9.955951123980856521e-02 9.984475575276260950e-02 1.060710251636862722e-01 1.048053172008454048e-01 1.572123853073879862e-01 9.721143426744796590e-02 9.400672482975422350e-02 9.156839164088070859e-02 8.928578498202593972e-02 8.678185122246365180e-02 8.362908237973366854e-02 9.215393979219664577e-02 8.960193759064226382e-02 8.498291679132349841e-02 8.101587022728451437e-02 8.477414751779499547e-02 8.863219242828539179e-02 9.514554984465584120e-02 1.058723047789526667e-01 8.450273366984260848e-02 8.002508279019354687e-02 8.355088577252858806e-02 8.785677753821471980e-02 9.032391772910607075e-02 9.944883905990684059e-02 1.068217155354053705e-01 1.127951249038605941e-01 1.174949400023900803e-01 1.209502887704034385e-01 1.231049403126720093e-01 1.239387271030046728e-01
7.722006892665272959e-02 7.275024291417990507e-02 8.576437150019476652e-02 9.206579893848623741e-02 9.517083398757619772e-02 9.797534515441121139e-02 9.966184256919809192e-02 7.660699774672272144e-02 1.145552601077521049e-01 1.571211272119641678e-01 1.042517182313869722e-01 1.060788876785989515e-01 1.055871655518738905e-01 1.043830553943316808e-01 1.027906659990048266e-01 1.007973722609501466e-01 9.827491529972445794e-02 9.000286073066972314e-02 8.584094886927039203e-02 8.045852479265434842e-02 8.185510702171398811e-02 8.508900845260752854e-02 8.879233723123014510e-02 9.529497932110278513e-02 1.062444954384955259e-01 8.505578607964739413e-02 7.861817156195888279e-02 8.172977997014252427e-02 8.445271335191141537e-02 8.800344388301306608e-02 7.913529242695792332e-02 8.251914714488652047e-02 8.495152699785130102e-02 8.670491401027427547e-02 8.783850159570466554e-02 8.839629007171802277e-02 8.825452245049539290e-02
7.661698256466070722e-02 7.219502495538764053e-02 8.694779175584545217e-02 9.260999114214402139e-02 9.533087285810676326e-02 9.777041469316435918e-02 9.903039319836377807e-02 7.784732585820897111e-02 1.483782229663984376e-01 9.458024897381749063e-02 9.328833335391299719e-02 9.285432004899739356e-02 9.148160841494060169e-02 8.954508841922766138e-02 8.716499180033628058e-02 8.427903284064353073e-02 8.068617603977119856e-02 8.635365910750820995e-02 8.212046173433179552e-02 7.851663257075010283e-02 8.263324147668388298e-02 8.557206990856085216e-02 8.910896353873064279e-02 9.556502684113116208e-02 1.066787071563588402e-01 8.559452013546704763e-02 8.005773904590195167e-02 7.734395789151550515e-02 8.297681736851951484e-02 8.525940693729074094e-02 8.840846940011690136e-02 7.734958370782413217e-02 8.071346118701105965e-02 8.331297839998229315e-02 8.531223279134191040e-02 8.686339530776988893e-02 8.809852504028341247e-02
7.188191530968178478e-02 7.544285307779136085e-02 8.798037721909768294e-02 9.304110218371934582e-02 9.538129637109080128e-02 9.748586130048592091e-02 9.881929798511018825e-02 8.216459121144352451e-02 1.581979674603923303e-01 9.599726144604026068e-02 9.316642251253177964e-02 9.098563419539380803e-02 8.876439220616361148e-02 8.625120160957640281e-02 8.327470401724790250e-02 7.952248736830128117e-02 8.683942052619934848e-02 8.313345413074471613e-02 7.764821443237253373e-02 7.981809154519686755e-02 8.339371272244550104e-02 8.615061716169465644e-02 8.953799774782378318e-02 9.593058568745713166e-02 1.071601308818712073e-01 8.613114794782461558e-02 8.115420634981060366e-02 7.594813446568979276e-02 7.940192010911389930e-02 8.417916482246508292e-02 8.624992807680878504e-02 8.934707551690043714e-02 7.613061844256921451e-02 7.575316064537714056e-02 7.932864737495311236e-02 8.211437033513512007e-02 8.429004501525620696e-02
7.126359648872683528e-02 7.796627204712909542e-02 8.898040291378932209e-02 9.335757311790050805e-02 9.532037750312234714e-02 9.701553377624912156e-02 9.647786878088389362e-02 1.438565211151835443e-01 9.104968397231555377e-02 9.118286375201115068e-02 9.004459978195863967e-02 8.799654541634685523e-02 8.544277707402650468e-02 8.242030408562170396e-02 7.869735958283916033e-02 8.780674131156897266e-02 8.385025499865328413e-02 7.931908038618691592e-02 7.639885409987152987e-02 8.098572682834270786e-02 8.418387068475563506e-02 8.678357930506810924e-02 9.003610535278441795e-02 9.636981157001972553e-02 1.077093323653871421e-01 8.660341486798328603e-02 8.203366177461932085e-02 7.767370171141907420e-02 7.510061511980384297e-02 8.113711570208077817e-02 8.546890048989858046e-02 8.745265045755354349e-02 9.053785614251147473e-02 7.884888627182748411e-02 7.467739855448721209e-02 7.439462787216263862e-02 7.859582082733646002e-02
7.077975691477668418e-02 8.023797831823945015e-02 9.001319182573180866e-02 9.348565560004390429e-02 9.515386134891215542e-02 9.705572013004350185e-02 9.786507256658451281e-02 1.585187074926492079e-01 1.083181495398810590e-01 1.059376523255600167e-01 1.040283352145631723e-01 1.020303822438696773e-01 9.969666136193872097e-02 9.695573754049818804e-02 9.369075305689544830e-02 8.415646356525083305e-02 7.996835874808413958e-02 7.535409664069459001e-02 7.817464375666177689e-02 8.209006211712795154e-02 8.499938230182370325e-02 8.744094872914891237e-02 9.056479832333366731e-02 9.686025175023542377e-02 1.084278500412705348e-01 8.688526445366628881e-02 8.275309864682761640e-02 7.898554431698978640e-02 7.357544817530801973e-02 7.758908354945645569e-02 8.277923122374608589e-02 8.681808733025797586e-02 8.872575712818807359e-02 9.177553619932744822e-02 8.093094145510980331e-02 7.761172737583041381e-02 7.294973372894701658e-02
7.052198003177381769e-02 8.245265246491804978e-02 9.116546266637107210e-02 9.316720295664614182e-02 9.461689423696073575e-02 9.664395931129536599e-02 1.588424671717097170e-01 9.290509038391049634e-02 9.189928061904659162e-02 8.995500040125900543e-02 8.765429326472778948e-02 8.502865186516796181e-02 8.209937601117481276e-02 7.876535178179572272e-02 7.486203795957961649e-02 8.001332954437002931e-02 7.399764096002846292e-02 7.726519369607814935e-02 7.968760629900314973e-02 8.316273437695530235e-02 8.581811455607826766e-02 8.809536469033897588e-02 9.108283289233781721e-02 9.734224026496947346e-02 1.096337809523250800e-01 8.817286248292616202e-02 8.334374009833633856e-02 8.012161942901942224e-02 7.260142032573771442e-02 7.630169259453431496e-02 7.967396558994431499e-02 8.434558053976426439e-02 8.813718530623243508e-02 8.995941451258311627e-02 9.294723978794172670e-02 8.278822454326162372e-02 8.007075927844856111e-02
7.057702281442468362e-02 8.462618037389517400e-02 9.272965989733004954e-02 9.512764453172548040e-02 9.341056948596225540e-02 1.578834911553352038e-01 9.156531134464832022e-02 9.042901327510378950e-02 8.851372180126447498e-02 8.618470327634568384e-02 8.350335240318218499e-02 8.048440706631598829e-02 7.711537258593120781e-02 7.323355251202369465e-02 7.968184919294062085e-02 7.259359880252377883e-02 7.603157599543668155e-02 7.896016450530074504e-02 8.109392220587585687e-02 8.420578311113625924e-02 8.662046501434000900e-02 8.872565306589953738e-02 9.154814877419004127e-02 9.757074582839515842e-02 1.134257847943047209e-01 7.197064149093870822e-02 8.444144709341784572e-02 8.117257161303670365e-02 7.474108784039805442e-02 7.189276022840472569e-02 7.856075515856909830e-02 8.152010145178308076e-02 8.579096462456994865e-02 8.934906152870593365e-02 9.107606317252806005e-02 9.399760511995078338e-02 8.446714332849591944e-02
7.087459454979802564e-02 8.759755603522864642e-02 1.055775345517767916e-01 7.014058906719981834e-02 1.586357917760229941e-01 9.991426542804737743e-02 9.934318418783995297e-02 8.811920604061934670e-02 8.495611680581202640e-02 8.196062546834669005e-02 7.880972007742251262e-02 7.539892856857968728e-02 7.155204428166188346e-02 7.924835896556670090e-02 7.357985648646468702e-02 7.197569080330766533e-02 7.792911412766387325e-02 8.057810661488051807e-02 8.243412811506468929e-02 8.521027918826097614e-02 8.739155935044133627e-02 8.932491244510307182e-02 9.199101067674127219e-02 9.784612364760375547e-02 1.140653353620860594e-01 7.112562499744461142e-02 8.505031758437592293e-02 8.202945130322904232e-02 7.639289590151382425e-02 7.051091957505646601e-02 7.486503615893419505e-02 8.052262546765846796e-02 8.315144516586175927e-02 8.706738265290590861e-02 9.038529451336006770e-02 9.199824701924007309e-02 9.482092768816079154e-02
1.511600430035395792e-01 1.519150158940889839e-01 1.518470582001193725e-01 1.585590787858912609e-01 9.826434969335655356e-02 8.865023099657387551e-02 7.193729377242372158e-02 8.760171068414358830e-02 8.026116305004876716e-02 7.702688238060227677e-02 7.361244668100670741e-02 6.982526573245478874e-02 7.871061623075259472e-02 7.405571977222778768e-02 7.062288512639143534e-02 7.448500325191734217e-02 7.964620726908472337e-02 8.214849266260189353e-02 8.371431215001345905e-02 8.616394400818833121e-02 8.811848111116965532e-02 8.988453863542328337e-02 9.240397873900174641e-02 9.811348046468137962e-02 1.146685012713059559e-01 7.023865886940151848e-02 8.707659127989293701e-02 8.269107211487294884e-02 7.783966169509956567e-02 6.976817220467329550e-02 7.364074252630092854e-02 7.724913890130104266e-02 8.223160695816059129e-02 8.455739980934973143e-02 8.812865755409637902e-02 9.118501790217416192e-02 9.264624017209946438e-02
7.742746817066922804e-02 7.864133844461804190e-02 8.220476343626474669e-02 7.952636254457284837e-02 8.277837240782204287e-02 8.265391951107499413e-02 8.235990882896110366e-02 6.950548508386432400e-02 7.437760901532176894e-02 7.145553054967759832e-02 6.797448214977497294e-02 7.784525679152094757e-02 7.440787026572129315e-02 6.938265189404613231e-02 7.340813469481642650e-02 7.662684098903020657e-02 8.105253240970555773e-02 8.377113018904400188e-02 8.493409625647385663e-02 8.705042446304472881e-02 8.878909368165771587e-02 9.039641338248260993e-02 9.277374517050521185e-02 9.834250693871958438e-02 1.155358560763125875e-01 8.930582093421557399e-02 6.919206572927223686e-02 8.389945317588548557e-02 7.922320217807413134e-02 7.234591587837929660e-02 6.909000450244399960e-02 7.615327262762822125e-02 7.925968188461304798e-02 8.369178943974309171e-02 8.572119975250115653e-02 8.894409292425894953e-02 9.171061505486297061e-02
7.829041742077097465e-02 7.459623207990501159e-02 7.552457292032373204e-02 7.924426417056067151e-02 7.418750456618583566e-02 7.337098248700053837e-02 7.472083284144508120e-02 7.290477196451448927e-02 6.921883130936160033e-02 6.592472284922006043e-02 7.727293026337092585e-02 7.437790173260093451e-02 6.838273358349977737e-02 7.249280457926240984e-02 7.586927425388666213e-02 7.851815531208480858e-02 8.224627868238006123e-02 8.577649817672555743e-02 8.604431212359398007e-02 8.784166848451224752e-02 8.939266959344759067e-02 9.085678593595253316e-02 9.308727373103209413e-02 9.838902854553492616e-02 1.185571349027315924e-01 7.371058136419299245e-02 6.861714877947554247e-02 8.494827110325454955e-02 8.052353571357981354e-02 7.441165819779303747e-02 6.800654006126924389e-02 7.240699116408882974e-02 7.829054008325336822e-02 8.096832865680103630e-02 8.490753753436763862e-02 8.664172180102447385e-02 8.951418660519719350e-02
7.233980961359569306e-02 7.498458249107284312e-02 7.028540326760175649e-02 7.064814155414433916e-02 7.339109235402477283e-02 6.648808727026460363e-02 6.556029488427421448e-02 6.665385680224955589e-02 6.386060434972266886e-02 7.636242536931953095e-02 6.633504786888123894e-02 7.771046656907765193e-02 7.164604079175825035e-02 7.517039408286538271e-02 7.812542093047472602e-02 8.057160344110118888e-02 6.981862292299967354e-02 9.342251598785297761e-02 8.680751132201779130e-02 8.850171044301799461e-02 8.992554524245577330e-02 9.127208601444947167e-02 9.337905132027357613e-02 9.849025194827426555e-02 1.190256775071053819e-01 7.320330284164366930e-02 6.800359688093374211e-02 8.588691211398040426e-02 8.173588222028073391e-02 7.617133675437176565e-02 7.079579340966145329e-02 6.780682876161414629e-02 7.501682976503722122e-02 8.011789569517674403e-02 8.241369047591620700e-02 8.589577589405619773e-02 8.734056270417024648e-02
6.786948151115826389e-02 6.782171793670807580e-02 7.018737968936226979e-02 6.445959753744583132e-02 6.414299695652263267e-02 6.588370828315563699e-02 6.247797283622769093e-02 6.282825858134810648e-02 6.423275156562684163e-02 8.087591136134326952e-02 6.983289135744494280e-02 8.050344747540032209e-02 7.446777521640797481e-02 7.753283855067601149e-02 8.010853356586125629e-02 8.223166316642023521e-02 6.908601429301167163e-02 9.500764403450955020e-02 8.754517613365331297e-02 8.909392785428241202e-02 9.040356157885222343e-02 9.164852628330294460e-02 9.365095873625228773e-02 9.860598809520124131e-02 1.195139764451379760e-01 7.271899447234431157e-02 6.739854229219163773e-02 8.675751021580357936e-02 8.288391408243103720e-02 7.777947319290143269e-02 7.303812051973752884e-02 6.668383404570132900e-02 7.127446400741122012e-02 7.722269561752979905e-02 8.170162375380859987e-02 8.363689997813257559e-02 8.667877799855622234e-02
