output_new_topo_ddd_4/finaltopo_flow__link_to_receiver_node.asc
ncols 300
nrows 100
xllcorner 0.0
yllcorner 0.0
cellsize 10.0
[rows 0 to 16 of 100, columns 111 to 147 of 300]
-1.000000000000000000e+00 -1.000000000000000000e+00 -1.000000000000000000e+00 -1.000000000000000000e+00 -1.000000000000000000e+00 -1.000000000000000000e+00 -1.000000000000000000e+00 -1.000000000000000000e+00 -1.000000000000000000e+00 -1.000000000000000000e+00 -1.000000000000000000e+00 -1.000000000000000000e+00 -1.000000000000000000e+00 -1.000000000000000000e+00 -1.000000000000000000e+00 -1.000000000000000000e+00 -1.000000000000000000e+00 -1.000000000000000000e+00 -1.000000000000000000e+00 -1.000000000000000000e+00 -1.000000000000000000e+00 -1.000000000000000000e+00 -1.000000000000000000e+00 -1.000000000000000000e+00 -1.000000000000000000e+00 -1.000000000000000000e+00 -1.000000000000000000e+00 -1.000000000000000000e+00 -1.000000000000000000e+00 -1.000000000000000000e+00 -1.000000000000000000e+00 -1.000000000000000000e+00 -1.000000000000000000e+00 -1.000000000000000000e+00 -1.000000000000000000e+00 -1.000000000000000000e+00 -1.000000000000000000e+00
5.851300000000000000e+04 5.851400000000000000e+04 5.851500000000000000e+04 1.178320000000000000e+05 1.178340000000000000e+05 1.178360000000000000e+05 1.178380000000000000e+05 1.178400000000000000e+05 1.178420000000000000e+05 1.178440000000000000e+05 1.178460000000000000e+05 1.178480000000000000e+05 1.178500000000000000e+05 1.178520000000000000e+05 1.178540000000000000e+05 1.178560000000000000e+05 5.852900000000000000e+04 1.178630000000000000e+05 1.178650000000000000e+05 1.178670000000000000e+05 1.178690000000000000e+05 1.178710000000000000e+05 1.178730000000000000e+05 1.178750000000000000e+05 1.178770000000000000e+05 1.178790000000000000e+05 1.178810000000000000e+05 1.178830000000000000e+05 1.178850000000000000e+05 1.178870000000000000e+05 1.178890000000000000e+05 1.178910000000000000e+05 5.854500000000000000e+04 5.854600000000000000e+04 5.854700000000000000e+04 5.854800000000000000e+04 5.854900000000000000e+04
5.791400000000000000e+04 5.791500000000000000e+04 5.791600000000000000e+04 5.791700000000000000e+04 1.172360000000000000e+05 1.172380000000000000e+05 1.172400000000000000e+05 1.172420000000000000e+05 1.172440000000000000e+05 1.172460000000000000e+05 1.172480000000000000e+05 1.172500000000000000e+05 1.172520000000000000e+05 1.172540000000000000e+05 1.172560000000000000e+05 5.792900000000000000e+04 5.793000000000000000e+04 5.793100000000000000e+04 1.172670000000000000e+05 1.172690000000000000e+05 1.172710000000000000e+05 1.172730000000000000e+05 5.793600000000000000e+04 5.793700000000000000e+04 5.793800000000000000e+04 5.793900000000000000e+04 5.794000000000000000e+04 5.794100000000000000e+04 5.794200000000000000e+04 5.794300000000000000e+04 5.794400000000000000e+04 5.794500000000000000e+04 5.794600000000000000e+04 5.794700000000000000e+04 5.794800000000000000e+04 5.794900000000000000e+04 5.795000000000000000e+04
5.731500000000000000e+04 5.731600000000000000e+04 5.731700000000000000e+04 5.731800000000000000e+04 5.731900000000000000e+04 5.732000000000000000e+04 1.166420000000000000e+05 1.166440000000000000e+05 1.166460000000000000e+05 1.166480000000000000e+05 1.166500000000000000e+05 1.166520000000000000e+05 1.166540000000000000e+05 1.166560000000000000e+05 1.166580000000000000e+05 5.733000000000000000e+04 5.733100000000000000e+04 5.733200000000000000e+04 1.166690000000000000e+05 1.166710000000000000e+05 1.166730000000000000e+05 5.733600000000000000e+04 5.733700000000000000e+04 5.733800000000000000e+04 5.733900000000000000e+04 5.734000000000000000e+04 5.734100000000000000e+04 5.734200000000000000e+04 5.734300000000000000e+04 5.734400000000000000e+04 5.734500000000000000e+04 5.734600000000000000e+04 5.734700000000000000e+04 5.734800000000000000e+04 5.734900000000000000e+04 5.735000000000000000e+04 5.735100000000000000e+04
5.671600000000000000e+04 5.671700000000000000e+04 5.671800000000000000e+04 5.671900000000000000e+04 5.672000000000000000e+04 5.672100000000000000e+04 1.160440000000000000e+05 1.160460000000000000e+05 1.160480000000000000e+05 1.160500000000000000e+05 1.160520000000000000e+05 1.160540000000000000e+05 1.160560000000000000e+05 1.160580000000000000e+05 5.673000000000000000e+04 5.673100000000000000e+04 5.673200000000000000e+04 5.673300000000000000e+04 1.160710000000000000e+05 1.160730000000000000e+05 1.160750000000000000e+05 5.673700000000000000e+04 5.673800000000000000e+04 5.673900000000000000e+04 5.674000000000000000e+04 5.674100000000000000e+04 5.674200000000000000e+04 5.674300000000000000e+04 5.674400000000000000e+04 5.674500000000000000e+04 5.674600000000000000e+04 5.674700000000000000e+04 5.674800000000000000e+04 5.674900000000000000e+04 5.675000000000000000e+04 5.675100000000000000e+04 5.675200000000000000e+04
5.611700000000000000e+04 5.611800000000000000e+04 5.611900000000000000e+04 5.612000000000000000e+04 5.612100000000000000e+04 5.612200000000000000e+04 1.154460000000000000e+05 1.154480000000000000e+05 1.154500000000000000e+05 1.154520000000000000e+05 1.154540000000000000e+05 1.154560000000000000e+05 1.154580000000000000e+05 1.154600000000000000e+05 5.613100000000000000e+04 5.613200000000000000e+04 5.613300000000000000e+04 5.613400000000000000e+04 1.154730000000000000e+05 1.154750000000000000e+05 1.154770000000000000e+05 5.613800000000000000e+04 5.613900000000000000e+04 5.614000000000000000e+04 5.614100000000000000e+04 5.614200000000000000e+04 5.614300000000000000e+04 5.614400000000000000e+04 5.614500000000000000e+04 5.614600000000000000e+04 5.614700000000000000e+04 5.614800000000000000e+04 5.614900000000000000e+04 5.615000000000000000e+04 5.615100000000000000e+04 5.615200000000000000e+04 5.615300000000000000e+04
5.551800000000000000e+04 5.551900000000000000e+04 5.552000000000000000e+04 5.552100000000000000e+04 5.552200000000000000e+04 5.552300000000000000e+04 1.148480000000000000e+05 1.148500000000000000e+05 1.148520000000000000e+05 1.148540000000000000e+05 1.148560000000000000e+05 1.148580000000000000e+05 1.148600000000000000e+05 1.148620000000000000e+05 5.553200000000000000e+04 5.553300000000000000e+04 5.553400000000000000e+04 5.553500000000000000e+04 1.148750000000000000e+05 1.148770000000000000e+05 1.148790000000000000e+05 5.553900000000000000e+04 5.554000000000000000e+04 5.554100000000000000e+04 5.554200000000000000e+04 5.554300000000000000e+04 5.554400000000000000e+04 5.554500000000000000e+04 5.554600000000000000e+04 5.554700000000000000e+04 5.554800000000000000e+04 5.554900000000000000e+04 5.555000000000000000e+04 5.555100000000000000e+04 5.555200000000000000e+04 5.555300000000000000e+04 5.555400000000000000e+04
5.491900000000000000e+04 5.492000000000000000e+04 5.492100000000000000e+04 5.492200000000000000e+04 5.492300000000000000e+04 1.142480000000000000e+05 1.142500000000000000e+05 1.142520000000000000e+05 1.142540000000000000e+05 1.142560000000000000e+05 1.142580000000000000e+05 1.142600000000000000e+05 1.142620000000000000e+05 5.493200000000000000e+04 5.493300000000000000e+04 5.493400000000000000e+04 5.493500000000000000e+04 5.493600000000000000e+04 1.142770000000000000e+05 1.142790000000000000e+05 1.142810000000000000e+05 1.142830000000000000e+05 5.494100000000000000e+04 5.494200000000000000e+04 5.494300000000000000e+04 5.494400000000000000e+04 5.494500000000000000e+04 5.494600000000000000e+04 5.494700000000000000e+04 5.494800000000000000e+04 5.494900000000000000e+04 5.495000000000000000e+04 5.495100000000000000e+04 5.495200000000000000e+04 5.495300000000000000e+04 5.495400000000000000e+04 5.495500000000000000e+04
5.432000000000000000e+04 5.432100000000000000e+04 5.432200000000000000e+04 5.432300000000000000e+04 5.432400000000000000e+04 1.136500000000000000e+05 1.136520000000000000e+05 1.136540000000000000e+05 1.136560000000000000e+05 1.136580000000000000e+05 1.136600000000000000e+05 1.136620000000000000e+05 1.136640000000000000e+05 5.433300000000000000e+04 5.433400000000000000e+04 5.433500000000000000e+04 5.433600000000000000e+04 1.136770000000000000e+05 1.136790000000000000e+05 1.136810000000000000e+05 1.136830000000000000e+05 1.136850000000000000e+05 5.434200000000000000e+04 5.434300000000000000e+04 5.434400000000000000e+04 5.434500000000000000e+04 5.434600000000000000e+04 5.434700000000000000e+04 5.434800000000000000e+04 5.434900000000000000e+04 5.435000000000000000e+04 5.435100000000000000e+04 5.435200000000000000e+04 5.435300000000000000e+04 5.435400000000000000e+04 5.435500000000000000e+04 5.435600000000000000e+04
5.372100000000000000e+04 5.372200000000000000e+04 5.372300000000000000e+04 5.372400000000000000e+04 5.372500000000000000e+04 1.130520000000000000e+05 1.130540000000000000e+05 1.130560000000000000e+05 1.130580000000000000e+05 1.130600000000000000e+05 1.130620000000000000e+05 1.130640000000000000e+05 1.130660000000000000e+05 5.373400000000000000e+04 5.373500000000000000e+04 5.373600000000000000e+04 5.373700000000000000e+04 1.130790000000000000e+05 1.130810000000000000e+05 1.130830000000000000e+05 1.130850000000000000e+05 1.130870000000000000e+05 5.374300000000000000e+04 5.374400000000000000e+04 5.374500000000000000e+04 5.374600000000000000e+04 5.374700000000000000e+04 5.374800000000000000e+04 5.374900000000000000e+04 5.375000000000000000e+04 5.375100000000000000e+04 5.375200000000000000e+04 5.375300000000000000e+04 5.375400000000000000e+04 5.375500000000000000e+04 5.375600000000000000e+04 5.375700000000000000e+04
5.312200000000000000e+04 5.312300000000000000e+04 5.312400000000000000e+04 5.312500000000000000e+04 1.124520000000000000e+05 1.124540000000000000e+05 1.124560000000000000e+05 1.124580000000000000e+05 1.124600000000000000e+05 1.124620000000000000e+05 1.124640000000000000e+05 1.124660000000000000e+05 1.124680000000000000e+05 5.313500000000000000e+04 5.313600000000000000e+04 5.313700000000000000e+04 1.124790000000000000e+05 1.124810000000000000e+05 1.124830000000000000e+05 1.124850000000000000e+05 1.124870000000000000e+05 1.124890000000000000e+05 5.314400000000000000e+04 5.314500000000000000e+04 5.314600000000000000e+04 5.314700000000000000e+04 5.314800000000000000e+04 5.314900000000000000e+04 5.315000000000000000e+04 5.315100000000000000e+04 5.315200000000000000e+04 1.125090000000000000e+05 1.125110000000000000e+05 5.315500000000000000e+04 5.315600000000000000e+04 5.315700000000000000e+04 5.315800000000000000e+04
5.252300000000000000e+04 5.252400000000000000e+04 5.252500000000000000e+04 5.252600000000000000e+04 1.118540000000000000e+05 1.118560000000000000e+05 1.118580000000000000e+05 1.118600000000000000e+05 1.118620000000000000e+05 1.118640000000000000e+05 1.118660000000000000e+05 1.118680000000000000e+05 1.118700000000000000e+05 5.253600000000000000e+04 5.253700000000000000e+04 5.253800000000000000e+04 1.118810000000000000e+05 1.118830000000000000e+05 1.118850000000000000e+05 1.118870000000000000e+05 1.118890000000000000e+05 1.118910000000000000e+05 5.254500000000000000e+04 5.254600000000000000e+04 5.254700000000000000e+04 5.254800000000000000e+04 5.254900000000000000e+04 5.255000000000000000e+04 5.255100000000000000e+04 5.255200000000000000e+04 5.255300000000000000e+04 1.119110000000000000e+05 1.119130000000000000e+05 5.255600000000000000e+04 1.119170000000000000e+05 5.255800000000000000e+04 1.119180000000000000e+05
5.192400000000000000e+04 5.192500000000000000e+04 5.192600000000000000e+04 1.112540000000000000e+05 1.112560000000000000e+05 1.112580000000000000e+05 1.112600000000000000e+05 1.112620000000000000e+05 1.112640000000000000e+05 1.112660000000000000e+05 1.112680000000000000e+05 1.112700000000000000e+05 1.112720000000000000e+05 5.193700000000000000e+04 5.193800000000000000e+04 1.112810000000000000e+05 1.112830000000000000e+05 1.112850000000000000e+05 1.112870000000000000e+05 1.112890000000000000e+05 1.112910000000000000e+05 1.112930000000000000e+05 5.194600000000000000e+04 5.194700000000000000e+04 5.194800000000000000e+04 5.194900000000000000e+04 5.195000000000000000e+04 5.195100000000000000e+04 5.195200000000000000e+04 5.195300000000000000e+04 5.195400000000000000e+04 1.113130000000000000e+05 1.113150000000000000e+05 5.195700000000000000e+04 1.113190000000000000e+05 5.195900000000000000e+04 1.113200000000000000e+05
5.132500000000000000e+04 5.132600000000000000e+04 5.132700000000000000e+04 1.106560000000000000e+05 1.106580000000000000e+05 1.106600000000000000e+05 1.106620000000000000e+05 1.106640000000000000e+05 1.106660000000000000e+05 1.106680000000000000e+05 1.106700000000000000e+05 1.106720000000000000e+05 1.106740000000000000e+05 5.133800000000000000e+04 5.133900000000000000e+04 1.106830000000000000e+05 1.106850000000000000e+05 1.106870000000000000e+05 1.106890000000000000e+05 1.106910000000000000e+05 1.106930000000000000e+05 1.106950000000000000e+05 5.134700000000000000e+04 5.134800000000000000e+04 5.134900000000000000e+04 5.135000000000000000e+04 5.135100000000000000e+04 5.135200000000000000e+04 5.135300000000000000e+04 5.135400000000000000e+04 1.107130000000000000e+05 1.107150000000000000e+05 1.107170000000000000e+05 5.135800000000000000e+04 1.107210000000000000e+05 5.136000000000000000e+04 1.107220000000000000e+05
5.072600000000000000e+04 5.072700000000000000e+04 1.100560000000000000e+05 1.100580000000000000e+05 1.100600000000000000e+05 1.100620000000000000e+05 1.100640000000000000e+05 1.100660000000000000e+05 1.100680000000000000e+05 1.100700000000000000e+05 1.100720000000000000e+05 1.100740000000000000e+05 1.100760000000000000e+05 5.073900000000000000e+04 5.074000000000000000e+04 1.100850000000000000e+05 1.100870000000000000e+05 1.100890000000000000e+05 1.100910000000000000e+05 1.100930000000000000e+05 1.100950000000000000e+05 1.100970000000000000e+05 5.074800000000000000e+04 5.074900000000000000e+04 5.075000000000000000e+04 5.075100000000000000e+04 5.075200000000000000e+04 5.075300000000000000e+04 5.075400000000000000e+04 5.075500000000000000e+04 1.101150000000000000e+05 1.101170000000000000e+05 1.101190000000000000e+05 5.075900000000000000e+04 1.101230000000000000e+05 5.076100000000000000e+04 1.101240000000000000e+05
5.012700000000000000e+04 1.094560000000000000e+05 1.094580000000000000e+05 1.094600000000000000e+05 1.094620000000000000e+05 1.094640000000000000e+05 1.094660000000000000e+05 1.094680000000000000e+05 1.094700000000000000e+05 1.094720000000000000e+05 1.094740000000000000e+05 1.094760000000000000e+05 1.094780000000000000e+05 5.014000000000000000e+04 5.014100000000000000e+04 1.094870000000000000e+05 1.094890000000000000e+05 1.094910000000000000e+05 1.094930000000000000e+05 1.094950000000000000e+05 1.094970000000000000e+05 1.094990000000000000e+05 5.014900000000000000e+04 5.015000000000000000e+04 5.015100000000000000e+04 5.015200000000000000e+04 5.015300000000000000e+04 5.015400000000000000e+04 5.015500000000000000e+04 5.015600000000000000e+04 1.095170000000000000e+05 1.095190000000000000e+05 1.095210000000000000e+05 5.016000000000000000e+04 1.095250000000000000e+05 5.016200000000000000e+04 1.095260000000000000e+05
4.952800000000000000e+04 1.088580000000000000e+05 1.088600000000000000e+05 1.088620000000000000e+05 1.088640000000000000e+05 1.088660000000000000e+05 1.088680000000000000e+05 1.088700000000000000e+05 1.088720000000000000e+05 1.088740000000000000e+05 1.088760000000000000e+05 1.088780000000000000e+05 1.088800000000000000e+05 4.954100000000000000e+04 1.088870000000000000e+05 1.088890000000000000e+05 1.088910000000000000e+05 1.088930000000000000e+05 1.088950000000000000e+05 1.088970000000000000e+05 1.088990000000000000e+05 1.089010000000000000e+05 4.955000000000000000e+04 4.955100000000000000e+04 4.955200000000000000e+04 4.955300000000000000e+04 4.955400000000000000e+04 4.955500000000000000e+04 4.955600000000000000e+04 4.955700000000000000e+04 1.089190000000000000e+05 1.089210000000000000e+05 1.089230000000000000e+05 4.956100000000000000e+04 4.956200000000000000e+04 4.956300000000000000e+04 1.089280000000000000e+05
