output_new_topo_ddd_4/finaltopo_topographic__steepest_slope.asc
ncols 300
nrows 100
xllcorner 0.0
yllcorner 0.0
cellsize 10.0
[rows 68 to 84 of 100, columns 222 to 258 of 300]
2.565630523295610033e-01 3.038551752814364626e-01 3.063456141548270284e-01 2.931672809428437776e-01 3.123400492866032496e-01 3.296360982238414894e-01 3.378734086445384088e-01 3.338074297901204579e-01 3.320005230610537095e-01 3.333270624270482929e-01 3.296987824499758579e-01 3.328046041438597058e-01 3.169236528905184369e-01 3.577787298011340100e-01 3.749489323004233654e-01 1.091948623915286604e-01 3.231469784902717413e-01 3.393860295866172327e-01 4.497914156898206173e-01 3.934626306310463062e-01 4.305078749385803927e-01 4.288271990840703540e-01 4.261712240477322222e-01 4.222644970982041279e-01 4.165099725829287669e-01 4.081890076223408936e-01 3.966540364986376743e-01 3.808580563480009618e-01 3.332298042450539399e-01 2.982358180988896601e-01 3.062577433472825073e-01 2.774437941441860178e-01 2.494949010202091588e-01 2.180020667722260552e-01 1.806575756092541896e-01 1.355231154907613755e-01 8.139090638706961145e-02
9.891292850999006125e-02 3.082431071254500554e-01 3.352678568053543695e-01 3.040584822512893970e-01 3.265475991455726867e-01 3.462902391801360724e-01 3.538174802277097575e-01 3.368238626479357345e-01 3.317906937958579050e-01 3.369399042634889097e-01 3.257706158441323052e-01 3.421496791710900709e-01 3.060651506213936668e-01 3.448052929372156794e-01 1.056616447527391894e-01 3.501210733044917700e-01 3.659159993786124665e-01 3.509899199172901718e-01 3.810365998129232046e-01 3.845236389662472498e-01 3.925650271622752041e-01 3.966694518916638601e-01 3.960238097468115059e-01 3.928205970444190176e-01 3.873653738666243407e-01 3.786660551737456859e-01 3.661764189639463707e-01 3.488518591396209123e-01 3.238136680415072410e-01 3.278669814710990504e-01 2.866411899788523510e-01 2.546409512330128910e-01 2.267723809719740247e-01 1.948692745120368386e-01 1.561005629389455862e-01 1.088663821389587866e-01 7.069725168092580447e-02
3.893634620831299964e-01 1.044386745865656385e-01 3.185532461831631079e-01 2.954210815050144490e-01 3.364246203339703589e-01 3.629772950652032648e-01 3.760928121829561488e-01 3.315811726049727182e-01 3.250483746119030570e-01 3.456549636405998882e-01 3.301974061482927936e-01 3.674439351968586953e-01 2.588478165719571567e-01 1.031177782684446487e-01 3.475445177584720602e-01 3.169941939671458431e-01 3.758673029848136338e-01 3.364623553273122791e-01 3.410310107864376050e-01 3.470738521515705499e-01 3.518936354823061774e-01 3.547052739151083101e-01 3.545793420403421936e-01 3.521881842889919567e-01 3.485637629632417633e-01 3.402610775817905275e-01 3.279759395206550687e-01 3.122791427472262904e-01 2.940652215938041047e-01 2.782131865438461360e-01 2.524457747687149922e-01 2.311557960139897783e-01 1.974115932747793067e-01 1.680094397149403673e-01 1.288830434437855388e-01 8.397593176476671195e-02 9.556426742551843434e-02
4.553390235067055758e-01 4.113282240955047908e-01 1.046022612281552466e-01 2.705719468462394195e-01 3.440524056285063637e-01 3.771923621482173306e-01 4.135811043649670893e-01 3.264233409328425317e-01 3.300999146607682122e-01 3.798256867343002829e-01 3.009193179533681817e-01 9.106767777069124659e-02 8.987469987897185597e-02 3.726153790871545857e-01 3.918231443803998348e-01 3.519645329789691801e-01 3.353853901537521276e-01 2.977718893771225117e-01 3.029461599170722996e-01 3.167806391334764271e-01 3.125414628207231482e-01 3.116951097898031375e-01 3.098867918158468848e-01 3.082393436948606680e-01 3.187542470036511810e-01 3.002843669615735678e-01 2.871392823745473888e-01 2.741763040783510297e-01 2.596021117147728208e-01 2.429683616275923330e-01 2.230107900480646776e-01 1.995577443112580285e-01 1.746491435190506425e-01 1.420615113598159840e-01 1.036318989377199712e-01 8.975392198122307541e-02 1.167891751868496697e-01
4.543244611755364315e-01 4.827149224968423358e-01 4.397480104611052321e-01 9.942956982447803682e-02 7.544581546828119101e-02 6.975588396740946273e-02 8.260061538209803600e-02 2.822069135271118023e-01 2.959080501530880758e-01 8.410126037071639915e-02 7.360091834422632928e-02 2.996936357360350800e-01 3.177688828706344282e-01 4.287306039812384117e-01 3.769944790592862360e-01 3.489865133771025141e-01 3.348265381695982867e-01 3.744268961712410859e-01 3.703326406538183790e-01 3.406337574262385814e-01 3.515757872785688631e-01 3.482703624199383619e-01 3.405387887632507771e-01 3.319854686784160513e-01 3.015359260491166649e-01 2.800451439018907251e-01 2.737559830047331388e-01 2.627564522957485105e-01 2.480633988001997581e-01 2.298608553435514124e-01 2.078082475073657065e-01 1.818609020959272016e-01 1.517268778103001980e-01 1.237618384941863853e-01 1.119596404869003387e-01 1.164954719471253952e-01 1.340510646620388657e-01
4.455912686895894259e-01 4.736712151303612561e-01 5.365272708672484958e-01 4.390816290755178986e-01 3.408926845083080082e-01 2.536606962420471234e-01 2.589183045079416212e-01 6.253690627835267746e-02 5.638098407849696792e-02 2.097813804097786172e-01 2.195355960411816965e-01 3.320937528759780877e-01 3.035013154761535548e-01 3.300074311908455793e-01 3.261011671274139379e-01 3.144445196785876639e-01 3.089618987171963149e-01 3.166584134793963834e-01 3.180676138887461035e-01 3.123084006168737603e-01 3.115329809793861426e-01 2.883752021792311271e-01 2.890611297295656579e-01 2.853556060579044984e-01 2.751814748502440233e-01 2.705683208257269601e-01 2.622368536247577930e-01 2.499382136259882259e-01 2.335437340441942067e-01 2.130863546821302745e-01 1.881643028997529998e-01 1.596136113847492766e-01 1.441405778093776402e-01 1.349104363724029920e-01 1.343120924125315585e-01 1.445543901568370759e-01 1.474577901572037275e-01
4.154199070788342496e-01 4.285987416796662730e-01 4.265692346091076725e-01 3.588685647968283265e-01 2.994430981157333305e-01 2.694842427435309440e-01 2.839736563711727224e-01 2.362823226852213965e-01 4.258515153749762444e-02 2.562115050794314675e-01 2.530240539336407468e-01 2.605554126295857031e-01 2.668026698129246088e-01 2.734110007636832984e-01 2.785160831032705286e-01 2.810524059677803055e-01 2.820548293213512858e-01 2.832151989110102130e-01 2.839622184708552877e-01 2.828691446609184479e-01 2.785652073814681162e-01 2.821080094970057073e-01 2.819626453011260248e-01 2.782551094177257989e-01 2.710140183159716054e-01 2.621580329387363517e-01 2.505074163997619285e-01 2.354062851500344777e-01 2.158811903021586320e-01 1.929730519328984317e-01 1.718644891955422582e-01 1.659676106903369419e-01 1.567216041807236449e-01 1.524268053528359812e-01 1.665036566797852002e-01 1.726884480734767746e-01 1.706752182731406664e-01
3.674005834276218851e-01 3.676135002715654188e-01 3.521363400575266422e-01 3.136313738279899455e-01 2.843692803575791350e-01 2.834262536028407942e-01 2.889424786068737205e-01 2.950655580961253355e-01 4.716691174341072074e-02 2.775559443450198449e-01 2.767557077325822346e-01 2.758025846141801685e-01 2.759766487523481748e-01 2.771527664996981111e-01 2.788955199001808549e-01 2.806104671023526009e-01 2.820655755921165908e-01 2.832599988758509602e-01 2.838626826024508998e-01 2.833797052362506119e-01 2.817173669817272241e-01 2.803894045096548271e-01 2.774270753630503350e-01 2.719090868621705792e-01 2.633459354513227879e-01 2.510897110951454403e-01 2.361761299037944128e-01 2.184350850253451992e-01 2.005069248010358518e-01 1.959925633299641479e-01 1.888249678067638326e-01 1.791132667433019965e-01 1.687365601232656276e-01 1.858767976630673613e-01 1.961178483825108398e-01 1.993831325430008294e-01 1.949647003293037417e-01
3.224049769206523419e-01 3.201310636706516388e-01 3.155566053888289590e-01 3.112654487481097965e-01 3.098146586103279754e-01 3.097888431385193431e-01 3.101326451127196515e-01 3.066176080924069569e-01 5.143172847369666123e-02 2.969927493589196166e-01 2.929945850601359814e-01 2.860858804065816718e-01 2.812631121797636302e-01 2.782286648070087520e-01 2.776870325849671306e-01 2.787745958203622365e-01 2.804564795899146534e-01 2.820003872441126935e-01 2.828263938352122975e-01 2.824680264321010048e-01 2.806727784663749503e-01 2.774427121700576149e-01 2.721793809497355943e-01 2.643845598751113357e-01 2.540807206002938523e-01 2.388841102442079978e-01 2.354778752800884001e-01 2.294160694559072844e-01 2.218223038253393231e-01 2.127013960656989056e-01 2.014907172575097494e-01 1.891051676934903114e-01 2.012546508096406117e-01 2.152705812093202442e-01 2.228550738416174570e-01 2.242735001878529144e-01 2.191718972668724175e-01
3.272598923990159281e-01 3.293297011962366128e-01 3.299451381885091794e-01 3.300400581037436498e-01 3.301848689066222420e-01 3.300349841954524632e-01 3.290241145390179756e-01 3.243399165050019906e-01 5.253863971539427663e-02 3.226111307785794469e-01 3.033175611790078219e-01 2.861515521677823193e-01 2.780282043897120414e-01 2.768927097854920749e-01 2.889625692736424445e-01 2.970790289643802096e-01 3.023105911280393743e-01 3.051716725821171372e-01 3.058740516689431033e-01 3.045882962535668148e-01 3.015826387600994418e-01 2.972055331411874168e-01 2.917272540359699962e-01 2.853318568234665675e-01 2.774054189868938036e-01 2.689322134793029617e-01 2.594063243835440513e-01 2.487901172692771612e-01 2.372638053840937788e-01 2.242161515624270240e-01 2.097105238410370276e-01 2.139012276616867325e-01 2.301642464906990537e-01 2.410507071401525592e-01 2.466065803463592943e-01 2.468499325228904751e-01 2.414777202671928025e-01
3.325819104625417078e-01 3.385649038822172718e-01 3.430632110673627611e-01 3.464156908068439233e-01 3.486833714391032180e-01 3.495761773589684540e-01 3.487239377596441647e-01 3.435807662744029267e-01 5.298714563226845226e-02 3.225397856725106260e-01 2.923295593960510419e-01 2.823454751379234073e-01 3.068274042061081563e-01 3.271652746207932005e-01 3.401512097436605875e-01 3.478775908153396434e-01 3.523339064323984249e-01 3.541328936812826456e-01 3.532312666177678251e-01 3.496754655867856942e-01 3.437421782125983372e-01 3.357883688659019095e-01 3.261348257083441227e-01 3.147468945807975205e-01 3.024150026180191242e-01 2.892904894771673452e-01 2.756680766190271470e-01 2.617132861384574016e-01 2.469176659591769407e-01 2.311684213162510382e-01 2.215962996626217318e-01 2.410318367262874462e-01 2.545498965903519317e-01 2.632414587820761653e-01 2.673669460518069974e-01 2.669483801076409923e-01 2.618044322093993626e-01
3.354444090206832874e-01 3.453526412858046735e-01 3.537034791648672183e-01 3.606688609789404643e-01 3.661274034315283865e-01 3.695986133607543911e-01 3.702085426070624297e-01 3.642815298627649634e-01 5.229864227585494241e-02 2.934659145651952739e-01 2.577492714978772415e-01 2.953453320636111323e-01 3.480019729204854029e-01 3.709156096231489563e-01 3.811931215108702031e-01 3.866962491596030449e-01 3.901913541714436828e-01 3.912347808593970022e-01 3.888660893197407042e-01 3.830807850610613019e-01 3.743761816196802261e-01 3.632120889968478705e-01 3.497518829684042596e-01 3.347115059175570506e-01 3.184738834351945602e-01 3.017502020225221182e-01 2.851589669988082720e-01 2.685026832816648779e-01 2.513995779981683110e-01 2.337743696938251181e-01 2.464834138937646857e-01 2.636370497584991091e-01 2.750647997837006864e-01 2.821418142013726316e-01 2.852208972119442132e-01 2.844581699587166446e-01 2.798046794147239780e-01
3.337934502166227668e-01 3.477896921088060589e-01 3.603312550539804482e-01 3.717528294146649759e-01 3.820900396397355903e-01 3.910251449544507318e-01 3.978180957421716957e-01 3.891715478867666667e-01 5.082895545130163700e-02 2.183035036272368556e-01 2.678799266218263031e-01 3.569308828205212114e-01 4.016583957168043395e-01 4.110608807423099531e-01 4.136201431745098467e-01 4.158820232329598077e-01 4.198565181489869458e-01 4.209747625216986311e-01 4.168267270288439907e-01 4.083808696953518669e-01 3.967589025719381324e-01 3.823225209518735235e-01 3.656083296748222633e-01 3.468074044072729789e-01 3.269086750659743190e-01 3.071468271156407304e-01 2.881664912438487436e-01 2.698125877069996181e-01 2.509144025610136053e-01 2.493064574881678763e-01 2.685781603016387242e-01 2.827823796954248570e-01 2.923503327954726783e-01 2.980571267117859691e-01 3.003642115958939374e-01 2.994601019488903892e-01 2.953908335825872200e-01
3.255478634524230364e-01 3.435715423134205193e-01 3.602853121795696612e-01 3.765337461191002322e-01 3.928651202650556007e-01 4.099319497768466047e-01 4.476578090627437723e-01 4.203812337340792626e-01 6.921102513330695816e-02 2.097563960465484156e-01 3.168123022611629702e-01 4.226540061806763893e-01 4.617414095821010811e-01 4.385962678333866216e-01 4.363475447898173543e-01 4.346459929439376313e-01 4.458676782691058937e-01 4.470439339843551574e-01 4.392531169990248618e-01 4.272543374106543834e-01 4.125006973826133017e-01 3.951437222096966795e-01 3.748930801539370194e-01 3.517326316807344866e-01 3.279838146703900059e-01 3.051678827764094937e-01 2.849032969240997137e-01 2.663958279342166224e-01 2.460854698957945230e-01 2.699168768473711455e-01 2.868297351175641552e-01 2.988377069427158861e-01 3.067308822285738645e-01 3.112954546391918376e-01 3.130187922895544261e-01 3.121059943785396973e-01 3.086818657778011010e-01
3.085833768213511741e-01 3.299768768649770090e-01 3.498033710712825095e-01 3.699839892076500769e-01 3.951505067183130882e-01 3.703206998819240647e-01 4.030044655670162457e-01 4.741458432708872128e-01 3.942742300410660983e-01 6.042885338599237460e-02 4.459510892036959440e-02 6.530135520767631208e-02 3.823411740722401087e-01 4.624940112210786936e-01 4.489784186642122310e-01 4.335452604906511187e-01 4.822222896570250716e-01 4.684071309765928115e-01 4.552561611576708689e-01 4.386583311779099770e-01 4.222373457067997715e-01 4.018064318736725427e-01 3.784370885088234049e-01 3.481007251364439115e-01 3.208080468400337226e-01 2.938581151636752153e-01 2.756995586276178023e-01 2.589553672257303152e-01 2.654761688814218923e-01 2.873094113888171597e-01 3.020686398301691833e-01 3.121771574656975190e-01 3.185532681985037695e-01 3.221410843615018504e-01 3.234081157362894143e-01 3.225726363330047031e-01 3.198228176431861525e-01
2.819603653136880661e-01 3.054349782803903457e-01 3.253377337320039198e-01 3.444603292298665798e-01 3.620851232697839817e-01 4.084629804235282435e-01 3.941217013991385465e-01 4.244698202771124973e-01 4.683247758091144131e-01 3.630945875528290290e-01 2.356815809529896610e-01 2.035931573949122664e-01 6.325743965284409687e-02 3.866258291493066546e-01 4.812178530770225282e-01 3.852340136946147409e-01 3.374601170917017612e-01 3.427698307119573795e-01 3.441625652615680764e-01 3.433731170059609039e-01 3.394879230032294970e-01 3.332612967988374808e-01 3.236507888367555208e-01 3.124090201880797002e-01 2.904864741544983531e-01 2.712314881127568245e-01 2.644815885205906159e-01 2.587259190685983756e-01 2.841586922911701896e-01 3.024335663634772908e-01 3.149179185725955454e-01 3.231101603672819067e-01 3.281130435103413734e-01 3.308434068507537518e-01 3.317440357391738814e-01 3.310416657166513343e-01 3.289764932127596242e-01
2.470727824637037884e-01 2.718741474089597654e-01 2.879642158041143540e-01 3.065947679148291471e-01 3.212382144532239803e-01 3.430668917747971003e-01 3.518779754994128539e-01 3.604507568438543585e-01 3.490245183421570307e-01 2.723592732236138070e-01 2.550473333769905926e-01 3.059073834774389544e-01 2.140573283181337882e-01 7.620743947715552524e-02 3.655924618790606928e-01 4.549019060601722231e-01 3.926657933615398943e-01 3.657277600763020331e-01 3.525027638347530967e-01 3.430678069507092087e-01 3.329969320008224765e-01 3.202084826314276489e-01 3.033224481631691671e-01 2.798205993664844016e-01 2.705855399201722578e-01 2.661898102350727102e-01 2.561241363412922190e-01 2.780265628922563570e-01 3.001993370069889755e-01 3.154107540651665542e-01 3.255017634064287790e-01 3.319094084551174606e-01 3.356555543328511027e-01 3.376216902069849590e-01 3.382226075452436365e-01 3.376886769045562287e-01 3.363012485759057091e-01
