output_new_topo_ddd_4/finaltopo_drainage_area.asc
ncols 300
nrows 100
xllcorner 0.0
yllcorner 0.0
cellsize 10.0
[rows 17 to 33 of 100, columns 148 to 184 of 300]
1.700000000000000000e+03 1.700000000000000000e+03 1.700000000000000000e+03 1.600000000000000000e+03 1.500000000000000000e+03 1.300000000000000000e+03 1.200000000000000000e+03 1.100000000000000000e+03 1.000000000000000000e+03 9.000000000000000000e+02 8.000000000000000000e+02 7.000000000000000000e+02 6.000000000000000000e+02 5.000000000000000000e+02 4.000000000000000000e+02 3.000000000000000000e+02 2.000000000000000000e+02 1.000000000000000000e+02 1.400000000000000000e+03 1.500000000000000000e+03 1.000000000000000000e+02 2.000000000000000000e+02 3.000000000000000000e+02 4.000000000000000000e+02 5.000000000000000000e+02 6.000000000000000000e+02 7.000000000000000000e+02 8.000000000000000000e+02 9.000000000000000000e+02 1.000000000000000000e+03 1.100000000000000000e+03 1.200000000000000000e+03 1.300000000000000000e+03 1.400000000000000000e+03 1.600000000000000000e+03 1.700000000000000000e+03 1.700000000000000000e+03
1.800000000000000000e+03 1.800000000000000000e+03 1.700000000000000000e+03 1.600000000000000000e+03 1.400000000000000000e+03 1.300000000000000000e+03 1.200000000000000000e+03 1.100000000000000000e+03 1.000000000000000000e+03 9.000000000000000000e+02 8.000000000000000000e+02 7.000000000000000000e+02 6.000000000000000000e+02 5.000000000000000000e+02 4.000000000000000000e+02 3.000000000000000000e+02 2.000000000000000000e+02 1.000000000000000000e+02 1.500000000000000000e+03 1.600000000000000000e+03 1.000000000000000000e+02 2.000000000000000000e+02 3.000000000000000000e+02 4.000000000000000000e+02 5.000000000000000000e+02 6.000000000000000000e+02 7.000000000000000000e+02 8.000000000000000000e+02 9.000000000000000000e+02 1.000000000000000000e+03 1.100000000000000000e+03 1.200000000000000000e+03 1.300000000000000000e+03 1.400000000000000000e+03 1.500000000000000000e+03 1.700000000000000000e+03 1.800000000000000000e+03
1.900000000000000000e+03 1.800000000000000000e+03 1.700000000000000000e+03 1.500000000000000000e+03 1.400000000000000000e+03 1.300000000000000000e+03 1.200000000000000000e+03 1.100000000000000000e+03 1.000000000000000000e+03 9.000000000000000000e+02 8.000000000000000000e+02 7.000000000000000000e+02 6.000000000000000000e+02 5.000000000000000000e+02 4.000000000000000000e+02 3.000000000000000000e+02 2.000000000000000000e+02 1.600000000000000000e+03 1.000000000000000000e+02 1.700000000000000000e+03 1.000000000000000000e+02 2.000000000000000000e+02 3.000000000000000000e+02 4.000000000000000000e+02 5.000000000000000000e+02 6.000000000000000000e+02 7.000000000000000000e+02 8.000000000000000000e+02 9.000000000000000000e+02 1.000000000000000000e+03 1.100000000000000000e+03 1.200000000000000000e+03 1.300000000000000000e+03 1.400000000000000000e+03 1.500000000000000000e+03 1.600000000000000000e+03 1.800000000000000000e+03
1.900000000000000000e+03 1.800000000000000000e+03 1.600000000000000000e+03 1.500000000000000000e+03 1.400000000000000000e+03 1.300000000000000000e+03 1.200000000000000000e+03 1.100000000000000000e+03 1.000000000000000000e+03 9.000000000000000000e+02 8.000000000000000000e+02 7.000000000000000000e+02 6.000000000000000000e+02 5.000000000000000000e+02 4.000000000000000000e+02 3.000000000000000000e+02 1.700000000000000000e+03 2.000000000000000000e+02 1.000000000000000000e+02 1.800000000000000000e+03 1.000000000000000000e+02 2.000000000000000000e+02 3.000000000000000000e+02 4.000000000000000000e+02 5.000000000000000000e+02 6.000000000000000000e+02 7.000000000000000000e+02 8.000000000000000000e+02 9.000000000000000000e+02 1.000000000000000000e+03 1.100000000000000000e+03 1.200000000000000000e+03 1.300000000000000000e+03 1.400000000000000000e+03 1.500000000000000000e+03 1.600000000000000000e+03 1.700000000000000000e+03
1.900000000000000000e+03 1.700000000000000000e+03 1.600000000000000000e+03 1.500000000000000000e+03 1.400000000000000000e+03 1.300000000000000000e+03 1.200000000000000000e+03 1.100000000000000000e+03 1.000000000000000000e+03 9.000000000000000000e+02 8.000000000000000000e+02 7.000000000000000000e+02 6.000000000000000000e+02 5.000000000000000000e+02 4.000000000000000000e+02 1.800000000000000000e+03 3.000000000000000000e+02 2.000000000000000000e+02 1.000000000000000000e+02 1.900000000000000000e+03 1.000000000000000000e+02 2.000000000000000000e+02 3.000000000000000000e+02 4.000000000000000000e+02 5.000000000000000000e+02 6.000000000000000000e+02 7.000000000000000000e+02 8.000000000000000000e+02 9.000000000000000000e+02 1.000000000000000000e+03 1.100000000000000000e+03 1.200000000000000000e+03 1.300000000000000000e+03 1.400000000000000000e+03 1.500000000000000000e+03 1.600000000000000000e+03 1.700000000000000000e+03
1.800000000000000000e+03 1.700000000000000000e+03 1.600000000000000000e+03 1.500000000000000000e+03 1.400000000000000000e+03 1.300000000000000000e+03 1.200000000000000000e+03 1.100000000000000000e+03 1.000000000000000000e+03 9.000000000000000000e+02 8.000000000000000000e+02 7.000000000000000000e+02 6.000000000000000000e+02 5.000000000000000000e+02 1.900000000000000000e+03 4.000000000000000000e+02 3.000000000000000000e+02 2.000000000000000000e+02 1.000000000000000000e+02 2.000000000000000000e+03 1.000000000000000000e+02 2.000000000000000000e+02 3.000000000000000000e+02 4.000000000000000000e+02 5.000000000000000000e+02 6.000000000000000000e+02 7.000000000000000000e+02 8.000000000000000000e+02 9.000000000000000000e+02 1.000000000000000000e+03 1.100000000000000000e+03 1.200000000000000000e+03 1.300000000000000000e+03 1.400000000000000000e+03 1.500000000000000000e+03 1.600000000000000000e+03 1.700000000000000000e+03
1.800000000000000000e+03 1.700000000000000000e+03 1.600000000000000000e+03 1.500000000000000000e+03 1.400000000000000000e+03 1.300000000000000000e+03 1.200000000000000000e+03 1.100000000000000000e+03 1.000000000000000000e+03 9.000000000000000000e+02 8.000000000000000000e+02 7.000000000000000000e+02 6.000000000000000000e+02 2.000000000000000000e+03 5.000000000000000000e+02 4.000000000000000000e+02 3.000000000000000000e+02 2.000000000000000000e+02 1.000000000000000000e+02 2.100000000000000000e+03 1.000000000000000000e+02 2.000000000000000000e+02 3.000000000000000000e+02 4.000000000000000000e+02 5.000000000000000000e+02 6.000000000000000000e+02 7.000000000000000000e+02 8.000000000000000000e+02 9.000000000000000000e+02 1.000000000000000000e+03 1.100000000000000000e+03 1.200000000000000000e+03 1.300000000000000000e+03 1.400000000000000000e+03 1.500000000000000000e+03 1.600000000000000000e+03 1.700000000000000000e+03
1.800000000000000000e+03 1.700000000000000000e+03 1.600000000000000000e+03 1.500000000000000000e+03 1.400000000000000000e+03 1.300000000000000000e+03 1.200000000000000000e+03 1.100000000000000000e+03 1.000000000000000000e+03 9.000000000000000000e+02 8.000000000000000000e+02 7.000000000000000000e+02 2.100000000000000000e+03 6.000000000000000000e+02 5.000000000000000000e+02 4.000000000000000000e+02 3.000000000000000000e+02 2.000000000000000000e+02 1.000000000000000000e+02 1.000000000000000000e+02 2.200000000000000000e+03 2.000000000000000000e+02 3.000000000000000000e+02 4.000000000000000000e+02 5.000000000000000000e+02 6.000000000000000000e+02 7.000000000000000000e+02 8.000000000000000000e+02 9.000000000000000000e+02 1.000000000000000000e+03 1.100000000000000000e+03 1.200000000000000000e+03 1.300000000000000000e+03 1.400000000000000000e+03 1.500000000000000000e+03 1.600000000000000000e+03 1.700000000000000000e+03
1.800000000000000000e+03 1.700000000000000000e+03 1.600000000000000000e+03 1.500000000000000000e+03 1.400000000000000000e+03 1.300000000000000000e+03 1.200000000000000000e+03 1.100000000000000000e+03 1.000000000000000000e+03 9.000000000000000000e+02 8.000000000000000000e+02 2.200000000000000000e+03 7.000000000000000000e+02 6.000000000000000000e+02 5.000000000000000000e+02 4.000000000000000000e+02 3.000000000000000000e+02 2.000000000000000000e+02 1.000000000000000000e+02 2.000000000000000000e+02 1.000000000000000000e+02 2.300000000000000000e+03 3.000000000000000000e+02 4.000000000000000000e+02 5.000000000000000000e+02 6.000000000000000000e+02 7.000000000000000000e+02 8.000000000000000000e+02 9.000000000000000000e+02 1.000000000000000000e+03 1.100000000000000000e+03 1.200000000000000000e+03 1.300000000000000000e+03 1.400000000000000000e+03 1.500000000000000000e+03 1.600000000000000000e+03 1.700000000000000000e+03
1.800000000000000000e+03 1.700000000000000000e+03 1.600000000000000000e+03 1.500000000000000000e+03 1.400000000000000000e+03 1.300000000000000000e+03 1.200000000000000000e+03 1.100000000000000000e+03 1.000000000000000000e+03 9.000000000000000000e+02 2.300000000000000000e+03 8.000000000000000000e+02 7.000000000000000000e+02 6.000000000000000000e+02 5.000000000000000000e+02 4.000000000000000000e+02 3.000000000000000000e+02 2.000000000000000000e+02 3.000000000000000000e+02 1.000000000000000000e+02 1.000000000000000000e+02 2.000000000000000000e+02 2.400000000000000000e+03 4.000000000000000000e+02 5.000000000000000000e+02 6.000000000000000000e+02 7.000000000000000000e+02 8.000000000000000000e+02 9.000000000000000000e+02 1.000000000000000000e+03 1.100000000000000000e+03 1.200000000000000000e+03 1.300000000000000000e+03 1.400000000000000000e+03 1.500000000000000000e+03 1.600000000000000000e+03 1.700000000000000000e+03
1.800000000000000000e+03 1.700000000000000000e+03 1.600000000000000000e+03 1.500000000000000000e+03 1.400000000000000000e+03 1.300000000000000000e+03 1.200000000000000000e+03 1.100000000000000000e+03 1.000000000000000000e+03 2.400000000000000000e+03 9.000000000000000000e+02 8.000000000000000000e+02 7.000000000000000000e+02 6.000000000000000000e+02 5.000000000000000000e+02 4.000000000000000000e+02 3.000000000000000000e+02 4.000000000000000000e+02 2.000000000000000000e+02 1.000000000000000000e+02 1.000000000000000000e+02 2.000000000000000000e+02 5.000000000000000000e+02 3.000000000000000000e+03 3.500000000000000000e+03 6.000000000000000000e+02 7.000000000000000000e+02 8.000000000000000000e+02 9.000000000000000000e+02 1.000000000000000000e+03 1.100000000000000000e+03 1.200000000000000000e+03 1.300000000000000000e+03 1.400000000000000000e+03 1.500000000000000000e+03 1.600000000000000000e+03 1.700000000000000000e+03
1.800000000000000000e+03 1.700000000000000000e+03 1.600000000000000000e+03 1.500000000000000000e+03 1.400000000000000000e+03 1.300000000000000000e+03 1.200000000000000000e+03 1.100000000000000000e+03 2.500000000000000000e+03 1.000000000000000000e+03 9.000000000000000000e+02 8.000000000000000000e+02 7.000000000000000000e+02 6.000000000000000000e+02 5.000000000000000000e+02 4.000000000000000000e+02 5.000000000000000000e+02 3.000000000000000000e+02 2.000000000000000000e+02 1.000000000000000000e+02 1.000000000000000000e+02 2.000000000000000000e+02 3.000000000000000000e+02 4.000000000000000000e+02 5.000000000000000000e+02 4.100000000000000000e+03 4.800000000000000000e+03 8.000000000000000000e+02 9.000000000000000000e+02 1.000000000000000000e+03 1.100000000000000000e+03 1.200000000000000000e+03 1.300000000000000000e+03 1.400000000000000000e+03 1.500000000000000000e+03 1.600000000000000000e+03 1.700000000000000000e+03
1.800000000000000000e+03 1.700000000000000000e+03 1.600000000000000000e+03 1.500000000000000000e+03 1.400000000000000000e+03 1.300000000000000000e+03 1.200000000000000000e+03 2.600000000000000000e+03 1.100000000000000000e+03 1.000000000000000000e+03 9.000000000000000000e+02 8.000000000000000000e+02 7.000000000000000000e+02 6.000000000000000000e+02 5.000000000000000000e+02 6.000000000000000000e+02 4.000000000000000000e+02 3.000000000000000000e+02 2.000000000000000000e+02 1.000000000000000000e+02 1.000000000000000000e+02 3.000000000000000000e+02 4.000000000000000000e+02 5.000000000000000000e+02 6.000000000000000000e+02 7.000000000000000000e+02 8.000000000000000000e+02 5.700000000000000000e+03 6.600000000000000000e+03 1.000000000000000000e+03 1.100000000000000000e+03 1.200000000000000000e+03 1.300000000000000000e+03 1.400000000000000000e+03 1.500000000000000000e+03 1.600000000000000000e+03 1.700000000000000000e+03
1.800000000000000000e+03 1.700000000000000000e+03 1.600000000000000000e+03 1.500000000000000000e+03 1.400000000000000000e+03 1.300000000000000000e+03 2.700000000000000000e+03 1.200000000000000000e+03 1.100000000000000000e+03 1.000000000000000000e+03 9.000000000000000000e+02 4.200000000000000000e+03 3.400000000000000000e+03 2.700000000000000000e+03 2.100000000000000000e+03 1.400000000000000000e+03 9.000000000000000000e+02 5.000000000000000000e+02 2.000000000000000000e+02 1.000000000000000000e+02 1.000000000000000000e+02 2.000000000000000000e+02 3.000000000000000000e+02 4.000000000000000000e+02 5.000000000000000000e+02 6.000000000000000000e+02 7.000000000000000000e+02 8.000000000000000000e+02 9.000000000000000000e+02 7.600000000000000000e+03 8.700000000000000000e+03 1.200000000000000000e+03 1.300000000000000000e+03 1.400000000000000000e+03 1.500000000000000000e+03 1.600000000000000000e+03 1.700000000000000000e+03
1.800000000000000000e+03 1.700000000000000000e+03 1.600000000000000000e+03 1.500000000000000000e+03 1.400000000000000000e+03 2.800000000000000000e+03 1.300000000000000000e+03 1.200000000000000000e+03 1.100000000000000000e+03 6.300000000000000000e+03 5.300000000000000000e+03 1.000000000000000000e+03 9.000000000000000000e+02 8.000000000000000000e+02 7.000000000000000000e+02 6.000000000000000000e+02 5.000000000000000000e+02 4.000000000000000000e+02 3.000000000000000000e+02 1.000000000000000000e+02 1.000000000000000000e+02 2.000000000000000000e+02 3.000000000000000000e+02 4.000000000000000000e+02 5.000000000000000000e+02 6.000000000000000000e+02 7.000000000000000000e+02 8.000000000000000000e+02 9.000000000000000000e+02 1.000000000000000000e+03 1.100000000000000000e+03 9.900000000000000000e+03 1.120000000000000000e+04 1.400000000000000000e+03 1.500000000000000000e+03 1.600000000000000000e+03 1.700000000000000000e+03
1.800000000000000000e+03 1.700000000000000000e+03 1.600000000000000000e+03 1.500000000000000000e+03 2.900000000000000000e+03 1.400000000000000000e+03 1.300000000000000000e+03 8.700000000000000000e+03 7.500000000000000000e+03 1.100000000000000000e+03 1.000000000000000000e+03 9.000000000000000000e+02 8.000000000000000000e+02 7.000000000000000000e+02 6.000000000000000000e+02 5.000000000000000000e+02 4.000000000000000000e+02 3.000000000000000000e+02 2.000000000000000000e+02 1.000000000000000000e+02 1.000000000000000000e+02 2.000000000000000000e+02 3.000000000000000000e+02 4.000000000000000000e+02 5.000000000000000000e+02 6.000000000000000000e+02 7.000000000000000000e+02 8.000000000000000000e+02 9.000000000000000000e+02 1.000000000000000000e+03 1.100000000000000000e+03 1.200000000000000000e+03 1.300000000000000000e+03 1.260000000000000000e+04 1.410000000000000000e+04 1.600000000000000000e+03 1.700000000000000000e+03
1.800000000000000000e+03 1.700000000000000000e+03 1.600000000000000000e+03 3.000000000000000000e+03 1.500000000000000000e+03 1.150000000000000000e+04 1.010000000000000000e+04 1.300000000000000000e+03 1.200000000000000000e+03 1.100000000000000000e+03 1.000000000000000000e+03 9.000000000000000000e+02 8.000000000000000000e+02 7.000000000000000000e+02 6.000000000000000000e+02 5.000000000000000000e+02 4.000000000000000000e+02 3.000000000000000000e+02 2.000000000000000000e+02 1.000000000000000000e+02 1.000000000000000000e+02 2.000000000000000000e+02 3.000000000000000000e+02 4.000000000000000000e+02 5.000000000000000000e+02 6.000000000000000000e+02 7.000000000000000000e+02 8.000000000000000000e+02 9.000000000000000000e+02 1.000000000000000000e+03 4.600000000000000000e+03 5.200000000000000000e+03 5.800000000000000000e+03 6.900000000000000000e+03 7.600000000000000000e+03 2.290000000000000000e+04 2.530000000000000000e+04
