output_new_topo_ddd_4/finaltopo_drainage_area.asc
ncols 300
nrows 100
xllcorner 0.0
yllcorner 0.0
cellsize 10.0
[rows 51 to 67 of 100, columns 111 to 147 of 300]
1.506000000000000000e+05 9.000000000000000000e+02 8.000000000000000000e+02 7.000000000000000000e+02 6.000000000000000000e+02 5.000000000000000000e+02 4.000000000000000000e+02 3.000000000000000000e+02 2.000000000000000000e+02 1.000000000000000000e+02 2.000000000000000000e+02 1.000000000000000000e+02 1.000000000000000000e+02 2.000000000000000000e+02 3.000000000000000000e+02 4.000000000000000000e+02 5.000000000000000000e+02 6.000000000000000000e+02 7.000000000000000000e+02 8.000000000000000000e+02 9.000000000000000000e+02 1.000000000000000000e+03 1.100000000000000000e+03 5.750000000000000000e+04 1.000000000000000000e+02 1.557000000000000000e+05 1.700000000000000000e+03 1.600000000000000000e+03 1.500000000000000000e+03 1.400000000000000000e+03 1.300000000000000000e+03 1.200000000000000000e+03 1.100000000000000000e+03 1.000000000000000000e+03 9.000000000000000000e+02 8.000000000000000000e+02 7.000000000000000000e+02
1.517000000000000000e+05 8.000000000000000000e+02 7.000000000000000000e+02 6.000000000000000000e+02 5.000000000000000000e+02 4.000000000000000000e+02 3.000000000000000000e+02 2.000000000000000000e+02 1.000000000000000000e+02 3.000000000000000000e+02 2.000000000000000000e+02 1.000000000000000000e+02 1.000000000000000000e+02 2.000000000000000000e+02 3.000000000000000000e+02 4.000000000000000000e+02 5.000000000000000000e+02 6.000000000000000000e+02 7.000000000000000000e+02 8.000000000000000000e+02 9.000000000000000000e+02 1.000000000000000000e+03 1.100000000000000000e+03 5.870000000000000000e+04 1.000000000000000000e+02 1.575000000000000000e+05 1.600000000000000000e+03 1.500000000000000000e+03 1.400000000000000000e+03 1.300000000000000000e+03 1.200000000000000000e+03 1.100000000000000000e+03 1.000000000000000000e+03 9.000000000000000000e+02 8.000000000000000000e+02 7.000000000000000000e+02 6.000000000000000000e+02
1.520000000000000000e+05 1.000000000000000000e+02 1.000000000000000000e+02 1.000000000000000000e+02 1.000000000000000000e+02 1.000000000000000000e+02 1.000000000000000000e+02 1.000000000000000000e+02 4.000000000000000000e+02 3.000000000000000000e+02 2.000000000000000000e+02 1.000000000000000000e+02 1.000000000000000000e+02 2.000000000000000000e+02 1.000000000000000000e+02 2.000000000000000000e+02 3.000000000000000000e+02 4.000000000000000000e+02 5.000000000000000000e+02 6.000000000000000000e+02 7.000000000000000000e+02 8.000000000000000000e+02 9.000000000000000000e+02 5.970000000000000000e+04 1.000000000000000000e+02 1.591000000000000000e+05 1.400000000000000000e+03 1.300000000000000000e+03 1.200000000000000000e+03 1.100000000000000000e+03 1.000000000000000000e+03 9.000000000000000000e+02 8.000000000000000000e+02 7.000000000000000000e+02 6.000000000000000000e+02 5.000000000000000000e+02 4.000000000000000000e+02
1.551000000000000000e+05 2.600000000000000000e+03 2.400000000000000000e+03 2.200000000000000000e+03 2.000000000000000000e+03 1.800000000000000000e+03 1.600000000000000000e+03 1.400000000000000000e+03 9.000000000000000000e+02 5.000000000000000000e+02 2.000000000000000000e+02 1.000000000000000000e+02 1.000000000000000000e+02 2.000000000000000000e+02 3.000000000000000000e+02 4.000000000000000000e+02 5.000000000000000000e+02 6.000000000000000000e+02 7.000000000000000000e+02 8.000000000000000000e+02 9.000000000000000000e+02 1.000000000000000000e+03 1.100000000000000000e+03 6.090000000000000000e+04 2.000000000000000000e+02 1.605000000000000000e+05 1.300000000000000000e+03 1.200000000000000000e+03 1.100000000000000000e+03 1.000000000000000000e+03 9.000000000000000000e+02 8.000000000000000000e+02 7.000000000000000000e+02 6.000000000000000000e+02 5.000000000000000000e+02 4.000000000000000000e+02 3.000000000000000000e+02
1.563000000000000000e+05 1.100000000000000000e+03 1.000000000000000000e+03 9.000000000000000000e+02 8.000000000000000000e+02 7.000000000000000000e+02 6.000000000000000000e+02 5.000000000000000000e+02 4.000000000000000000e+02 3.000000000000000000e+02 2.000000000000000000e+02 1.000000000000000000e+02 1.000000000000000000e+02 2.000000000000000000e+02 3.000000000000000000e+02 1.000000000000000000e+02 2.000000000000000000e+02 3.000000000000000000e+02 4.000000000000000000e+02 5.000000000000000000e+02 6.000000000000000000e+02 7.000000000000000000e+02 8.000000000000000000e+02 9.000000000000000000e+02 2.238000000000000000e+05 1.200000000000000000e+03 1.100000000000000000e+03 1.000000000000000000e+03 9.000000000000000000e+02 8.000000000000000000e+02 7.000000000000000000e+02 6.000000000000000000e+02 5.000000000000000000e+02 4.000000000000000000e+02 3.000000000000000000e+02 2.000000000000000000e+02 1.000000000000000000e+02
1.583000000000000000e+05 1.100000000000000000e+03 1.000000000000000000e+03 9.000000000000000000e+02 8.000000000000000000e+02 7.000000000000000000e+02 6.000000000000000000e+02 5.000000000000000000e+02 4.000000000000000000e+02 3.000000000000000000e+02 2.000000000000000000e+02 1.000000000000000000e+02 1.000000000000000000e+02 2.000000000000000000e+02 3.000000000000000000e+02 4.000000000000000000e+02 1.000000000000000000e+02 2.000000000000000000e+02 3.000000000000000000e+02 4.000000000000000000e+02 5.000000000000000000e+02 6.000000000000000000e+02 7.000000000000000000e+02 8.000000000000000000e+02 2.257000000000000000e+05 1.000000000000000000e+03 9.000000000000000000e+02 8.000000000000000000e+02 7.000000000000000000e+02 6.000000000000000000e+02 5.000000000000000000e+02 4.000000000000000000e+02 3.000000000000000000e+02 2.000000000000000000e+02 1.000000000000000000e+02 1.000000000000000000e+02 2.000000000000000000e+02
1.602000000000000000e+05 1.100000000000000000e+03 1.000000000000000000e+03 9.000000000000000000e+02 8.000000000000000000e+02 7.000000000000000000e+02 6.000000000000000000e+02 5.000000000000000000e+02 4.000000000000000000e+02 3.000000000000000000e+02 2.000000000000000000e+02 1.000000000000000000e+02 1.000000000000000000e+02 2.000000000000000000e+02 3.000000000000000000e+02 4.000000000000000000e+02 5.000000000000000000e+02 1.000000000000000000e+02 1.000000000000000000e+02 2.000000000000000000e+02 3.000000000000000000e+02 4.000000000000000000e+02 5.000000000000000000e+02 6.000000000000000000e+02 2.273000000000000000e+05 9.000000000000000000e+02 8.000000000000000000e+02 7.000000000000000000e+02 6.000000000000000000e+02 5.000000000000000000e+02 4.000000000000000000e+02 3.000000000000000000e+02 2.000000000000000000e+02 1.000000000000000000e+02 2.000000000000000000e+02 3.000000000000000000e+02 5.000000000000000000e+02
1.200000000000000000e+03 1.100000000000000000e+03 1.000000000000000000e+03 9.000000000000000000e+02 8.000000000000000000e+02 7.000000000000000000e+02 6.000000000000000000e+02 5.000000000000000000e+02 4.000000000000000000e+02 3.000000000000000000e+02 2.000000000000000000e+02 1.000000000000000000e+02 1.000000000000000000e+02 2.000000000000000000e+02 3.000000000000000000e+02 4.000000000000000000e+02 5.000000000000000000e+02 6.000000000000000000e+02 2.000000000000000000e+02 1.000000000000000000e+02 1.000000000000000000e+02 2.000000000000000000e+02 3.000000000000000000e+02 4.000000000000000000e+02 2.285000000000000000e+05 7.000000000000000000e+02 6.000000000000000000e+02 5.000000000000000000e+02 4.000000000000000000e+02 3.000000000000000000e+02 2.000000000000000000e+02 1.000000000000000000e+02 1.000000000000000000e+02 3.000000000000000000e+02 4.000000000000000000e+02 6.000000000000000000e+02 2.200000000000000000e+03
1.100000000000000000e+03 1.000000000000000000e+03 9.000000000000000000e+02 8.000000000000000000e+02 7.000000000000000000e+02 6.000000000000000000e+02 5.000000000000000000e+02 4.000000000000000000e+02 3.000000000000000000e+02 2.000000000000000000e+02 1.000000000000000000e+02 1.000000000000000000e+02 2.000000000000000000e+02 2.000000000000000000e+02 3.000000000000000000e+02 4.000000000000000000e+02 5.000000000000000000e+02 6.000000000000000000e+02 7.000000000000000000e+02 3.000000000000000000e+02 2.000000000000000000e+02 1.000000000000000000e+02 2.000000000000000000e+02 3.000000000000000000e+02 2.294000000000000000e+05 5.000000000000000000e+02 4.000000000000000000e+02 3.000000000000000000e+02 2.000000000000000000e+02 1.000000000000000000e+02 1.000000000000000000e+02 2.000000000000000000e+02 4.000000000000000000e+02 5.000000000000000000e+02 7.000000000000000000e+02 2.300000000000000000e+03 2.200000000000000000e+03
1.000000000000000000e+03 9.000000000000000000e+02 8.000000000000000000e+02 7.000000000000000000e+02 6.000000000000000000e+02 5.000000000000000000e+02 4.000000000000000000e+02 3.000000000000000000e+02 2.000000000000000000e+02 1.000000000000000000e+02 1.000000000000000000e+02 1.000000000000000000e+02 2.000000000000000000e+02 3.000000000000000000e+02 3.000000000000000000e+02 4.000000000000000000e+02 5.000000000000000000e+02 6.000000000000000000e+02 7.000000000000000000e+02 8.000000000000000000e+02 4.000000000000000000e+02 3.000000000000000000e+02 1.000000000000000000e+02 2.000000000000000000e+02 2.306000000000000000e+05 9.000000000000000000e+02 8.000000000000000000e+02 7.000000000000000000e+02 6.000000000000000000e+02 5.000000000000000000e+02 3.000000000000000000e+02 5.000000000000000000e+02 6.000000000000000000e+02 8.000000000000000000e+02 2.400000000000000000e+03 2.300000000000000000e+03 2.200000000000000000e+03
1.100000000000000000e+03 1.000000000000000000e+03 9.000000000000000000e+02 8.000000000000000000e+02 7.000000000000000000e+02 6.000000000000000000e+02 5.000000000000000000e+02 4.000000000000000000e+02 3.000000000000000000e+02 2.000000000000000000e+02 1.000000000000000000e+02 1.000000000000000000e+02 2.000000000000000000e+02 3.000000000000000000e+02 4.000000000000000000e+02 4.000000000000000000e+02 5.000000000000000000e+02 6.000000000000000000e+02 7.000000000000000000e+02 8.000000000000000000e+02 9.000000000000000000e+02 5.000000000000000000e+02 4.000000000000000000e+02 1.000000000000000000e+02 2.313000000000000000e+05 5.000000000000000000e+02 4.000000000000000000e+02 3.000000000000000000e+02 2.000000000000000000e+02 1.000000000000000000e+02 6.000000000000000000e+02 7.000000000000000000e+02 9.000000000000000000e+02 2.500000000000000000e+03 2.400000000000000000e+03 2.300000000000000000e+03 1.400000000000000000e+03
1.100000000000000000e+03 1.000000000000000000e+03 9.000000000000000000e+02 8.000000000000000000e+02 7.000000000000000000e+02 6.000000000000000000e+02 5.000000000000000000e+02 4.000000000000000000e+02 3.000000000000000000e+02 2.000000000000000000e+02 1.000000000000000000e+02 1.000000000000000000e+02 2.000000000000000000e+02 3.000000000000000000e+02 4.000000000000000000e+02 5.000000000000000000e+02 5.000000000000000000e+02 6.000000000000000000e+02 7.000000000000000000e+02 8.000000000000000000e+02 9.000000000000000000e+02 1.000000000000000000e+03 6.000000000000000000e+02 5.000000000000000000e+02 2.322000000000000000e+05 3.000000000000000000e+02 2.000000000000000000e+02 1.000000000000000000e+02 1.000000000000000000e+02 7.000000000000000000e+02 8.000000000000000000e+02 1.000000000000000000e+03 2.600000000000000000e+03 2.500000000000000000e+03 2.400000000000000000e+03 1.500000000000000000e+03 9.000000000000000000e+02
1.100000000000000000e+03 1.000000000000000000e+03 9.000000000000000000e+02 8.000000000000000000e+02 7.000000000000000000e+02 6.000000000000000000e+02 5.000000000000000000e+02 4.000000000000000000e+02 3.000000000000000000e+02 2.000000000000000000e+02 1.000000000000000000e+02 1.000000000000000000e+02 2.000000000000000000e+02 3.000000000000000000e+02 4.000000000000000000e+02 5.000000000000000000e+02 6.000000000000000000e+02 6.000000000000000000e+02 7.000000000000000000e+02 8.000000000000000000e+02 9.000000000000000000e+02 1.000000000000000000e+03 1.100000000000000000e+03 7.000000000000000000e+02 2.347000000000000000e+05 2.100000000000000000e+03 2.000000000000000000e+03 1.900000000000000000e+03 1.700000000000000000e+03 9.000000000000000000e+02 1.100000000000000000e+03 2.700000000000000000e+03 2.600000000000000000e+03 2.500000000000000000e+03 1.600000000000000000e+03 1.000000000000000000e+03 8.000000000000000000e+02
1.000000000000000000e+03 9.000000000000000000e+02 8.000000000000000000e+02 7.000000000000000000e+02 6.000000000000000000e+02 5.000000000000000000e+02 4.000000000000000000e+02 3.000000000000000000e+02 2.000000000000000000e+02 1.000000000000000000e+02 1.000000000000000000e+02 2.000000000000000000e+02 2.000000000000000000e+02 3.000000000000000000e+02 4.000000000000000000e+02 5.000000000000000000e+02 6.000000000000000000e+02 7.000000000000000000e+02 7.000000000000000000e+02 8.000000000000000000e+02 9.000000000000000000e+02 1.000000000000000000e+03 1.100000000000000000e+03 2.367000000000000000e+05 1.000000000000000000e+02 3.000000000000000000e+02 2.000000000000000000e+02 1.000000000000000000e+02 1.000000000000000000e+02 1.200000000000000000e+03 2.800000000000000000e+03 2.700000000000000000e+03 2.600000000000000000e+03 1.700000000000000000e+03 1.100000000000000000e+03 9.000000000000000000e+02 7.000000000000000000e+02
1.000000000000000000e+03 9.000000000000000000e+02 8.000000000000000000e+02 7.000000000000000000e+02 6.000000000000000000e+02 5.000000000000000000e+02 4.000000000000000000e+02 3.000000000000000000e+02 2.000000000000000000e+02 1.000000000000000000e+02 1.000000000000000000e+02 2.000000000000000000e+02 3.000000000000000000e+02 3.000000000000000000e+02 4.000000000000000000e+02 5.000000000000000000e+02 6.000000000000000000e+02 7.000000000000000000e+02 8.000000000000000000e+02 8.000000000000000000e+02 9.000000000000000000e+02 1.000000000000000000e+03 2.399000000000000000e+05 4.000000000000000000e+02 3.000000000000000000e+02 2.000000000000000000e+02 1.000000000000000000e+02 2.000000000000000000e+02 1.300000000000000000e+03 2.900000000000000000e+03 2.800000000000000000e+03 2.700000000000000000e+03 1.800000000000000000e+03 1.200000000000000000e+03 1.000000000000000000e+03 8.000000000000000000e+02 6.000000000000000000e+02
1.000000000000000000e+03 9.000000000000000000e+02 8.000000000000000000e+02 7.000000000000000000e+02 6.000000000000000000e+02 5.000000000000000000e+02 4.000000000000000000e+02 3.000000000000000000e+02 2.000000000000000000e+02 1.000000000000000000e+02 1.000000000000000000e+02 2.000000000000000000e+02 3.000000000000000000e+02 4.000000000000000000e+02 4.000000000000000000e+02 5.000000000000000000e+02 6.000000000000000000e+02 7.000000000000000000e+02 8.000000000000000000e+02 1.700000000000000000e+03 2.600000000000000000e+03 3.600000000000000000e+03 2.442000000000000000e+05 2.000000000000000000e+02 1.000000000000000000e+02 1.000000000000000000e+02 3.000000000000000000e+02 1.400000000000000000e+03 3.000000000000000000e+03 2.900000000000000000e+03 2.800000000000000000e+03 1.900000000000000000e+03 1.300000000000000000e+03 1.100000000000000000e+03 9.000000000000000000e+02 7.000000000000000000e+02 5.000000000000000000e+02
1.000000000000000000e+03 9.000000000000000000e+02 8.000000000000000000e+02 7.000000000000000000e+02 6.000000000000000000e+02 5.000000000000000000e+02 4.000000000000000000e+02 3.000000000000000000e+02 2.000000000000000000e+02 1.000000000000000000e+02 1.000000000000000000e+02 3.000000000000000000e+02 6.000000000000000000e+02 1.000000000000000000e+03 1.500000000000000000e+03 2.000000000000000000e+03 2.600000000000000000e+03 3.300000000000000000e+03 4.100000000000000000e+03 1.000000000000000000e+02 1.000000000000000000e+02 2.000000000000000000e+02 2.446000000000000000e+05 1.000000000000000000e+02 2.000000000000000000e+02 4.000000000000000000e+02 1.500000000000000000e+03 3.100000000000000000e+03 3.000000000000000000e+03 2.900000000000000000e+03 2.000000000000000000e+03 1.400000000000000000e+03 1.200000000000000000e+03 1.000000000000000000e+03 8.000000000000000000e+02 6.000000000000000000e+02 4.000000000000000000e+02
