output_new_topo_ddd_4/finaltopo_surface_water__discharge.asc
ncols 300
nrows 100
xllcorner 0.0
yllcorner 0.0
cellsize 10.0
[rows 68 to 84 of 100, columns 185 to 221 of 300]
6.000000000000000000e+02 1.915000000000000000e+04 5.500000000000000000e+02 5.000000000000000000e+02 4.500000000000000000e+02 4.500000000000000000e+02 4.000000000000000000e+02 3.500000000000000000e+02 3.000000000000000000e+02 3.500000000000000000e+02 2.500000000000000000e+02 2.000000000000000000e+02 2.000000000000000000e+02 1.500000000000000000e+02 1.000000000000000000e+02 1.000000000000000000e+02 5.000000000000000000e+01 5.000000000000000000e+01 5.000000000000000000e+01 1.000000000000000000e+02 1.500000000000000000e+02 2.000000000000000000e+02 2.500000000000000000e+02 3.000000000000000000e+02 3.500000000000000000e+02 4.000000000000000000e+02 4.500000000000000000e+02 5.000000000000000000e+02 2.150000000000000000e+03 2.600000000000000000e+03 2.900000000000000000e+03 3.350000000000000000e+03 3.700000000000000000e+03 4.050000000000000000e+03 4.600000000000000000e+03 5.000000000000000000e+03 1.823500000000000000e+05
1.300000000000000000e+03 2.035000000000000000e+04 5.500000000000000000e+02 5.000000000000000000e+02 5.000000000000000000e+02 4.500000000000000000e+02 4.000000000000000000e+02 3.500000000000000000e+02 4.000000000000000000e+02 3.000000000000000000e+02 2.500000000000000000e+02 2.500000000000000000e+02 2.000000000000000000e+02 1.500000000000000000e+02 1.500000000000000000e+02 1.000000000000000000e+02 5.000000000000000000e+01 5.000000000000000000e+01 1.000000000000000000e+02 1.500000000000000000e+02 2.000000000000000000e+02 2.500000000000000000e+02 3.000000000000000000e+02 3.500000000000000000e+02 4.000000000000000000e+02 4.500000000000000000e+02 1.400000000000000000e+03 1.600000000000000000e+03 4.000000000000000000e+02 2.500000000000000000e+02 4.000000000000000000e+02 3.000000000000000000e+02 3.000000000000000000e+02 5.000000000000000000e+02 3.500000000000000000e+02 3.500000000000000000e+02 3.500000000000000000e+02
6.500000000000000000e+02 2.225000000000000000e+04 5.500000000000000000e+02 5.500000000000000000e+02 5.000000000000000000e+02 4.500000000000000000e+02 4.000000000000000000e+02 4.500000000000000000e+02 3.500000000000000000e+02 3.000000000000000000e+02 3.000000000000000000e+02 2.500000000000000000e+02 2.000000000000000000e+02 2.000000000000000000e+02 1.500000000000000000e+02 1.000000000000000000e+02 5.000000000000000000e+01 1.000000000000000000e+02 5.000000000000000000e+01 5.000000000000000000e+01 1.000000000000000000e+02 1.500000000000000000e+02 2.000000000000000000e+02 2.500000000000000000e+02 7.500000000000000000e+02 9.000000000000000000e+02 1.500000000000000000e+02 3.500000000000000000e+02 2.000000000000000000e+02 3.500000000000000000e+02 2.500000000000000000e+02 2.500000000000000000e+02 4.500000000000000000e+02 3.000000000000000000e+02 3.000000000000000000e+02 3.000000000000000000e+02 3.000000000000000000e+02
4.050000000000000000e+03 2.700000000000000000e+04 1.150000000000000000e+03 5.500000000000000000e+02 5.000000000000000000e+02 4.500000000000000000e+02 5.000000000000000000e+02 4.000000000000000000e+02 3.500000000000000000e+02 3.500000000000000000e+02 3.000000000000000000e+02 2.500000000000000000e+02 2.500000000000000000e+02 2.000000000000000000e+02 1.500000000000000000e+02 1.000000000000000000e+02 1.500000000000000000e+02 5.000000000000000000e+01 5.000000000000000000e+01 1.000000000000000000e+02 1.500000000000000000e+02 2.000000000000000000e+02 2.500000000000000000e+02 4.500000000000000000e+02 1.000000000000000000e+02 1.000000000000000000e+02 3.000000000000000000e+02 1.500000000000000000e+02 3.000000000000000000e+02 2.000000000000000000e+02 2.000000000000000000e+02 4.000000000000000000e+02 2.500000000000000000e+02 2.500000000000000000e+02 2.500000000000000000e+02 2.500000000000000000e+02 2.500000000000000000e+02
4.000000000000000000e+02 5.000000000000000000e+01 2.875000000000000000e+04 5.500000000000000000e+02 5.000000000000000000e+02 5.500000000000000000e+02 4.500000000000000000e+02 4.000000000000000000e+02 4.000000000000000000e+02 3.500000000000000000e+02 3.000000000000000000e+02 3.000000000000000000e+02 2.500000000000000000e+02 2.000000000000000000e+02 1.500000000000000000e+02 2.000000000000000000e+02 1.000000000000000000e+02 5.000000000000000000e+01 1.000000000000000000e+02 5.000000000000000000e+01 5.000000000000000000e+01 1.000000000000000000e+02 1.500000000000000000e+02 5.000000000000000000e+01 5.000000000000000000e+01 2.500000000000000000e+02 1.000000000000000000e+02 2.500000000000000000e+02 1.500000000000000000e+02 1.500000000000000000e+02 3.500000000000000000e+02 2.000000000000000000e+02 2.000000000000000000e+02 2.000000000000000000e+02 2.000000000000000000e+02 2.000000000000000000e+02 2.000000000000000000e+02
3.500000000000000000e+02 8.000000000000000000e+02 2.940000000000000000e+04 5.500000000000000000e+02 6.000000000000000000e+02 5.000000000000000000e+02 4.500000000000000000e+02 4.500000000000000000e+02 4.000000000000000000e+02 3.500000000000000000e+02 3.500000000000000000e+02 3.000000000000000000e+02 2.500000000000000000e+02 2.000000000000000000e+02 2.500000000000000000e+02 1.500000000000000000e+02 1.000000000000000000e+02 1.500000000000000000e+02 5.000000000000000000e+01 5.000000000000000000e+01 1.000000000000000000e+02 5.000000000000000000e+01 1.000000000000000000e+02 1.500000000000000000e+02 2.000000000000000000e+02 5.000000000000000000e+01 2.000000000000000000e+02 1.000000000000000000e+02 1.000000000000000000e+02 3.000000000000000000e+02 1.500000000000000000e+02 1.500000000000000000e+02 1.500000000000000000e+02 1.500000000000000000e+02 1.500000000000000000e+02 1.500000000000000000e+02 1.500000000000000000e+02
2.500000000000000000e+02 5.000000000000000000e+01 3.080000000000000000e+04 6.500000000000000000e+02 5.500000000000000000e+02 5.000000000000000000e+02 5.000000000000000000e+02 4.500000000000000000e+02 4.000000000000000000e+02 4.000000000000000000e+02 3.500000000000000000e+02 3.000000000000000000e+02 2.500000000000000000e+02 3.000000000000000000e+02 2.000000000000000000e+02 1.500000000000000000e+02 2.000000000000000000e+02 1.000000000000000000e+02 5.000000000000000000e+01 1.000000000000000000e+02 5.000000000000000000e+01 1.500000000000000000e+02 5.000000000000000000e+01 5.000000000000000000e+01 1.000000000000000000e+02 1.500000000000000000e+02 5.000000000000000000e+01 5.000000000000000000e+01 2.500000000000000000e+02 1.000000000000000000e+02 1.000000000000000000e+02 1.000000000000000000e+02 1.000000000000000000e+02 1.000000000000000000e+02 1.000000000000000000e+02 1.000000000000000000e+02 1.000000000000000000e+02
1.500000000000000000e+02 4.500000000000000000e+02 3.135000000000000000e+04 1.250000000000000000e+03 5.500000000000000000e+02 5.500000000000000000e+02 5.000000000000000000e+02 4.500000000000000000e+02 4.500000000000000000e+02 4.000000000000000000e+02 3.500000000000000000e+02 3.000000000000000000e+02 3.500000000000000000e+02 2.500000000000000000e+02 2.000000000000000000e+02 2.500000000000000000e+02 1.500000000000000000e+02 5.000000000000000000e+01 1.000000000000000000e+02 1.500000000000000000e+02 1.000000000000000000e+02 5.000000000000000000e+01 2.000000000000000000e+02 1.000000000000000000e+02 5.000000000000000000e+01 1.000000000000000000e+02 1.500000000000000000e+02 2.000000000000000000e+02 5.000000000000000000e+01 5.000000000000000000e+01 5.000000000000000000e+01 5.000000000000000000e+01 5.000000000000000000e+01 5.000000000000000000e+01 5.000000000000000000e+01 5.000000000000000000e+01 5.000000000000000000e+01
1.000000000000000000e+02 1.500000000000000000e+02 2.000000000000000000e+02 3.320000000000000000e+04 6.000000000000000000e+02 5.500000000000000000e+02 5.000000000000000000e+02 5.000000000000000000e+02 4.500000000000000000e+02 4.000000000000000000e+02 3.500000000000000000e+02 4.000000000000000000e+02 3.000000000000000000e+02 2.500000000000000000e+02 3.000000000000000000e+02 2.000000000000000000e+02 1.000000000000000000e+02 5.000000000000000000e+01 1.500000000000000000e+02 2.000000000000000000e+02 1.500000000000000000e+02 1.000000000000000000e+02 2.500000000000000000e+02 5.000000000000000000e+01 1.500000000000000000e+02 5.000000000000000000e+01 5.000000000000000000e+01 1.000000000000000000e+02 1.500000000000000000e+02 2.000000000000000000e+02 2.500000000000000000e+02 3.000000000000000000e+02 3.500000000000000000e+02 4.000000000000000000e+02 4.500000000000000000e+02 5.000000000000000000e+02 5.500000000000000000e+02
5.000000000000000000e+01 5.000000000000000000e+01 5.000000000000000000e+01 3.405000000000000000e+04 6.000000000000000000e+02 5.500000000000000000e+02 5.500000000000000000e+02 5.000000000000000000e+02 4.500000000000000000e+02 4.000000000000000000e+02 4.500000000000000000e+02 3.500000000000000000e+02 3.000000000000000000e+02 3.500000000000000000e+02 2.500000000000000000e+02 1.500000000000000000e+02 1.000000000000000000e+02 5.000000000000000000e+01 2.000000000000000000e+02 2.500000000000000000e+02 2.000000000000000000e+02 1.500000000000000000e+02 3.000000000000000000e+02 1.000000000000000000e+02 5.000000000000000000e+01 2.000000000000000000e+02 1.000000000000000000e+02 5.000000000000000000e+01 1.000000000000000000e+02 1.500000000000000000e+02 2.000000000000000000e+02 2.500000000000000000e+02 3.000000000000000000e+02 3.500000000000000000e+02 4.000000000000000000e+02 4.500000000000000000e+02 5.000000000000000000e+02
2.000000000000000000e+02 1.000000000000000000e+02 1.000000000000000000e+02 3.475000000000000000e+04 6.000000000000000000e+02 6.000000000000000000e+02 5.500000000000000000e+02 5.000000000000000000e+02 4.500000000000000000e+02 5.000000000000000000e+02 4.000000000000000000e+02 3.500000000000000000e+02 4.000000000000000000e+02 3.000000000000000000e+02 2.000000000000000000e+02 1.500000000000000000e+02 5.000000000000000000e+01 1.000000000000000000e+02 2.500000000000000000e+02 3.000000000000000000e+02 2.500000000000000000e+02 2.000000000000000000e+02 3.500000000000000000e+02 1.500000000000000000e+02 1.000000000000000000e+02 2.500000000000000000e+02 5.000000000000000000e+01 1.500000000000000000e+02 5.000000000000000000e+01 5.000000000000000000e+01 1.000000000000000000e+02 1.500000000000000000e+02 2.000000000000000000e+02 2.500000000000000000e+02 3.000000000000000000e+02 3.500000000000000000e+02 4.000000000000000000e+02
3.000000000000000000e+02 2.500000000000000000e+02 1.500000000000000000e+02 3.550000000000000000e+04 6.500000000000000000e+02 6.000000000000000000e+02 5.500000000000000000e+02 5.000000000000000000e+02 5.500000000000000000e+02 4.500000000000000000e+02 4.000000000000000000e+02 4.500000000000000000e+02 3.500000000000000000e+02 2.500000000000000000e+02 2.000000000000000000e+02 1.000000000000000000e+02 5.000000000000000000e+01 1.500000000000000000e+02 3.000000000000000000e+02 3.500000000000000000e+02 3.000000000000000000e+02 2.500000000000000000e+02 4.000000000000000000e+02 2.000000000000000000e+02 1.500000000000000000e+02 3.000000000000000000e+02 1.000000000000000000e+02 5.000000000000000000e+01 2.000000000000000000e+02 1.000000000000000000e+02 5.000000000000000000e+01 1.000000000000000000e+02 1.500000000000000000e+02 2.000000000000000000e+02 2.500000000000000000e+02 3.000000000000000000e+02 3.500000000000000000e+02
6.500000000000000000e+02 3.500000000000000000e+02 3.000000000000000000e+02 3.635000000000000000e+04 6.500000000000000000e+02 6.000000000000000000e+02 5.500000000000000000e+02 6.000000000000000000e+02 5.000000000000000000e+02 4.500000000000000000e+02 5.000000000000000000e+02 4.000000000000000000e+02 3.000000000000000000e+02 2.500000000000000000e+02 1.500000000000000000e+02 1.000000000000000000e+02 5.000000000000000000e+01 2.000000000000000000e+02 3.500000000000000000e+02 4.000000000000000000e+02 3.500000000000000000e+02 3.000000000000000000e+02 4.500000000000000000e+02 2.500000000000000000e+02 2.000000000000000000e+02 3.500000000000000000e+02 1.500000000000000000e+02 1.000000000000000000e+02 2.500000000000000000e+02 5.000000000000000000e+01 1.500000000000000000e+02 5.000000000000000000e+01 1.000000000000000000e+02 1.500000000000000000e+02 2.000000000000000000e+02 2.500000000000000000e+02 3.000000000000000000e+02
6.000000000000000000e+02 7.000000000000000000e+02 4.000000000000000000e+02 3.735000000000000000e+04 6.500000000000000000e+02 6.000000000000000000e+02 6.500000000000000000e+02 5.500000000000000000e+02 5.000000000000000000e+02 5.500000000000000000e+02 4.500000000000000000e+02 3.500000000000000000e+02 3.000000000000000000e+02 2.000000000000000000e+02 1.500000000000000000e+02 5.000000000000000000e+01 1.000000000000000000e+02 2.500000000000000000e+02 4.000000000000000000e+02 4.500000000000000000e+02 4.000000000000000000e+02 3.500000000000000000e+02 5.000000000000000000e+02 3.000000000000000000e+02 2.500000000000000000e+02 4.000000000000000000e+02 2.000000000000000000e+02 1.500000000000000000e+02 3.000000000000000000e+02 1.000000000000000000e+02 5.000000000000000000e+01 2.000000000000000000e+02 5.000000000000000000e+01 5.000000000000000000e+01 1.000000000000000000e+02 1.500000000000000000e+02 2.000000000000000000e+02
6.000000000000000000e+02 6.500000000000000000e+02 7.500000000000000000e+02 3.845000000000000000e+04 6.500000000000000000e+02 7.000000000000000000e+02 6.000000000000000000e+02 5.500000000000000000e+02 6.000000000000000000e+02 5.000000000000000000e+02 4.000000000000000000e+02 3.500000000000000000e+02 2.500000000000000000e+02 2.000000000000000000e+02 1.000000000000000000e+02 5.000000000000000000e+01 1.500000000000000000e+02 3.000000000000000000e+02 4.500000000000000000e+02 5.000000000000000000e+02 4.500000000000000000e+02 4.000000000000000000e+02 5.500000000000000000e+02 3.500000000000000000e+02 3.000000000000000000e+02 4.500000000000000000e+02 2.500000000000000000e+02 2.000000000000000000e+02 3.500000000000000000e+02 1.500000000000000000e+02 1.000000000000000000e+02 5.000000000000000000e+01 2.500000000000000000e+02 1.000000000000000000e+02 5.000000000000000000e+01 1.000000000000000000e+02 1.500000000000000000e+02
5.500000000000000000e+02 6.500000000000000000e+02 7.000000000000000000e+02 3.990000000000000000e+04 7.500000000000000000e+02 6.500000000000000000e+02 6.000000000000000000e+02 6.500000000000000000e+02 5.500000000000000000e+02 4.500000000000000000e+02 4.000000000000000000e+02 3.000000000000000000e+02 2.500000000000000000e+02 1.500000000000000000e+02 5.000000000000000000e+01 1.000000000000000000e+02 2.000000000000000000e+02 3.500000000000000000e+02 5.000000000000000000e+02 5.500000000000000000e+02 5.000000000000000000e+02 4.500000000000000000e+02 6.000000000000000000e+02 4.000000000000000000e+02 3.500000000000000000e+02 5.000000000000000000e+02 3.000000000000000000e+02 2.500000000000000000e+02 4.000000000000000000e+02 2.000000000000000000e+02 1.500000000000000000e+02 1.000000000000000000e+02 5.000000000000000000e+01 3.000000000000000000e+02 1.500000000000000000e+02 5.000000000000000000e+01 1.000000000000000000e+02
5.000000000000000000e+02 6.000000000000000000e+02 7.000000000000000000e+02 4.140000000000000000e+04 7.000000000000000000e+02 6.500000000000000000e+02 7.000000000000000000e+02 6.000000000000000000e+02 5.000000000000000000e+02 4.500000000000000000e+02 3.500000000000000000e+02 3.000000000000000000e+02 2.000000000000000000e+02 1.000000000000000000e+02 5.000000000000000000e+01 1.500000000000000000e+02 2.500000000000000000e+02 4.000000000000000000e+02 5.500000000000000000e+02 6.000000000000000000e+02 5.500000000000000000e+02 5.000000000000000000e+02 6.500000000000000000e+02 4.500000000000000000e+02 4.000000000000000000e+02 5.500000000000000000e+02 3.500000000000000000e+02 3.000000000000000000e+02 4.500000000000000000e+02 2.500000000000000000e+02 2.000000000000000000e+02 1.500000000000000000e+02 1.000000000000000000e+02 5.000000000000000000e+01 3.500000000000000000e+02 2.000000000000000000e+02 5.000000000000000000e+01
