output_new_topo_ddd_4/finaltopo_soil_production__rate.asc
ncols 300
nrows 100
xllcorner 0.0
yllcorner 0.0
cellsize 10.0
[rows 51 to 67 of 100, columns 222 to 258 of 300]
3.704750406619574499e-05 2.577650611177240370e-05 3.809549009290163249e-05 3.903952047656966998e-05 3.954543428739755619e-05 3.834578486221406561e-05 4.029203165413857931e-05 4.145260919609151690e-05 4.272708860690848515e-05 4.417596541064659012e-05 4.587041271617195405e-05 4.790655813128486689e-05 4.841230555016957411e-05 4.684106497871675095e-05 4.556373575135367211e-05 4.455017944534425011e-05 4.378554860356490122e-05 4.323278815329425860e-05 4.903275402604630721e-05 4.718558153881154810e-05 4.570060257196110467e-05 4.448352195133757305e-05 4.356806691903272727e-05 2.241207232094998776e-05 3.321411214913344253e-05 3.947610433473072131e-05 4.032074030795189038e-05 4.055644793494708511e-05 4.081626377589307893e-05 4.101948655712593037e-05 4.116350431504896224e-05 4.127775043881410852e-05 4.137891708054575651e-05 4.147536578969053479e-05 4.155963400768481890e-05 4.162265762161612069e-05 4.165491267013620070e-05
3.626450336883142993e-05 2.376632281800681202e-05 3.973815763704858801e-05 3.972345156348472373e-05 3.815180971116815861e-05 3.976773834512214393e-05 4.073240350063364444e-05 4.184088798744996853e-05 4.311266234115986078e-05 4.458245728659514050e-05 4.630288854779173884e-05 4.836641175687577852e-05 4.767231603516033564e-05 4.842488185919444896e-05 4.574025548036285036e-05 4.462704070686375409e-05 4.375040205382936992e-05 4.307643277644920452e-05 4.253205140332385687e-05 4.941663321660339479e-05 4.941873683514637821e-05 4.726518037553520949e-05 4.570917388841275528e-05 2.192084222808874080e-05 3.923314277971382848e-05 3.942227021070366885e-05 3.983260641493596059e-05 3.986281438824192092e-05 3.988842785523426888e-05 3.994098088787252009e-05 4.001346578040689748e-05 4.009907067356037089e-05 4.019926880405549056e-05 4.030467714332950545e-05 4.039973267798390702e-05 4.047605254693395705e-05 4.052773111399798314e-05
2.492326986210556067e-05 4.948797402069313016e-05 3.978418401843208805e-05 3.798087609903770973e-05 3.927212028396600088e-05 4.004373525683951890e-05 4.100321177880669049e-05 4.213873203960619450e-05 4.345878916194239412e-05 4.498377291100399717e-05 4.674851255400309268e-05 4.885530686704261260e-05 4.706301949177952817e-05 4.871561395367680138e-05 4.700707587904927228e-05 4.468649071140781302e-05 4.373474623689557164e-05 4.300446333303620765e-05 4.245874960697500894e-05 4.203696700704469231e-05 4.787910582643297119e-05 4.970864054629814448e-05 4.741651144073321029e-05 2.201949649040390810e-05 4.868860427317603774e-05 5.068802611470923122e-05 3.913647357067495658e-05 3.856763391737440884e-05 3.825758242334301672e-05 3.812997769001877466e-05 3.807674133184714573e-05 3.805173931472057383e-05 3.802880745997194159e-05 3.799970257673478645e-05 3.796524192129919600e-05 3.792356538887198735e-05 3.787385260746205029e-05
4.849129750259086800e-05 3.973076448129523778e-05 3.768849262187168954e-05 3.863436610437623558e-05 3.930060995144198820e-05 4.016004929454145938e-05 4.118793971614835152e-05 4.239737333848633377e-05 4.380488687363150266e-05 4.542404132842853086e-05 4.723568505666334445e-05 4.931542006027603026e-05 4.647875717704641528e-05 4.898407984653541369e-05 4.714770920996520413e-05 4.573157921103993619e-05 4.370467267278917481e-05 4.292880284562490762e-05 4.238904871362997589e-05 4.206234956525745539e-05 4.186920646198614727e-05 4.700368188295335123e-05 4.998273630595777056e-05 2.235601591714880500e-05 5.012221497469400335e-05 3.447134819854133909e-05 3.789909750493154869e-05 3.823199996005239058e-05 3.835833258307603659e-05 3.842975643634369211e-05 3.849746849450948411e-05 3.857932469780932748e-05 3.867811416705761447e-05 3.877747997274238957e-05 3.887169128010441519e-05 3.895539673135363612e-05 3.902333502438940432e-05
2.154199065899969407e-05 3.933981237630528830e-05 3.736713343136870656e-05 3.840085314625046203e-05 3.931922565956652739e-05 4.028195938915480614e-05 4.138253700612865623e-05 4.267317286782468559e-05 4.419292767741033953e-05 4.599493461080422205e-05 4.920283652759332386e-05 4.837717611744663665e-05 4.589991447482263726e-05 4.923790920931238134e-05 4.727570831305221739e-05 4.576071020961407573e-05 4.456523053563619219e-05 4.280188456759331919e-05 4.222828888620556211e-05 4.195804502714164296e-05 4.201214694064025535e-05 4.237453857306641144e-05 4.643637619396347979e-05 2.253551181817058899e-05 3.214421495246101175e-05 3.646629994639793244e-05 3.703474819279272627e-05 3.738856899793862503e-05 3.763633076575300686e-05 3.782960521961941557e-05 3.799552419470358553e-05 3.814823762186487409e-05 3.829280951103512798e-05 3.843184775809900972e-05 3.856440841167141056e-05 3.868824906211765658e-05 3.879869418474546366e-05
5.080506911781291921e-05 2.012317787351553515e-05 3.020818625787158622e-05 3.126922668400867637e-05 3.277269289291890762e-05 3.476752487121227632e-05 3.737173350512033615e-05 4.073527649996996268e-05 4.509509763982359558e-05 4.795014776886892522e-05 4.987875189204995000e-05 4.758522524139165882e-05 4.528327090430298463e-05 4.948299206191862870e-05 4.740915011423631469e-05 4.579599026721958176e-05 4.449833400728506628e-05 4.346387288833232130e-05 4.193270476850731129e-05 4.161268896061604992e-05 4.173746918231360971e-05 4.246218546086393886e-05 4.432759828205732304e-05 2.285603140995527710e-05 3.712883527338588588e-05 3.718168587372427247e-05 3.751219512490821780e-05 3.784156513490116882e-05 3.813937236560174056e-05 3.840474220709143424e-05 3.864422588065800733e-05 3.886683224550820987e-05 3.908013631574764902e-05 3.928873823263369521e-05 3.949396759010096754e-05 3.969505771712723228e-05 3.988990613302551008e-05
5.266472416688483998e-05 2.278233761127203790e-05 4.002678737746526296e-05 4.076256144144787142e-05 4.160367433165537612e-05 4.256589779229782419e-05 4.376448761759567114e-05 4.530067207135357593e-05 4.725325559768497451e-05 4.872859716893140881e-05 5.037991014413713270e-05 4.677557403023177351e-05 4.461503909213744432e-05 4.973233895392442129e-05 4.756701721880374196e-05 4.587145415607493155e-05 4.446836720356054257e-05 4.327083205973518936e-05 4.230444602244321558e-05 4.102193058130057480e-05 4.110795763960023918e-05 4.160238525550008780e-05 4.305661532959760080e-05 1.957114369334708669e-05 3.502326219385833335e-05 3.600923519676069498e-05 3.664232050748367084e-05 3.704563674091471652e-05 3.732519199088542858e-05 3.753557354648085615e-05 3.770745792577187653e-05 3.786008194734994075e-05 3.800569397632151035e-05 3.815186998631578397e-05 3.830324117560929140e-05 3.846259890567398131e-05 3.863070313015652349e-05
4.996586096247672719e-05 2.004665081493922014e-05 4.116906986867816995e-05 4.301560459308082759e-05 4.454328210053793362e-05 4.607451768737421684e-05 4.785600995740210109e-05 5.012101616915126711e-05 4.800508477933018833e-05 5.073943622289773912e-05 4.910325947048769889e-05 4.593819629987080098e-05 4.389837333529684614e-05 4.999588458625979682e-05 4.776164878479644070e-05 4.601744680518871674e-05 4.454888034989395036e-05 4.318856968821306721e-05 4.184469810405301419e-05 4.089830291387817847e-05 4.024102256023923629e-05 4.170843616715483077e-05 1.943799021909960881e-05 5.024026030852840830e-05 3.633366090033956786e-05 3.708498118770001036e-05 3.703408421369723205e-05 3.710454515310785951e-05 3.721088317127312474e-05 3.732745416533687953e-05 3.744927386319645707e-05 3.757811103079086262e-05 3.771679181086590063e-05 3.786753103299707074e-05 3.803212836213634078e-05 3.821273565169338362e-05 3.841270659734600699e-05
2.198397811696584599e-05 5.153643765781059592e-05 4.439915142727978613e-05 4.537145052581934517e-05 4.659669420612705084e-05 4.826400135278275809e-05 5.042087653086158044e-05 4.744374475091064702e-05 4.961986596086146985e-05 5.103921145174558226e-05 4.793835465997878801e-05 4.507387045074770889e-05 4.313903640027729120e-05 5.028624169380860234e-05 4.798858785916479115e-05 4.623604217951128326e-05 4.479672162896960216e-05 4.344092235210249525e-05 4.176581102318204078e-05 3.919717936206388833e-05 4.127190396930167400e-05 1.929215953888510803e-05 5.132424839408391876e-05 3.891247982024492697e-05 3.930669334260040055e-05 3.883619113518172990e-05 3.862873232654767344e-05 3.857745352565548685e-05 3.861778267037151949e-05 3.871489976669779623e-05 3.885174091021047389e-05 3.901996733699161643e-05 3.921481412418879365e-05 3.943285835097695653e-05 3.967126981746635014e-05 3.992731139815714386e-05 4.019725003477824996e-05
2.075903569841081977e-05 4.042630167690190637e-05 4.177715475382052005e-05 4.276738387600187387e-05 4.388804661971752372e-05 4.527575558487541117e-05 4.701842821395978410e-05 4.897271845696282532e-05 5.155906188332236528e-05 4.950196517839784992e-05 4.684043715803035509e-05 4.421522547434044082e-05 4.235928096242004245e-05 5.053569729643184790e-05 4.821163420018943101e-05 4.647445969952253709e-05 4.514584938852659766e-05 4.408603854088974952e-05 4.310261669880743993e-05 4.119151724424273647e-05 1.897186050469697627e-05 4.180144700160928588e-05 4.005169873653058337e-05 3.957397415592609375e-05 3.912869385854505789e-05 3.882337689665158099e-05 3.864858998224583085e-05 3.857778940844074924e-05 3.858507746595945962e-05 3.865140025071250342e-05 3.876395147731876925e-05 3.891383649247723937e-05 3.909433291956098051e-05 3.930013993456443083e-05 3.952715933408715971e-05 3.977219083435633800e-05 4.003179302017374915e-05
5.237595866753469860e-05 4.602297848412875150e-05 4.679062836961390791e-05 4.794945676520732014e-05 4.956014133543514938e-05 5.166750257736948330e-05 4.838045114930200629e-05 5.040521091047016914e-05 5.146248414480890875e-05 4.813679630124728670e-05 4.580755813842117227e-05 4.339972815951071078e-05 4.164143824523083224e-05 4.879479870752229451e-05 5.038045618924093266e-05 4.665650994644742979e-05 4.540003494386537299e-05 4.460204125489070255e-05 4.430617420427801598e-05 4.331112702303583343e-05 2.187785094386323904e-05 3.942220927105189978e-05 3.930784719905902949e-05 3.929107574432988957e-05 3.926383486517764801e-05 3.925125808747000235e-05 3.927081949151387522e-05 3.933224971537647833e-05 3.943907948055921199e-05 3.959134586433270546e-05 3.978691457805364547e-05 4.002201102404734069e-05 4.029156235095464572e-05 4.058928586156439390e-05 4.090700714013966209e-05 4.123250533895460871e-05 4.154504792216756631e-05
4.567186844793034642e-05 4.690684431637401228e-05 4.828746231459439694e-05 4.994222631692822817e-05 5.203657870231995908e-05 4.774228043806957427e-05 4.949070878566856683e-05 5.184518910141434623e-05 4.967845834230967729e-05 4.691606039429916330e-05 4.486074720026020927e-05 4.264854796897909339e-05 4.097433320067589690e-05 4.741626794820080580e-05 5.058166106828195901e-05 4.827330518321690375e-05 4.546137904972336226e-05 4.466162541339883566e-05 4.469736819552090233e-05 4.579757201113304207e-05 2.268360446044084046e-05 3.794298161274377681e-05 3.809590055736910815e-05 3.839179647390696814e-05 3.862708358687695718e-05 3.879444851995856799e-05 3.892350413130009356e-05 3.904473318873216047e-05 3.918088720129853255e-05 3.934669637828289114e-05 3.954985847206394747e-05 3.979296434045869103e-05 4.007553178591846053e-05 4.039555328655243332e-05 4.074993652626940967e-05 4.113298007564132223e-05 4.153061825580921625e-05
4.582984879288480503e-05 4.810935527223360498e-05 5.015038035904103593e-05 5.233888121992524985e-05 4.701574378392426500e-05 4.858010161062166948e-05 5.217837150774743809e-05 4.996183605974396301e-05 4.820080042154273884e-05 4.583646738923537352e-05 4.401428107104352413e-05 4.197871574020637790e-05 4.037587239952180311e-05 4.623323730785711063e-05 5.072897463553090457e-05 4.836207286780506732e-05 4.669695211691515032e-05 4.427334035601193001e-05 4.396312924344943101e-05 4.520790175764575754e-05 1.954020278319735460e-05 3.527471164651613158e-05 3.650983299259230141e-05 3.726563650093459680e-05 3.771214872694376590e-05 3.798654250005936603e-05 3.817172961585280582e-05 3.832075744254465185e-05 3.846894258696074580e-05 3.864030412356310055e-05 3.884743703060503306e-05 3.909520583933959604e-05 3.938413600633412564e-05 3.971296081131784505e-05 4.007981846375001476e-05 4.048193232795458616e-05 4.091475487493402704e-05
5.082698087954083004e-05 5.246184944466271259e-05 5.241012483809817321e-05 4.617636151580936031e-05 4.765432645365725326e-05 5.238690228600721065e-05 5.021645608751942419e-05 4.840447178813307586e-05 4.693382049275449428e-05 4.489026886123837954e-05 4.327417323034656385e-05 4.140227718342907631e-05 3.986857830173914268e-05 4.520442211200397697e-05 5.079033125654152471e-05 4.837327695237460717e-05 4.707993161577625707e-05 4.447083121951683429e-05 4.433885644538037565e-05 1.948915811752101855e-05 5.114130981666337617e-05 3.741004164499764047e-05 3.839940683326326803e-05 3.850960708698898319e-05 3.870560226183303201e-05 3.890343222040380566e-05 3.909016665133095947e-05 3.927615694279374358e-05 3.948111988145626709e-05 3.973113333772302047e-05 4.003384910061410070e-05 4.038897363146151231e-05 4.079195200748569818e-05 4.123622278980704578e-05 4.171301682154247565e-05 4.220732190112588312e-05 4.268916880583789657e-05
5.257090665895557461e-05 5.053880677213654690e-05 4.524384698783860312e-05 4.666189748673536689e-05 5.072943537346042965e-05 5.215013679788375119e-05 4.855120198976980279e-05 4.706375690090480637e-05 4.584518643622479469e-05 4.407063478465849559e-05 4.264016017474091431e-05 4.092470790809067742e-05 3.947810486521853622e-05 4.433630382089945250e-05 5.073176795154796053e-05 4.809124760049311156e-05 4.698127934486617070e-05 4.775734975063966782e-05 2.123306771664269243e-05 5.225165273936793970e-05 3.884957521035453361e-05 3.890476212056596836e-05 3.853152080921447455e-05 3.843996196718070621e-05 3.847310720820233334e-05 3.855843291334638508e-05 3.866512798740477603e-05 3.878335613058933785e-05 3.892310468547665003e-05 3.915387335909456708e-05 3.945820383544643368e-05 3.982564912797345211e-05 4.024622034019093123e-05 4.071195940265758293e-05 4.121678324956557442e-05 4.175122103243709124e-05 4.228804784063807981e-05
4.791770852453793825e-05 4.420472889407220748e-05 4.567172447564056114e-05 4.926958304888296955e-05 5.236790740366073011e-05 5.003912152162809406e-05 4.712867772258991461e-05 4.591395351767985848e-05 4.491523690486014914e-05 4.336719259153065464e-05 4.210653788433950579e-05 4.054033653921576736e-05 3.923476091019375102e-05 4.366494142235530137e-05 5.061997006139323037e-05 4.740233627609486517e-05 4.230534617718342475e-05 5.278527043172329000e-05 1.977028172122162990e-05 3.637146723518094621e-05 3.792283057731225018e-05 3.850953459684397945e-05 3.871025822034747561e-05 3.880581246403826541e-05 3.888849407332124107e-05 3.898103235683936734e-05 3.908098015219939228e-05 3.916842569483237283e-05 3.919448232460658271e-05 3.950905947050693291e-05 3.990048467185964719e-05 4.035711055243765386e-05 4.086269245549083818e-05 4.140528656162792296e-05 4.197742653674758060e-05 4.256875860783366513e-05 4.315522332548422712e-05
4.505353895874291391e-05 4.523802675811466819e-05 4.795979376315968586e-05 5.245435172065131816e-05 5.023052960722505068e-05 4.834642218175017899e-05 4.588570232223032592e-05 4.493486306104547593e-05 4.413251240985014340e-05 4.276526880613246498e-05 4.166642095430464824e-05 4.022046286946540355e-05 3.917819764994919933e-05 4.324297156905305105e-05 5.055545190783907085e-05 4.870981329507571920e-05 1.916810710711991611e-05 2.077324576756449167e-05 4.584135500282884759e-05 2.942547123262893085e-05 3.084535432060742745e-05 3.088114968367818345e-05 3.104295925387344875e-05 3.127799717122810958e-05 3.157972651786528795e-05 3.195070754368087523e-05 3.238828044274995067e-05 3.287250185228515818e-05 3.883280294764128194e-05 3.972181424715628717e-05 4.022668388490458901e-05 4.078503586206898052e-05 4.138189009055766489e-05 4.200625342192149304e-05 4.265698647558750903e-05 4.332087377132165946e-05 4.394039451424560874e-05
