output_new_topo_ddd_4/finaltopo_topographic__steepest_slope.asc
ncols 300
nrows 100
xllcorner 0.0
yllcorner 0.0
cellsize 10.0
[rows 17 to 33 of 100, columns 74 to 110 of 300]
1.563084911068642613e-01 1.558286256215865306e-01 1.287928699902565199e-01 1.597714515086096632e-01 1.401387860912295114e-01 1.661563889729549826e-01 1.588143368418187262e-01 1.510734870558138598e-01 1.430736913330520055e-01 1.350020792923317114e-01 1.266460138097485755e-01 1.175731444551800509e-01 1.072779662777278986e-01 9.524255490177183092e-02 8.094955349789785537e-02 6.389879789124393306e-02 5.044062288740503580e-02 3.752072508225563763e-02 4.751565539112152792e-02 6.576172770104646292e-02 8.258691370016903177e-02 9.736534126966209235e-02 1.111883104205519529e-01 1.240314238380710171e-01 1.348174164736876401e-01 1.449876686271451276e-01 1.543518309926649457e-01 1.629356640317759508e-01 1.707743842611937624e-01 1.778934128284687666e-01 1.843284740689108137e-01 1.902034989030206291e-01 1.955379342037452950e-01 2.003194085832936400e-01 2.045315275996019422e-01 2.082104098055827246e-01 2.103047206632612520e-01
1.583666061030754579e-01 1.688441430121059850e-01 1.232206495014207676e-01 1.278140844564333578e-01 1.728724627001156366e-01 1.653335029737846296e-01 1.587894759115215382e-01 1.519898315295492297e-01 1.446256906229976269e-01 1.366502967887512909e-01 1.279350195260491319e-01 1.182196959604311787e-01 1.071455924458760423e-01 9.428200826825020031e-02 7.908144218121862523e-02 6.267273620382264598e-02 4.871372769269359526e-02 3.498622836811055709e-02 5.166199326558190003e-02 7.006689932893192529e-02 8.691296073212645412e-02 1.023804639666366922e-01 1.159606543802606804e-01 1.286013128387955284e-01 1.402905071718854035e-01 1.500978589701248422e-01 1.593234797647259116e-01 1.677732916577507893e-01 1.754825351520945265e-01 1.824937105034908913e-01 1.888363441917706997e-01 1.945531804513616903e-01 1.997500586051340898e-01 2.044280768470261578e-01 2.085493264164346994e-01 2.120490880812885837e-01 2.137363468433372271e-01
1.529327817442123205e-01 1.111780551212390861e-01 1.831956204632392005e-01 1.554461262275287636e-01 1.602933858316689109e-01 1.612048044358431187e-01 1.577311834639829047e-01 1.522329589794608751e-01 1.454593247781773013e-01 1.376285678222117781e-01 1.287216943355233012e-01 1.185765522405148459e-01 1.069367145520246226e-01 9.349991144884058081e-02 7.801952227897998582e-02 6.086907865381761124e-02 4.552559110220009975e-02 3.622008225819545180e-02 5.631240097245279047e-02 7.473712227396174523e-02 9.157191025271335660e-02 1.069398256024546162e-01 1.210108104861337686e-01 1.333589439437240509e-01 1.448087870995934667e-01 1.553522139445641659e-01 1.641886696341615937e-01 1.724782475130610948e-01 1.800293407106157151e-01 1.868865038532154244e-01 1.931010293959770363e-01 1.987092250096899049e-01 2.037611923836629702e-01 2.083430787976749965e-01 2.124299971578170743e-01 2.159333614163523596e-01 2.175302216164965996e-01
1.660572461437780645e-01 1.283384416042886167e-01 1.814759256395603870e-01 1.830797372989110272e-01 1.713665236633986066e-01 1.649417537904326880e-01 1.593818419181104729e-01 1.533518944332158129e-01 1.464341650440275089e-01 1.384483984536586942e-01 1.292407547003648349e-01 1.186168182944214722e-01 1.063256946005452647e-01 9.206722942932543674e-02 7.551474654707419909e-02 5.634357148180555580e-02 4.236864580627640320e-02 4.131209136257596448e-02 6.135946483628372528e-02 7.971710093604637837e-02 9.648499634614897402e-02 1.117667337289894869e-01 1.256732458875314262e-01 1.383687693573829591e-01 1.494957455582748285e-01 1.597700875117736841e-01 1.691854182331394008e-01 1.770663718866455627e-01 1.844333943725928460e-01 1.911067304982376758e-01 1.971418427626339120e-01 2.026006113260196695e-01 2.075289269217485688e-01 2.119860040491899911e-01 2.160403342908411295e-01 2.196286992432821827e-01 2.212689850295684046e-01
1.312833917033310593e-01 1.739895198628374773e-01 1.764081517306990976e-01 1.755665948281560362e-01 1.710989836162937761e-01 1.660875950988554561e-01 1.606656230512740480e-01 1.545451146576780899e-01 1.474693882330839756e-01 1.392344028743835449e-01 1.296459272055940914e-01 1.184840687881461435e-01 1.054817705234384617e-01 9.030626449863347893e-02 7.250657072064967124e-02 5.378985754841380390e-02 4.014993898879366113e-02 4.648171270063923555e-02 6.669376550514527491e-02 8.494618847698266750e-02 1.016028818785347093e-01 1.167706301963279819e-01 1.305510368579066161e-01 1.430453051105003981e-01 1.544086342343248819e-01 1.643420799231871399e-01 1.734628416056888112e-01 1.817689859063502389e-01 1.887128935637518712e-01 1.951752440587116166e-01 2.009979686855405401e-01 2.062484752251351749e-01 2.110000658927680128e-01 2.153121058776949481e-01 2.192575831023801380e-01 2.228799887795082924e-01 2.246579595670457341e-01
1.684603139868485755e-01 1.720679996531160327e-01 1.735590621766092967e-01 1.731694886078031514e-01 1.706780605254294980e-01 1.667818019302615140e-01 1.617893892760548513e-01 1.557303132789883138e-01 1.485112071265760336e-01 1.399859434096143163e-01 1.299732613475299559e-01 1.182543947740327950e-01 1.045664827606657410e-01 8.859575747380858679e-02 6.996742780860358557e-02 5.183054653789885557e-02 3.762017398482873226e-02 5.187572918017832602e-02 7.211590349454338744e-02 9.043115799647043207e-02 1.069049198006416651e-01 1.219176604313255419e-01 1.355532340866254237e-01 1.478994472046423758e-01 1.590412589792997433e-01 1.691187473477809844e-01 1.778871442857260232e-01 1.858741555120253797e-01 1.930887915668524080e-01 1.991166869085063129e-01 2.046985643191970294e-01 2.097054263499970872e-01 2.142149225384013533e-01 2.183094968745893372e-01 2.220596768581760971e-01 2.255349341014907527e-01 2.273050200560140788e-01
1.763354322061022328e-01 1.732629071124918707e-01 1.750963984515749305e-01 1.744823523358121631e-01 1.721532482928296304e-01 1.684372860246853010e-01 1.634747881528411939e-01 1.572777433976895733e-01 1.497738101536114641e-01 1.408335801205993221e-01 1.302823836765014676e-01 1.179033206547742962e-01 1.034383341593269334e-01 8.659199573001216677e-02 6.703580179050590282e-02 4.909424854592794873e-02 3.617453690804665889e-02 5.762081611398434805e-02 7.777030954063078594e-02 9.597021303912760259e-02 1.124171043415609639e-01 1.271964917961143360e-01 1.406551497272863216e-01 1.528444313567450807e-01 1.638294726197966622e-01 1.736747082569722045e-01 1.825035654706165522e-01 1.901276641265564060e-01 1.969960087932637605e-01 2.031376603778636269e-01 2.082768456638753596e-01 2.130149013014810688e-01 2.172551156076318879e-01 2.210771261328459414e-01 2.245539364570960372e-01 2.277370603469545396e-01 2.293345784562694500e-01
1.949869269553587969e-01 1.858390429562504775e-01 1.818407628737361281e-01 1.789063170447178774e-01 1.755795193267289389e-01 1.713364578910457625e-01 1.659661884568592316e-01 1.593417523436898020e-01 1.513386210005265298e-01 1.418066379662334953e-01 1.305597407807511101e-01 1.173717773684231219e-01 1.019772362688357303e-01 8.408296949260574138e-02 6.340697914392449952e-02 4.583684051748083271e-02 4.195502461031457714e-02 6.378494600057445230e-02 8.367503745223155154e-02 1.016673894651248244e-01 1.179291356956523734e-01 1.326370800911286230e-01 1.458501541391596934e-01 1.578652096806168748e-01 1.686969057065920707e-01 1.783837148330905675e-01 1.869711206738654541e-01 1.945709962434257756e-01 2.010601904023355535e-01 2.068220284592433567e-01 2.119166825494829542e-01 2.162122705702679559e-01 2.201761470751368299e-01 2.237459985933823725e-01 2.269941047041046378e-01 2.299920897927332786e-01 2.315568473308749209e-01
1.861166010847924157e-01 1.877063019844285863e-01 1.863463537961024541e-01 1.836620491923170451e-01 1.799349507017680705e-01 1.751314302950490176e-01 1.691514630604032676e-01 1.618757210483650621e-01 1.531651472896015664e-01 1.428526828122457515e-01 1.307352309289697700e-01 1.165665693630302258e-01 1.000512855010555341e-01 8.084511021136364661e-02 5.860320626087230089e-02 4.272690717926261317e-02 4.820867459514930481e-02 7.020833541641946507e-02 8.976721734842180167e-02 1.074992526259326980e-01 1.235280522677819903e-01 1.380344286556426103e-01 1.511720635848566863e-01 1.629620060262428061e-01 1.736415697010611492e-01 1.831869807351108048e-01 1.916120750455255484e-01 1.989520728421005080e-01 2.053194589544494741e-01 2.106720720012505987e-01 2.153429687570862783e-01 2.194380307832922705e-01 2.229800215634887839e-01 2.263248921218072029e-01 2.294736467319568873e-01 2.325788375808515163e-01 2.345498441227568676e-01
1.973119861829843447e-01 1.955592330304384008e-01 1.931378559103663350e-01 1.897088023745880092e-01 1.852205745070492071e-01 1.796203278732505793e-01 1.728187105293102488e-01 1.646945072629506512e-01 1.550974767683982181e-01 1.438459166857882221e-01 1.307208795634892395e-01 1.154572448656850242e-01 9.772608617033995415e-02 7.708241855822847710e-02 5.494577165411080460e-02 4.001483834983458193e-02 5.476565293247821764e-02 7.657012493147929977e-02 9.609163009823469548e-02 1.134391470423989356e-01 1.291894513417044255e-01 1.434680616914285889e-01 1.564276852249398830e-01 1.681740557266386549e-01 1.786744270412301827e-01 1.881001993544105799e-01 1.963924085967827249e-01 2.035504024056418448e-01 2.096160882196050623e-01 2.147219886978149472e-01 2.189302405467893342e-01 2.225409714004820683e-01 2.257245737998887780e-01 2.286812259772203204e-01 2.317014680798541448e-01 2.348917593307134066e-01 2.369339830155264837e-01
2.057066385192641289e-01 2.043912750930758082e-01 2.011035567398309354e-01 1.965988709586497518e-01 1.910451714934993106e-01 1.844154004541081748e-01 1.766065315290788473e-01 1.674787847171614885e-01 1.568653198842881180e-01 1.445711269260229470e-01 1.303684775849774380e-01 1.139917951397364931e-01 9.513218423192597306e-02 7.343071310709489707e-02 5.174085531279615929e-02 3.826985711892234854e-02 6.169998706962009222e-02 8.319160198528333106e-02 1.023556018675526591e-01 1.195311165195739600e-01 1.348810386741672585e-01 1.489044225052367498e-01 1.616871850658242460e-01 1.733216157487320608e-01 1.838421384273322690e-01 1.931491189226350325e-01 2.013497781783786800e-01 2.083627661867410996e-01 2.141936639554664901e-01 2.189171483339487079e-01 2.227123637679819246e-01 2.257742527294384349e-01 2.283829267941397956e-01 2.307823514685081734e-01 2.333751044393373442e-01 2.363856998266879728e-01 2.383328355942256338e-01
2.228336626925681574e-01 2.163446371043420413e-01 2.103060506843036082e-01 2.040092444054295018e-01 1.970674844506774548e-01 1.892183740206647147e-01 1.802554674643871979e-01 1.699914186311630715e-01 1.582348504197128025e-01 1.447757371733089937e-01 1.293768638153195982e-01 1.117713400972476789e-01 9.166687991835971439e-02 6.876251623898639587e-02 4.748925515339613018e-02 4.565934936451643972e-02 6.908824295734231069e-02 9.006779267730029293e-02 1.087670059808477641e-01 1.255092500794607324e-01 1.406359894147838074e-01 1.542995175829201815e-01 1.669050638406142095e-01 1.784646019164136954e-01 1.889779095887902383e-01 1.983880373309735157e-01 2.065259065123992155e-01 2.134502798939607038e-01 2.190838058537725175e-01 2.234704102202603182e-01 2.267523839975345845e-01 2.291877255810204350e-01 2.311263649705413981e-01 2.328138418686393207e-01 2.345313465625377680e-01 2.369913808337169858e-01 2.388318979922741392e-01
2.331136814114486699e-01 2.256080116595086393e-01 2.182370186734644280e-01 2.107003897148032878e-01 2.025740282303658546e-01 1.935428219538906092e-01 1.833817056040686622e-01 1.718985884015083454e-01 1.588985163760995023e-01 1.441646245391979275e-01 1.274489460153049036e-01 1.084739990864548587e-01 8.693892822331292236e-02 6.255176188798117209e-02 4.302233231701864391e-02 5.341793192534913942e-02 7.679433825874447395e-02 9.713746063167687239e-02 1.152817736968028695e-01 1.315175995255603303e-01 1.462042790794408631e-01 1.596687646482964906e-01 1.720176643270190375e-01 1.835394942083763137e-01 1.941279238980817556e-01 2.036581483008484683e-01 2.119765442239364694e-01 2.188656908628872633e-01 2.243688130478819764e-01 2.284515663808031893e-01 2.312361714480055397e-01 2.329743702295675178e-01 2.340392080058860957e-01 2.349317976106424788e-01 2.357594266532204996e-01 2.366239742111694300e-01 2.381524617998850291e-01
2.420709088969061895e-01 2.322162388757106899e-01 2.241960079770592418e-01 2.160888711208059365e-01 2.071060543654070218e-01 1.969880662436494789e-01 1.856185457707226760e-01 1.728665141898019786e-01 1.585630320393846548e-01 1.424966027310489436e-01 1.244079997327887099e-01 1.040096093388768878e-01 8.097363915560010228e-02 5.500519217110877435e-02 3.816617647955104775e-02 6.171181121041895840e-02 8.451341029047521047e-02 1.044660914524106476e-01 1.218767740544653699e-01 1.375082350321769342e-01 1.516805373990429417e-01 1.647517390751250810e-01 1.770049225881683841e-01 1.884470168593899986e-01 1.991997313716596663e-01 2.089848979982472654e-01 2.175425836567470017e-01 2.246539202437895233e-01 2.301053234096098188e-01 2.339656397672769395e-01 2.362830135005770382e-01 2.372956865990029363e-01 2.374177838417136643e-01 2.371993152895163770e-01 2.372831405187265374e-01 2.373168933921390999e-01 2.335761176854148080e-01
2.374397883349388394e-01 2.325959772068728060e-01 2.277694666009750790e-01 2.203250662828693807e-01 2.106653770197937092e-01 1.993670677775597200e-01 1.866803849500272006e-01 1.725743902875493119e-01 1.569025198489370498e-01 1.394588560187756399e-01 1.199861380564342939e-01 9.814741875809999960e-02 7.354727606427076403e-02 4.763152797822549356e-02 4.554579888419690858e-02 7.062664288949986602e-02 9.260741747929054912e-02 1.117811234889849598e-01 1.286116025062914170e-01 1.434513175506299809e-01 1.569913579222597666e-01 1.695757613241920814e-01 1.815514660303347572e-01 1.931086378153613337e-01 2.040498926218132503e-01 2.142485081304654759e-01 2.232326944811168223e-01 2.306612798834155598e-01 2.363271379196537902e-01 2.400857773784462190e-01 2.420545420764876332e-01 2.423726167775350770e-01 2.414143184358062966e-01 2.398693403596405260e-01 2.386772756895156888e-01 2.389525595555289650e-01 2.395322042496219883e-01
2.312951514601962744e-01 2.317060678425718889e-01 2.337335883571157180e-01 2.253460442961440491e-01 2.135765435305359006e-01 2.004250838244416855e-01 1.862454992199999992e-01 1.707558801668284387e-01 1.537316970540558714e-01 1.349582379734030613e-01 1.141759482985889862e-01 9.109118939632310230e-02 6.542077520960418169e-02 4.160310150475007851e-02 5.563798454924789166e-02 7.998131622398342577e-02 1.010102765483536086e-01 1.193123982673803540e-01 1.352808719718288644e-01 1.494039776203273107e-01 1.620874982006228482e-01 1.740103963135371523e-01 1.855843205370171223e-01 1.971273847716746019e-01 2.085792856311955434e-01 2.193257804476041462e-01 2.289627745409882065e-01 2.369336627619378355e-01 2.429406154378009053e-01 2.468781533614372303e-01 2.487077322945553115e-01 2.485518669116678903e-01 2.465413595128360669e-01 2.431898855695533712e-01 2.398656614050153346e-01 2.383052527464871728e-01 2.388750327070333079e-01
2.267798944291158081e-01 2.304551363874253467e-01 2.550704662507911058e-01 2.324836867436772536e-01 2.147071865663832679e-01 1.990486628730337715e-01 1.836837828355243063e-01 1.669028038994426200e-01 1.485098364495314738e-01 1.283873169697557215e-01 1.062852645194055923e-01 8.188472477342116640e-02 5.492337309775052745e-02 3.947001600652533249e-02 6.629330747227048237e-02 8.962412328812867368e-02 1.097420594190422205e-01 1.270519807574818361e-01 1.420884179915429257e-01 1.552452565243361837e-01 1.670287507942863625e-01 1.779634460018412190e-01 1.888725132175918531e-01 2.003627928817085513e-01 2.124680672185273733e-01 2.243233190256820608e-01 2.348052617102837358e-01 2.435602858918645419e-01 2.501407430505201979e-01 2.543900990349186597e-01 2.563956238946408228e-01 2.561785329721155136e-01 2.536661917257780896e-01 2.484863168272991030e-01 2.415427525284120358e-01 2.366657179065010941e-01 2.336149499767887494e-01
