output_new_topo_ddd_4/finaltopo_topographic__elevation.asc
ncols 300
nrows 100
xllcorner 0.0
yllcorner 0.0
cellsize 10.0
[rows 0 to 16 of 100, columns 148 to 184 of 300]
4.864440604062194584e-01 9.805396843063588497e-01 8.316946158555748037e-01 2.990891340741830273e-01 2.906154531034736976e-01 6.535433581970778727e-01 2.875978654648294608e-01 1.407406153142659599e-01 3.518373452151030145e-01 6.839766423932069905e-02 7.882049352212624482e-01 7.388442118772020617e-02 1.435152879833834216e-01 4.814546807202257916e-01 6.702694683935072062e-01 6.289068763102004800e-01 5.265612270327821864e-01 9.170453053288567524e-01 1.459125110597936370e-01 1.868053215265552680e-02 9.391519534098099475e-01 6.543454410623817941e-01 5.434764235172584446e-01 7.337079768526310053e-01 1.839915270315369833e-01 8.640562470150819907e-01 6.461677315508805863e-01 5.444618558160917443e-01 2.216596234901321294e-01 8.663500821695047094e-02 7.768149578696930124e-01 7.717288328354132698e-01 2.637760078002736597e-01 5.543005573679926634e-03 2.712343224487097082e-01 4.206965521142387310e-01 4.725359716100967500e-01
1.211775025184949612e+02 1.213339384989652388e+02 1.215298612934484765e+02 1.217645491967831219e+02 1.220307346434105398e+02 1.223206232009951151e+02 1.226269217724356650e+02 1.229429650154094560e+02 1.232627910186459275e+02 1.235810878885890673e+02 1.238927477597698044e+02 1.242017191763960540e+02 1.244963226960793463e+02 1.247686297490998015e+02 1.250113680323583765e+02 1.252168698650558838e+02 1.253807383433935740e+02 1.254973026120198512e+02 1.255606703081394073e+02 1.255655064959107676e+02 1.255120645072808969e+02 1.254064025856765454e+02 1.252546123780618217e+02 1.250614430125949212e+02 1.248340492842342258e+02 1.245785687483507047e+02 1.243003144677384739e+02 1.240038505744675774e+02 1.236931113550080283e+02 1.233715859493572964e+02 1.230426008098347239e+02 1.227098134866906491e+02 1.223783258194208372e+02 1.220586217195256893e+02 1.217396620323665957e+02 1.214244256580933126e+02 1.211138665259256157e+02
1.209689123880137203e+02 1.211381006272014815e+02 1.213342361862778489e+02 1.215769373383359806e+02 1.218521601209149452e+02 1.221510873045614716e+02 1.224660814645923779e+02 1.227903101136916177e+02 1.231181729948132357e+02 1.234452054295626340e+02 1.237850210821403039e+02 1.241048045459753979e+02 1.244046921026505430e+02 1.246798596232123373e+02 1.249240985180432801e+02 1.251358804167078063e+02 1.253070531929857907e+02 1.254305362763602290e+02 1.254996190889849288e+02 1.255055642121254493e+02 1.254490086217786029e+02 1.253391990592977550e+02 1.251838772768299890e+02 1.249914487935519674e+02 1.247645791344588844e+02 1.245093812067882482e+02 1.242311220874423725e+02 1.239342818832248838e+02 1.236226389470882765e+02 1.232993737968949972e+02 1.229671411295605452e+02 1.226279048334830293e+02 1.222817757664351461e+02 1.219218300591759743e+02 1.215974924354229643e+02 1.212789163535501160e+02 1.209653880851983985e+02
1.205371520700242769e+02 1.207350701294700173e+02 1.209565856179433894e+02 1.212200700905645192e+02 1.215148622099933959e+02 1.218319257139616951e+02 1.221642950907165783e+02 1.225044923560238743e+02 1.228479225405323518e+02 1.232131020303599200e+02 1.235642894230135056e+02 1.238979599608547630e+02 1.242106327745250667e+02 1.244973336666909063e+02 1.247578807042761895e+02 1.249849499470055747e+02 1.251707119042441150e+02 1.253073215994243981e+02 1.253835306252291844e+02 1.253911866262263430e+02 1.253322894553612343e+02 1.252138905320201445e+02 1.250487333640990784e+02 1.248456822801387602e+02 1.246126466625613034e+02 1.243512332522377477e+02 1.240667405458385844e+02 1.237636002839990681e+02 1.234454407176775987e+02 1.231151637499547746e+02 1.227750156422158341e+02 1.224265425479839138e+02 1.220702095825709108e+02 1.217048430697092130e+02 1.213309342741369932e+02 1.210065941884314356e+02 1.206623948381815552e+02
1.198921059412294170e+02 1.200868108197246187e+02 1.204215555715553450e+02 1.207143829136677198e+02 1.210412935556094283e+02 1.213843457473576422e+02 1.217438943698261369e+02 1.221068821102134478e+02 1.224977253032275968e+02 1.228793331850281589e+02 1.232484626422597813e+02 1.236010950249330307e+02 1.239325816898926291e+02 1.242437847320402966e+02 1.245279750370334853e+02 1.247776949342533896e+02 1.249847267894785858e+02 1.251357076139149456e+02 1.252184103362917682e+02 1.252271959625336990e+02 1.251700197256394205e+02 1.250422307529960051e+02 1.248616737213252605e+02 1.246421640147682979e+02 1.243921891326412634e+02 1.241189642490379157e+02 1.238229123477190683e+02 1.235085013676404060e+02 1.231792606883850283e+02 1.228378522904722132e+02 1.224862435660085112e+02 1.221259870343008487e+02 1.217584315717106307e+02 1.213848924128718068e+02 1.210060915158998824e+02 1.206150550871221157e+02 1.202480747555952547e+02
1.189954926310593919e+02 1.192177785167533273e+02 1.196432451466110791e+02 1.200824065496545785e+02 1.204548087204321263e+02 1.208282693220880901e+02 1.212341494435664941e+02 1.216475959468251062e+02 1.220590511259467235e+02 1.224628667197330145e+02 1.228551497385625737e+02 1.232316587468453832e+02 1.235939478475188338e+02 1.239357065363770545e+02 1.242499671747376908e+02 1.245288932561314255e+02 1.247583584027060510e+02 1.249246540827728467e+02 1.250094433944159960e+02 1.250203867636159600e+02 1.249654063451022665e+02 1.248324913154030753e+02 1.246358548533855242e+02 1.243944648233019166e+02 1.241222109157879459e+02 1.238267972839018825e+02 1.235145436272728432e+02 1.231846631902357387e+02 1.228406597182525104e+02 1.224848881308614921e+02 1.221188228935906608e+02 1.217438108318497854e+02 1.213616507380794474e+02 1.209748002718554716e+02 1.206001934231483119e+02 1.201382276182952751e+02 1.196571132342001107e+02
1.178994631618675442e+02 1.181906153987517740e+02 1.187147753591582955e+02 1.192269409735791754e+02 1.197337133829850728e+02 1.201903523094761823e+02 1.206676900461388016e+02 1.211154187676041118e+02 1.215518458845717049e+02 1.219818167193973579e+02 1.224010122678462835e+02 1.228129068186468089e+02 1.232111959870190674e+02 1.235891158717267757e+02 1.239393666045674109e+02 1.242477823353771527e+02 1.245001346931903328e+02 1.246767513577783006e+02 1.247640841947872445e+02 1.247776170998205032e+02 1.247251373811476611e+02 1.245873399532848680e+02 1.243794912693913659e+02 1.241160905170748521e+02 1.238164850889669140e+02 1.234941078483273884e+02 1.231557188880298526e+02 1.228067151533804520e+02 1.224450807451311221e+02 1.220727284431510498e+02 1.216899498525764187e+02 1.212972579106655644e+02 1.208983709227095460e+02 1.204790038051836518e+02 1.200488927025990193e+02 1.195506304923762144e+02 1.190326767743474790e+02
1.165735963679743037e+02 1.171089970728119312e+02 1.176799808577544582e+02 1.182547880100744777e+02 1.188206800113062087e+02 1.194188307713427406e+02 1.199929535590322871e+02 1.204673179560780483e+02 1.210043201420750449e+02 1.214517497055917516e+02 1.219085598496957203e+02 1.223605765104649379e+02 1.228000290979318834e+02 1.232194588904560959e+02 1.236049420017750009e+02 1.239424686418511641e+02 1.242116535211713000e+02 1.243985520826825990e+02 1.244887779120611526e+02 1.245051737373214422e+02 1.244553589744186439e+02 1.243130309551472266e+02 1.240944020715373881e+02 1.238146890931009381e+02 1.234882199269714391e+02 1.231341632132217399e+02 1.227653172704386009e+02 1.223877675156180658e+02 1.220063820943107658e+02 1.216170586802820281e+02 1.212161613744890758e+02 1.208076539185487093e+02 1.203536455875250368e+02 1.199210382140086750e+02 1.194044552001463018e+02 1.188718147919417447e+02 1.183149701852215685e+02
1.152088253289190902e+02 1.158836550551831266e+02 1.165428546451997107e+02 1.171847459626906698e+02 1.178620870939470819e+02 1.185268107155947774e+02 1.191724962812722879e+02 1.198022175427227296e+02 1.203564339475903466e+02 1.208946131958707753e+02 1.213912607582108762e+02 1.218893951492647432e+02 1.223753957212821462e+02 1.228347186687619939e+02 1.232541253345099932e+02 1.236134671252896169e+02 1.238988454215595567e+02 1.240958042647315835e+02 1.241891824140512455e+02 1.242086189455097127e+02 1.241615325732931439e+02 1.240150837400281461e+02 1.237863077563000331e+02 1.234910833873044425e+02 1.231442314927476076e+02 1.227594270412971298e+02 1.223553530203485167e+02 1.219447016485225674e+02 1.215346703350337378e+02 1.211347217194684731e+02 1.207082677435747655e+02 1.202453068123719646e+02 1.197559142461796000e+02 1.192310458244893283e+02 1.186850720701545612e+02 1.181187759610948831e+02 1.175276573943934011e+02
1.138026942455315549e+02 1.146013288382910531e+02 1.153325289812851082e+02 1.160917386919384882e+02 1.168391653778545418e+02 1.175685581366979591e+02 1.182790440765820676e+02 1.189722737560643537e+02 1.196526114001850232e+02 1.203019837422678791e+02 1.208594799638993464e+02 1.214137539151300160e+02 1.219444060008302415e+02 1.224415061429733385e+02 1.228862818217617985e+02 1.232660621346590801e+02 1.235667919790566458e+02 1.237734674393449552e+02 1.238701866046773858e+02 1.238927667089864713e+02 1.238484025877294812e+02 1.236982722321959898e+02 1.234601218243838048e+02 1.231504277748710621e+02 1.227844530831158494e+02 1.223760203020649016e+02 1.219373693798937097e+02 1.214870266088251185e+02 1.210392755519071386e+02 1.206034937977461396e+02 1.201044239511901992e+02 1.195848229342741007e+02 1.190464263893049690e+02 1.184879333440452740e+02 1.179098714676268429e+02 1.173098503596443720e+02 1.166858334527461238e+02
1.125069032399375004e+02 1.132854941743614887e+02 1.141193410814770175e+02 1.149476856782316219e+02 1.157601417555753613e+02 1.165563271390880971e+02 1.173364699166169203e+02 1.181109968274159598e+02 1.188751308634094528e+02 1.196243966594795438e+02 1.203464341187396514e+02 1.209395835443277178e+02 1.215129592031522350e+02 1.220381066931372658e+02 1.225058967705424209e+02 1.229045530508563502e+02 1.232197332251592741e+02 1.234357412328348573e+02 1.235359452404770195e+02 1.235617168662068082e+02 1.235200243536263116e+02 1.233666627041036463e+02 1.231200058162919078e+02 1.227970917463280927e+02 1.224136612777219142e+02 1.219838832104244375e+02 1.215185717224698436e+02 1.210241524254796417e+02 1.205293229116052771e+02 1.200208030420032088e+02 1.194528453122820082e+02 1.188827352381270686e+02 1.183010238505357563e+02 1.177045915319879583e+02 1.170911923875262914e+02 1.164580741395122203e+02 1.158009852761488361e+02
1.110505280871604299e+02 1.119563238037184618e+02 1.128613408176074557e+02 1.137553068501547244e+02 1.146371764688966266e+02 1.155057461368389227e+02 1.163726522296898764e+02 1.172340352857326025e+02 1.180862515511291093e+02 1.189236699036707705e+02 1.197306824280533277e+02 1.204815756604908188e+02 1.210778894774075667e+02 1.216285380602598991e+02 1.221161497640106859e+02 1.225322092912346505e+02 1.228611114722275204e+02 1.230861296968206346e+02 1.231899487073342812e+02 1.232189214611898791e+02 1.231798178560347452e+02 1.230236605831926937e+02 1.227693956698901161e+02 1.224346076696522232e+02 1.220355722289243232e+02 1.215874668543354034e+02 1.211080907301127212e+02 1.205611926074957125e+02 1.200242442825251601e+02 1.194018988901996892e+02 1.187764343269410006e+02 1.181516135831390528e+02 1.175270857209582402e+02 1.168908230299109476e+02 1.162404066400512050e+02 1.155725147949693508e+02 1.148833438332160597e+02
1.096191599867734396e+02 1.105881888832628448e+02 1.115602993662576381e+02 1.125272665088639457e+02 1.134846647326502449e+02 1.144444575139069826e+02 1.154025941507819368e+02 1.163562721688545309e+02 1.173023279123380718e+02 1.182256317210025145e+02 1.191105135693869670e+02 1.199241703703835640e+02 1.206505840601035402e+02 1.212154864191785180e+02 1.217180629861508550e+02 1.221513190229258328e+02 1.224937425288681254e+02 1.227275776671931169e+02 1.228351325041948598e+02 1.228672748479639694e+02 1.228306350542116832e+02 1.226720591782200387e+02 1.224110127213954939e+02 1.220655775266297098e+02 1.216525787487403107e+02 1.211855872893392529e+02 1.206773300166222072e+02 1.200984186013792794e+02 1.194547020512506492e+02 1.187768859582041898e+02 1.180929268722242682e+02 1.174116088333530996e+02 1.167327817151244886e+02 1.160552519020625226e+02 1.153661880435063125e+02 1.146625200808627909e+02 1.139402251934624246e+02
1.081270148134215958e+02 1.091779453893585980e+02 1.102311268180896349e+02 1.112785602459814100e+02 1.123319381300132278e+02 1.133867696224543948e+02 1.144409280635062061e+02 1.154928084091172451e+02 1.165277694221966271e+02 1.175318861901314733e+02 1.184801155418768843e+02 1.193585209226391726e+02 1.201587096266167549e+02 1.207721162820042053e+02 1.213106079804259139e+02 1.217640625564064578e+02 1.221202709609902399e+02 1.223626994442680598e+02 1.224740190520398500e+02 1.225092253204396684e+02 1.224748507386990042e+02 1.223141308255510893e+02 1.220469879848131285e+02 1.216916499480115874e+02 1.212656713727981383e+02 1.207955507902723866e+02 1.201957661505459640e+02 1.195712176390176751e+02 1.188771420487992003e+02 1.181552555466464298e+02 1.174142435998651735e+02 1.166723962870111109e+02 1.159367096378251034e+02 1.152054073826044771e+02 1.144763575757083061e+02 1.137355767881876574e+02 1.129793537678797435e+02
1.066052958352021847e+02 1.077510743723009483e+02 1.088924814867438755e+02 1.100415265733866477e+02 1.111934603827249646e+02 1.123470433298793267e+02 1.135024110562898159e+02 1.146456532438258620e+02 1.157642832516574742e+02 1.168329084403356006e+02 1.178401856894150654e+02 1.187755438847875524e+02 1.196287654933266538e+02 1.203584173895120841e+02 1.209015869234420251e+02 1.213742181930454365e+02 1.217437338710735872e+02 1.219939886191088334e+02 1.221088510012587989e+02 1.221469034600667669e+02 1.221144872676928514e+02 1.219517784614360494e+02 1.216793776264966027e+02 1.213151068900020988e+02 1.208677483487438167e+02 1.203531203766767419e+02 1.197156201529732868e+02 1.190302203323198285e+02 1.182947073372340725e+02 1.175291399210324812e+02 1.167429823969624891e+02 1.159432294103299768e+02 1.151466826205132179e+02 1.143591455726932509e+02 1.135774409648431771e+02 1.127984631504276933e+02 1.120071560141925175e+02
1.050876852530620056e+02 1.063312608237869199e+02 1.075806807829228404e+02 1.088313517915946278e+02 1.100835041794495623e+02 1.113396356525827144e+02 1.125871832240666208e+02 1.138154258532660776e+02 1.149990172093098124e+02 1.161278407048746573e+02 1.171918894759448193e+02 1.181800548130564863e+02 1.190805487077390268e+02 1.198802599151373016e+02 1.204811832447961137e+02 1.209876582658828710e+02 1.213674805423276553e+02 1.216237361475964462e+02 1.217416822200236624e+02 1.217822760462496774e+02 1.217513741668259826e+02 1.215864510339309135e+02 1.213096900956696942e+02 1.209476284885359831e+02 1.204756460800082465e+02 1.198780570316701954e+02 1.192074965091249084e+02 1.184793175635470561e+02 1.177065084282795198e+02 1.168998804426674809e+02 1.160699973559207621e+02 1.152250384537572927e+02 1.143708527471735437e+02 1.135231210261791688e+02 1.126865610786408780e+02 1.118566920364973072e+02 1.110295008932802716e+02
1.035999634331745369e+02 1.049583553531219309e+02 1.063116009638218600e+02 1.076619433365598297e+02 1.090155802586209148e+02 1.103625204216914426e+02 1.116944805535651426e+02 1.129866834180356960e+02 1.142304071966022860e+02 1.154162756414368260e+02 1.165337230529138424e+02 1.175707426373779469e+02 1.185157319611794691e+02 1.193552486611767591e+02 1.200534734232403764e+02 1.206172998261334897e+02 1.209928900892417261e+02 1.212534931337133344e+02 1.213745665975364574e+02 1.214173930328043554e+02 1.213874431888541494e+02 1.212190860921533613e+02 1.209336104116506760e+02 1.205423231296953901e+02 1.200245690364373843e+02 1.193921995406779359e+02 1.186861115016687620e+02 1.179215287161481740e+02 1.171112689001168405e+02 1.162663699833040454e+02 1.153954834133836869e+02 1.145073486318329117e+02 1.136087782806289397e+02 1.127045371601609958e+02 1.118092680798671381e+02 1.109266388491115833e+02 1.100509570041832035e+02
