output_new_topo_ddd_4/finaltopo_topographic__steepest_slope.asc
ncols 300
nrows 100
xllcorner 0.0
yllcorner 0.0
cellsize 10.0
[rows 51 to 67 of 100, columns 259 to 295 of 300]
2.521294840878283705e-01 2.390979817046172684e-01 2.228834451747047640e-01 2.030792490115061466e-01 1.793012104724582001e-01 1.512524193517563731e-01 1.188343838675990638e-01 8.593151559546505225e-02 8.706038836184575025e-02 1.086748681377613934e-01 1.323305938473930132e-01 1.525096862458767133e-01 1.667332133645587078e-01 1.781710185734837748e-01 1.802604747108006167e-01 1.795849078181788738e-01 1.770341661246774834e-01 1.725646811089646404e-01 1.658325118438042922e-01 1.561251957404621860e-01 1.387534290034992124e-01 1.215899979275761184e-01 1.166341659490948701e-01 1.386618260903704769e-01 1.840658984947395882e-01 2.304275697784504418e-01 2.688190418638455870e-01 2.992483591356389638e-01 3.216768063055781002e-01 3.357514951415637716e-01 3.409706218789622656e-01 3.432886211118287290e-01 3.447297789567443371e-01 3.459699216689486323e-01 3.460109090078454241e-01 3.397109301828152295e-01 3.085963354579206452e-01
2.518783380671905658e-01 2.365016186106402019e-01 2.175634855952424118e-01 1.946432080661878727e-01 1.673821438850637833e-01 1.354963438571701317e-01 9.838888791881288121e-02 8.025440923163514040e-02 1.003407196435290444e-01 1.250933303267055818e-01 1.498456888352504013e-01 1.683126227224589766e-01 1.837509806254090106e-01 1.894282921771662243e-01 1.886130248136268506e-01 1.866237472409991993e-01 1.835436102496842692e-01 1.788933640278443649e-01 1.721242895109071358e-01 1.625965517365813295e-01 1.466496333804474805e-01 1.240993341542107886e-01 1.080774864923327583e-01 1.319856695547141912e-01 1.615115003628915247e-01 2.139323419337827714e-01 2.548008637926926778e-01 2.871281385134324404e-01 3.108504784478711147e-01 3.269708370034464795e-01 3.368167801322684562e-01 3.427189994617293456e-01 3.463457537506045014e-01 3.484770162704535212e-01 3.481998230650041881e-01 3.429233303275054934e-01 3.324231363692270458e-01
2.508320676069203392e-01 2.330122040110538251e-01 2.111713294595546075e-01 1.847030392412463695e-01 1.532117115779996763e-01 1.166178932236249521e-01 8.575371530997487335e-02 9.108453766127695694e-02 1.170075013896393207e-01 1.454940100004287196e-01 1.677530294593770066e-01 1.822097499875413029e-01 1.849865871848603571e-01 2.075774496047614603e-01 1.971847239995909717e-01 1.928744001938454689e-01 1.892574313344340398e-01 1.847973228677588509e-01 1.787675548388136804e-01 1.619713559524185997e-01 1.628052601377072139e-01 1.300745079375210389e-01 1.110304033965846260e-01 1.260374424273373872e-01 1.518848056679688308e-01 1.959222786457985310e-01 2.406863363651481902e-01 2.760996825321171966e-01 3.022632679449543391e-01 3.210933209074170458e-01 3.340000427306591968e-01 3.425389542993443337e-01 3.485737742308074871e-01 3.538339961956722957e-01 3.573943316281379401e-01 3.552825755512586392e-01 3.522646889613078036e-01
2.487771546460422201e-01 2.283590246289222137e-01 2.034770421002775609e-01 1.735838110915835786e-01 1.381994335094020587e-01 9.567901647523342767e-02 8.140007097457982455e-02 1.054676953673738676e-01 1.380906148914872456e-01 1.644686375350697671e-01 1.844144490168073969e-01 1.985552590367328230e-01 2.086946226466966647e-01 2.046290884261608711e-01 2.016633939867773506e-01 1.978332626093717295e-01 1.940951442469923960e-01 1.900426844608247845e-01 1.895367502078542654e-01 1.778258050075323116e-01 1.654974729353555774e-01 1.393547617204798639e-01 1.138003711987025240e-01 1.213089134491988214e-01 1.509586209863046646e-01 1.808889971202774505e-01 2.296506934920827803e-01 2.676863980433196732e-01 2.960091733641718181e-01 3.178147407311556205e-01 3.337358099240915754e-01 3.448368238708198197e-01 3.529718386330486513e-01 3.606617864999151490e-01 3.664799510423975559e-01 3.618885988529626507e-01 3.610442535724018853e-01
2.452035755804175265e-01 2.222222907261524882e-01 1.942990772042122727e-01 1.608808157068963851e-01 1.215952284851340437e-01 8.688448343949113639e-02 9.346985864476523020e-02 1.267824511368216833e-01 1.574875350284331288e-01 1.813249024055589298e-01 1.997249832638679223e-01 2.127920844249162613e-01 2.206537701332421386e-01 2.087753152632856879e-01 2.056972225817801925e-01 2.019762551610412571e-01 1.980228989612441981e-01 1.921493743149326749e-01 1.798909258228434394e-01 1.994257399531880748e-01 1.777379368345965438e-01 1.499079541689978812e-01 1.155344941077472015e-01 1.171664315044448346e-01 1.487785214954461810e-01 1.770318792906678540e-01 2.173907591538082329e-01 2.564455961464389699e-01 2.887235978304957262e-01 3.145282102799299428e-01 3.348789936611865636e-01 3.504921537120893049e-01 3.615790904770918024e-01 3.673730850391557223e-01 3.669408701849263821e-01 3.610884371904162782e-01 3.567926932036401544e-01
2.398620298528001682e-01 2.139972894961772454e-01 1.827912506163343609e-01 1.455875063830902039e-01 1.013048196550968838e-01 8.138046989913476359e-02 1.125011871503726613e-01 1.470172990922085643e-01 1.748544236007589792e-01 1.968473021389123001e-01 2.135696469435988676e-01 2.256656137003325013e-01 2.344804193732884234e-01 2.114465359640775033e-01 2.089432885856510325e-01 2.055560609324487698e-01 2.022996140991750735e-01 1.981342191334206915e-01 1.760319644377986437e-01 2.151609405523527696e-01 1.865505891653257697e-01 1.582422722234048396e-01 1.237234868824424877e-01 1.144887525148577390e-01 1.497096875880796485e-01 1.803525179033144410e-01 2.044932022672144856e-01 2.450687689040521033e-01 2.808622146620479154e-01 3.103140999697018287e-01 3.346537947824785308e-01 3.541866955582534393e-01 3.691560213560265424e-01 3.795371230779224225e-01 3.864276844391042465e-01 3.932710780581693544e-01 4.047219187303241483e-01
2.327021494757374742e-01 2.036794215652477646e-01 1.687028708247282904e-01 1.273781557759008365e-01 8.767824765405740628e-02 9.358390135670083265e-02 1.331814904404483579e-01 1.654576926450347096e-01 1.908710714171404921e-01 2.108707335876102429e-01 2.260819097271521416e-01 2.369293811587724619e-01 2.428224420825552676e-01 2.149962690485210659e-01 2.117460968051020076e-01 2.084149791989801659e-01 2.062025307724269507e-01 2.129192056129738941e-01 2.002484328175517525e-01 2.048756429461783823e-01 1.893547020317719876e-01 1.637608857121971573e-01 1.303024438886165315e-01 1.135406450268263284e-01 1.521302074077303390e-01 1.877090487006240205e-01 2.172886358063951806e-01 2.401332153614631482e-01 2.693395317786567711e-01 3.015535669396854357e-01 3.301907233436523481e-01 3.533361924999908754e-01 3.724151994806419452e-01 3.875619417353021734e-01 3.992437955039129238e-01 4.088466943533184406e-01 4.177987561015449325e-01
2.237604351670540725e-01 1.916187629166913042e-01 1.529395154234407528e-01 1.074083788161402653e-01 7.882688794877026894e-02 1.152680607651882794e-01 1.526055937680042274e-01 1.819642315598316573e-01 2.054165381068350504e-01 2.237209235725838852e-01 2.375497933774576020e-01 2.473959357337280340e-01 2.541198792647037519e-01 2.167182905520377290e-01 2.137225782136411567e-01 2.101695267796244992e-01 2.045827411675418261e-01 1.887764861542919337e-01 2.345487556278278984e-01 2.163576619654596911e-01 1.952710476067838485e-01 1.690454395786408215e-01 1.357022650552818233e-01 1.161374398538796981e-01 1.552890759373473650e-01 1.954073478409840414e-01 2.298345978171694171e-01 2.577720405195187969e-01 2.797216203948823532e-01 2.955097535156201438e-01 3.210155796447125565e-01 3.461311889901793615e-01 3.698670961022003101e-01 3.892085576843491990e-01 4.043231901043292109e-01 4.155986177310858065e-01 4.222107271567970832e-01
2.127570547498365272e-01 1.771270622401218131e-01 1.342964509950022034e-01 8.712853419264590671e-02 9.397093360581908195e-02 1.360746578701678422e-01 1.702577923898801471e-01 1.973915186647082487e-01 2.187072021969746205e-01 2.353474154059461698e-01 2.479900863088251584e-01 2.567873391010148665e-01 2.612651626836572927e-01 2.189727840655308344e-01 2.155130685004422730e-01 2.128461151219454561e-01 2.099909859594021044e-01 1.833202109084098308e-01 2.470755307516220023e-01 2.222118708476489013e-01 1.998622094065547194e-01 1.734941931308790208e-01 1.401052031168195100e-01 1.174687983556268051e-01 1.586622664128533866e-01 2.027125685771688779e-01 2.411027498100561106e-01 2.729314286467346973e-01 2.983328720745927476e-01 3.180851994216283285e-01 3.332755459744833337e-01 3.440411707453116530e-01 3.613508309865821611e-01 3.829008998346246639e-01 4.031092852757041101e-01 4.196870082064719787e-01 4.308185262633095758e-01
1.998902939248154154e-01 1.605425549111259842e-01 1.136222973619595705e-01 7.525664568277638800e-02 1.159569037284189641e-01 1.556068817667104198e-01 1.867344863185358694e-01 2.115511714699204182e-01 2.309964307170001563e-01 2.461043807577221187e-01 2.574376231994359721e-01 2.657162470662291498e-01 2.708586272923657057e-01 2.200283330588888586e-01 2.164765674875369084e-01 2.151582724169230632e-01 2.273008663645356420e-01 2.123412229525483419e-01 2.306570433115037178e-01 2.218199990912938235e-01 2.027990398988392673e-01 1.771921313082786276e-01 1.438611037850767993e-01 1.174424496542812307e-01 1.614870839997247232e-01 2.091265821661744684e-01 2.507920543744099895e-01 2.857027047978225598e-01 3.138813067143204072e-01 3.360186039700063243e-01 3.531873513483284599e-01 3.661277933081268920e-01 3.752611401530510649e-01 3.814821258155261519e-01 3.954081179707522042e-01 4.172938887942336805e-01 4.351130025498576859e-01
1.849533288795484620e-01 1.417184379079557688e-01 9.028905651153137923e-02 9.198226511125517924e-02 1.369954042306448239e-01 1.733847587021128955e-01 2.021752478982463130e-01 2.247304405524846449e-01 2.423832516074154730e-01 2.559154978412810366e-01 2.661228839841702221e-01 2.731493870607831220e-01 2.774405569737032340e-01 2.209560921990060822e-01 2.161864297110994981e-01 2.102151036332713940e-01 1.909527722864467481e-01 2.577265571572719405e-01 2.430028512662794626e-01 2.265582080640707874e-01 2.064721102040560363e-01 1.809134357563293716e-01 1.476817765592972342e-01 1.158961411076802478e-01 1.629678352950962861e-01 2.138312459362260443e-01 2.586798016124178257e-01 2.963360234299812213e-01 3.269174974229054342e-01 3.510804441409529075e-01 3.696922702676297967e-01 3.835546400534957101e-01 3.931935967063266979e-01 3.983300469455624548e-01 4.014561567063165692e-01 4.052429158942399967e-01 4.318392462604236925e-01
1.677960536311616235e-01 1.201710856437401276e-01 7.445767380744706954e-02 1.144998080695782267e-01 1.568644269049072060e-01 1.900717844823687219e-01 2.164697042186552456e-01 2.370402720691952014e-01 2.529651491203996350e-01 2.650388082054800920e-01 2.738481788182419718e-01 2.798879188156664921e-01 2.815453412790668297e-01 2.214903095370388542e-01 2.168844038627668058e-01 2.149293774704702231e-01 1.836106688647532736e-01 2.760710398425305634e-01 2.480162705123249989e-01 2.298891811286599418e-01 2.098852640640811729e-01 1.846453953679164928e-01 1.516793719260740581e-01 1.124344187793283878e-01 1.622521604132582396e-01 2.159090240922110215e-01 2.644605250867747004e-01 3.051760123639070121e-01 3.381855130107475071e-01 3.643169121862842030e-01 3.844046897889323300e-01 3.993949982288986789e-01 4.096131835305434898e-01 4.124966429840311588e-01 4.093029559483306046e-01 4.119657961477456998e-01 4.153689523389162974e-01
1.488673560406255092e-01 9.704314782998295363e-02 8.724498616066837797e-02 1.359568886055104453e-01 1.750066371716582081e-01 2.058673839668597461e-01 2.299531201360702770e-01 2.486772670043746192e-01 2.628598288617554068e-01 2.734927844945848618e-01 2.809849171308644866e-01 2.857291604672004826e-01 2.881683869801822673e-01 2.205192710909486264e-01 2.162827124797729594e-01 2.338535308506550225e-01 2.170918108693026538e-01 2.394167100050218489e-01 2.437325241566266343e-01 2.317881749860600804e-01 2.130346728014211322e-01 1.880979685668583701e-01 1.561739331817370013e-01 1.121134784010464763e-01 1.582926642037421894e-01 2.133499574068707938e-01 2.681181112232315922e-01 3.125419984150623054e-01 3.481453179705409906e-01 3.761999863411235046e-01 3.970067904267786107e-01 4.133259960624482421e-01 4.261912949688069219e-01 4.359705229916595037e-01 4.044104524563613690e-01 4.150297198165324164e-01 4.102389403640039345e-01
1.272308016309352807e-01 7.311500253026675944e-02 1.110037949343386648e-01 1.561906052782306986e-01 1.920870380539540234e-01 2.205444818850288147e-01 2.427623967376770497e-01 2.598030100074783522e-01 2.724753141523815758e-01 2.814586786058402290e-01 2.876014836405855202e-01 2.909545826110052080e-01 2.904797011224625192e-01 2.195840153902920977e-01 2.042215953754734359e-01 1.866932195347232037e-01 2.788095326575549815e-01 2.641016642936085956e-01 2.514771088957243883e-01 2.359416109996486655e-01 2.163261079287644439e-01 1.920001380590617424e-01 1.594045480609730392e-01 1.149183729513436752e-01 1.505387156644570623e-01 1.987305561265433063e-01 2.690592676879617895e-01 3.159069161505058676e-01 3.482881613278380195e-01 3.688666815661093556e-01 3.796287052046850019e-01 3.804520471009013027e-01 3.732522378779286609e-01 3.581924456338952956e-01 3.697943486772992117e-01 4.283032401337629191e-01 4.247811929017460408e-01
1.037813141531131605e-01 8.166123607039160737e-02 1.331420782483221654e-01 1.748309266071459700e-01 2.080647755755443140e-01 2.343813624932624129e-01 2.549401394959162626e-01 2.705602593501673647e-01 2.819633234725242854e-01 2.895377873963630444e-01 2.939284238227728996e-01 2.962426317760841754e-01 2.956580702641131153e-01 2.204711855164021017e-01 1.984071885177073058e-01 1.788361485714091148e-01 2.844646421109432999e-01 2.726279802191060586e-01 2.574499014128509566e-01 2.389495691871659222e-01 2.190637140956495921e-01 1.950685387092783996e-01 1.632408282740948069e-01 1.198420178496262534e-01 1.436110566304503455e-01 1.867727942273988140e-01 2.478742943392646114e-01 2.963501008976948126e-01 3.314917090805835076e-01 3.558972562656080862e-01 3.721490963010332109e-01 3.828689400265467557e-01 3.920953467091855549e-01 4.076641874402938126e-01 4.448616470709375048e-01 3.568798247541394852e-01 3.337294351460755593e-01
7.716557299011270188e-02 1.059615450160494576e-01 1.536346165657072604e-01 1.919213118854938005e-01 2.227534308126671858e-01 2.472764911035645885e-01 2.665365432747744401e-01 2.811660726177229175e-01 2.915857558440891895e-01 2.980454882246867387e-01 3.005522176115490440e-01 3.004667453239147079e-01 3.005323537305349957e-01 2.241231016573735357e-01 2.006060589404211059e-01 1.711518454486281315e-01 2.907293035006973669e-01 2.760075799280665709e-01 2.603300523099528752e-01 2.375303992671656539e-01 2.202309565795892987e-01 1.986066601352710070e-01 1.685099987598802362e-01 1.266294212024430266e-01 1.398658288071470412e-01 1.793891783985707977e-01 2.290864484498072728e-01 2.794906664868562762e-01 3.174564361419854319e-01 3.453014407048641266e-01 3.653639265577744988e-01 3.797441681447068507e-01 3.900623726131343116e-01 3.969508886152141036e-01 3.972915142930674159e-01 3.751943931831121515e-01 3.583737748661100508e-01
7.544362604785363746e-02 1.284248969173495680e-01 1.720773510404537410e-01 2.074584270482243420e-01 2.360741690347096522e-01 2.591016378812929233e-01 2.773579408381022238e-01 2.915114642726949201e-01 3.017411282802142103e-01 3.077540160042773754e-01 3.085729052598074618e-01 3.037848128609247356e-01 2.974678073630595554e-01 2.174395476707985664e-01 2.400937065758611821e-01 2.140687599576911737e-01 2.556357249219459726e-01 2.448699630589686593e-01 2.290405090286753986e-01 2.315774445180721897e-01 2.225154648263785451e-01 2.037459067360943010e-01 1.752956223992380713e-01 1.348577459591262517e-01 1.402139441090229643e-01 1.825768286261467144e-01 2.149397538210324754e-01 2.628023614303544031e-01 3.043137758248931624e-01 3.356342217512605086e-01 3.587913242946029757e-01 3.755494085926073811e-01 3.868664430133982313e-01 3.931943961710985258e-01 3.938776989319308086e-01 3.881263077172235620e-01 3.812155483618539509e-01
