output_new_topo_ddd_4/finaltopo_soil__depth.asc
ncols 300
nrows 100
xllcorner 0.0
yllcorner 0.0
cellsize 10.0
[rows 34 to 50 of 100, columns 0 to 36 of 300]
0.000000000000000000e+00 1.280986621412681381e-01 1.273183984856279816e-01 1.260789924289594799e-01 1.337084800277556218e-01 1.212050434087967726e-01 1.181553491198384098e-01 1.191153821049579370e-01 1.151127975751061183e-01 1.144585417875924327e-01 1.117515209133984194e-01 1.107967450521532560e-01 1.108547812335394928e-01 1.106325514870183241e-01 1.101922491389904224e-01 1.095893608363701643e-01 1.088714132527943135e-01 1.080758081162841444e-01 1.072306639680806611e-01 1.063566762048989978e-01 1.054688561756459281e-01 1.045778405640028219e-01 1.036908618275507871e-01 1.028125670848530765e-01 1.019457462609844739e-01 1.010917825187237079e-01 1.002505044207334522e-01 9.941935288154152284e-02 9.859232902800361964e-02 9.775962219027944933e-02 9.690879497276691512e-02 9.602850353172934228e-02 9.511413069102138407e-02 9.416359619105146850e-02 9.258343558447702792e-02 1.460746812521886984e-01 9.274013027980353152e-02
0.000000000000000000e+00 1.262767250034606825e-01 1.253018309184048273e-01 1.355949407029981013e-01 1.209022810969954120e-01 1.180789139075197058e-01 1.197691782825093532e-01 1.164955512610048871e-01 1.171087028139272262e-01 1.129906973617283567e-01 1.110736872126464325e-01 1.108226869956359106e-01 1.111940033188611870e-01 1.112433068677695092e-01 1.110043083578727274e-01 1.105473024037268437e-01 1.099330954798307947e-01 1.092086458936810528e-01 1.084090519088060367e-01 1.075604856312998153e-01 1.066824512518164125e-01 1.057893186917626682e-01 1.048913867992832261e-01 1.039956870863941313e-01 1.031065857174067457e-01 1.022260145053020264e-01 1.013529518197514162e-01 1.004817357519787735e-01 9.959900692375889264e-02 9.867966143199885520e-02 9.768333112599962564e-02 9.656191529044910737e-02 9.531697181903359128e-02 9.458883800682663101e-02 9.286783612915722186e-02 9.164640893723356718e-02 1.558489601256282664e-01
0.000000000000000000e+00 1.245654003950203842e-01 1.238963740202462110e-01 1.352022342455092563e-01 1.174922871768723232e-01 1.193776786329951156e-01 1.166508498557695950e-01 1.181888271182250927e-01 1.148037119160307262e-01 1.122182969286402154e-01 1.118960769914615211e-01 1.088414867215396209e-01 1.080072364745903041e-01 1.082316911040074880e-01 1.081752267115859700e-01 1.079107300513995338e-01 1.074889489551916627e-01 1.069474616977996312e-01 1.063161915025460647e-01 1.056199439659527423e-01 1.048791085534211132e-01 1.041100128638142580e-01 1.033253390755116130e-01 1.025346374221969559e-01 1.017448678959319425e-01 1.009607824997372783e-01 1.001847491964804188e-01 9.941527730473809221e-02 9.864268732910164150e-02 9.783993411860841816e-02 9.693442789063005938e-02 9.573140184883417725e-02 9.451592796611713032e-02 7.113818950627739945e-02 7.016883159785090862e-02 6.916582983765037773e-02 1.467450465153463390e-01
0.000000000000000000e+00 1.228140054625008609e-01 1.236497675380339029e-01 1.373649728968707462e-01 1.174298364727295318e-01 1.157910952489865503e-01 1.180311894571254988e-01 1.153246229062833000e-01 1.135642446774331460e-01 1.143832181725533692e-01 1.102140563865657286e-01 1.083296038344989110e-01 1.078870041374320049e-01 1.084040296891906341e-01 1.085974902949862209e-01 1.085521359602759639e-01 1.083112168126844077e-01 1.079077655775893957e-01 1.073758125602682773e-01 1.067481179895296423e-01 1.060530931536503574e-01 1.053139666167288158e-01 1.045491285395492159e-01 1.037729352625299389e-01 1.029967166889060037e-01 1.022299501569308156e-01 1.014816923188769232e-01 1.007626785956101667e-01 1.000892541563244004e-01 9.949016484832716445e-02 9.903645912530860407e-02 9.891612553187824342e-02 9.961350651064593276e-02 1.072209105089221154e-01 1.057376800189993721e-01 1.037557227738875876e-01 1.461444684585610776e-01
0.000000000000000000e+00 1.201571153326865260e-01 1.388735985517014770e-01 1.162299496066498544e-01 1.144789962344506390e-01 1.170897891505124355e-01 1.148916958009462280e-01 1.137608051670397774e-01 1.154229979645019083e-01 1.119831916848812309e-01 1.110727594915071337e-01 1.080188592246761337e-01 1.059713056144850896e-01 1.051309467578027540e-01 1.054717418995666511e-01 1.056519940729202384e-01 1.056507699406278172e-01 1.054698135503252532e-01 1.051390692056286130e-01 1.046933433754241999e-01 1.041637434904111315e-01 1.035763732509365903e-01 1.029525635238635051e-01 1.023095107664050429e-01 1.016610624093955695e-01 1.010185718415613637e-01 1.003917248905794590e-01 9.978950207229517200e-02 9.922300232577987988e-02 9.870455847322129328e-02 9.825357118383629129e-02 9.788816385148360610e-02 9.756657513338096166e-02 9.689570157259246030e-02 9.647208852933771006e-02 9.597721472143766475e-02 1.466260487528365519e-01
0.000000000000000000e+00 1.181382635363085742e-01 1.382326777889238412e-01 1.132657320908234955e-01 1.158543837522019448e-01 1.138909486023012979e-01 1.131584013895304830e-01 1.153545903205500656e-01 1.125582607142005254e-01 1.124938781463946519e-01 1.103078557884375616e-01 1.074950428200357327e-01 1.055988142731229262e-01 1.052503797108852446e-01 1.060415836589606448e-01 1.065948884663391882e-01 1.068397486301934096e-01 1.068174972800433609e-01 1.065956679332194651e-01 1.062241592621165492e-01 1.057439253057486650e-01 1.051889029938534864e-01 1.045866252023787829e-01 1.039589408940190945e-01 1.033226845526781928e-01 1.026900830374186113e-01 1.020689803175873628e-01 1.014629242059482683e-01 1.008673400325320046e-01 1.002755966068797772e-01 9.967287827370974185e-02 9.907148673897392399e-02 9.863309005007189767e-02 9.919617482286569032e-02 9.962617887301955522e-02 9.948178635046824037e-02 1.470800311070221134e-01
0.000000000000000000e+00 1.167954827892367098e-01 1.374771230406155453e-01 1.144808626441926880e-01 1.126273643344399000e-01 1.120602202212471615e-01 1.145368421323314650e-01 1.122280573519669478e-01 1.127661558148140702e-01 1.113174128719064265e-01 1.093538866026975143e-01 1.084569255963646200e-01 1.054410435722565875e-01 1.036894531964310806e-01 1.032672329624679808e-01 1.040408926821645014e-01 1.045141894234424829e-01 1.047265737495668425e-01 1.047109160158384428e-01 1.045128812514238836e-01 1.041795338686656164e-01 1.037512415163553137e-01 1.032609008231329950e-01 1.027347470660666534e-01 1.021933807960971885e-01 1.016525677402335265e-01 1.011230158908884846e-01 1.006085309723884907e-01 1.001013735785536707e-01 9.956553371916922190e-02 9.891285426237531042e-02 9.791662198134354345e-02 9.628862963727857771e-02 7.173588956960134932e-02 7.512818160317628891e-02 7.807542500397340879e-02 1.459243750204271828e-01
0.000000000000000000e+00 1.163470226406715380e-01 1.367516439804871975e-01 1.116351374212083414e-01 1.106199538763710105e-01 1.131973158879805014e-01 1.112739226321624031e-01 1.122160884674777287e-01 1.113129531307401887e-01 1.100152927888454757e-01 1.099329216436389922e-01 1.077199660068700882e-01 1.049514235555653596e-01 1.031997464578890966e-01 1.035832415372296422e-01 1.048112081281155628e-01 1.056436903201655036e-01 1.061004691411505663e-01 1.062443010716395686e-01 1.061474438065940218e-01 1.058728073064670872e-01 1.054728887287784689e-01 1.049901326180481820e-01 1.044582508537730825e-01 1.039038470275215897e-01 1.033482252847916644e-01 1.028097431513723681e-01 1.023062809088109981e-01 1.018592552998741213e-01 1.015015336655088057e-01 1.012894930454329157e-01 1.013232105454344723e-01 1.017701835607981303e-01 1.099569169919300538e-01 7.187828278610067234e-02 7.113516934210221965e-02 1.421000280349283551e-01
0.000000000000000000e+00 1.174211769251056331e-01 1.413809756839836396e-01 1.075703100945469837e-01 1.112345727067559215e-01 1.098624835131692123e-01 1.111192010427011767e-01 1.106165299689592790e-01 1.098038323811498657e-01 1.103019015520613072e-01 1.087816448483993059e-01 1.067608657614888962e-01 1.058407855304019374e-01 1.028665714946681436e-01 1.015003475513798908e-01 1.013410245110638042e-01 1.024041756914035456e-01 1.031067866688163692e-01 1.034911978771170110e-01 1.036180076484921192e-01 1.035460671261902860e-01 1.033275239250797395e-01 1.030059689621087848e-01 1.026168967911286201e-01 1.021890145682909090e-01 1.017461355160263620e-01 1.013100340737074778e-01 1.009051052263647830e-01 1.005667923002537822e-01 1.003547611345236845e-01 1.003706335997667787e-01 1.007839467661429400e-01 1.018725072864239967e-01 1.041422513763882451e-01 1.218346264820047015e-01 1.246280682721912225e-01 1.534786440304807542e-01
0.000000000000000000e+00 1.387969196067297128e-01 1.064308867685569288e-01 1.093450455890459944e-01 1.082498082890996915e-01 1.097147798231455085e-01 1.094993600393205369e-01 1.090265185232429934e-01 1.099052579097945376e-01 1.089021791854813820e-01 1.075013646167935488e-01 1.073324278225167294e-01 1.050629370279569791e-01 1.022824616188972024e-01 1.004593807879922002e-01 1.015629501056060785e-01 1.029321797497566582e-01 1.038875396755926384e-01 1.044615695667879263e-01 1.047185503811929874e-01 1.047328760017839644e-01 1.045680280886469443e-01 1.042756163178041595e-01 1.038966321551902522e-01 1.034632677457517219e-01 1.030010479213219476e-01 1.025313685524624208e-01 1.020745889695945235e-01 1.016533449972467085e-01 1.012937453905411039e-01 1.010184505979361130e-01 1.008136594432611083e-01 1.005322347623871793e-01 9.965634387637101188e-02 9.807341438927444366e-02 7.018623404224473561e-02 6.860480646473897381e-02
0.000000000000000000e+00 1.366707996950653203e-01 1.079270081735081571e-01 1.067826333541109229e-01 1.082507321347533913e-01 1.081901838638995444e-01 1.079331932500453145e-01 1.090382275006599455e-01 1.083918358685085626e-01 1.074424413299467362e-01 1.078213301225982024e-01 1.062008946035304657e-01 1.041139499032128629e-01 1.031035551253500354e-01 1.000893429808190627e-01 9.920106468858312654e-02 9.914728244392639889e-02 1.003488542855849319e-01 1.011654705948185629e-01 1.016622623332947839e-01 1.018997313597208160e-01 1.019360974594717001e-01 1.018213506693913112e-01 1.015961879897337161e-01 1.012925299832063281e-01 1.009348361707337605e-01 1.005417328504292218e-01 1.001276431611495821e-01 9.970373347417202381e-02 9.927665423693937674e-02 9.884254717734904105e-02 9.837270897683580984e-02 9.779081535598237174e-02 9.696434519571588140e-02 9.581150864088822106e-02 9.546002978187337340e-02 9.387401862304008138e-02
0.000000000000000000e+00 1.359795283781961295e-01 1.054148034206329881e-01 1.068515979706741864e-01 1.068463403402479805e-01 1.067078969894549867e-01 1.079251709256765085e-01 1.075088883533094064e-01 1.068651552993965803e-01 1.076011282180166506e-01 1.064731058310943307e-01 1.049784629200575803e-01 1.047165178294809790e-01 1.023805190067573201e-01 9.955251084303001763e-02 9.819436789989594017e-02 9.967670550913015903e-02 1.011013357666071671e-01 1.021125065150644551e-01 1.027488459397917220e-01 1.030781651283539796e-01 1.031679648442684755e-01 1.030770631629999851e-01 1.028522083604579418e-01 1.025290877578025894e-01 1.021340313241073244e-01 1.016858307768958580e-01 1.011974523755287819e-01 1.006773327710475674e-01 1.001298189484359641e-01 9.955465857367325200e-02 9.894678409444544742e-02 9.830123588274689017e-02 9.763542342538217289e-02 9.704938474238843094e-02 9.682490412216535058e-02 9.712668810032221156e-02
0.000000000000000000e+00 1.354609079456638998e-01 1.053339354883727208e-01 1.054934288406889076e-01 1.054443733479959039e-01 1.067116536872872168e-01 1.064396504942303201e-01 1.059927077126081862e-01 1.069390363217394696e-01 1.061528176506463111e-01 1.050947765532906503e-01 1.053809334456526081e-01 1.036890607712664808e-01 1.015436967941662910e-01 9.888113246012386615e-02 9.725399835776760149e-02 9.848441956081765980e-02 1.002147396931015733e-01 1.014841993306259404e-01 1.023269588240415945e-01 1.028165142290661804e-01 1.030280596342834087e-01 1.030275601776433070e-01 1.028671071708203294e-01 1.025862861568104800e-01 1.022142878920949960e-01 1.017720366526448789e-01 1.012742876141243392e-01 1.007315638626174875e-01 1.001516532254845826e-01 9.954074176694457932e-02 9.890458151738040771e-02 9.825043744137822166e-02 9.758933219764384659e-02 9.693057587156642119e-02 9.624373838782657176e-02 9.531992845951683946e-02
0.000000000000000000e+00 1.351076130842267242e-01 1.040542149949956335e-01 1.041613531899681089e-01 1.054632390086284871e-01 1.052965544173520701e-01 1.049797887685197662e-01 1.060360444865687396e-01 1.054742750951307290e-01 1.047150847888860953e-01 1.053598035952432038e-01 1.041595281790785310e-01 1.026054618501727744e-01 1.006058491414104222e-01 9.976129717159896992e-02 9.683384462638700008e-02 9.611191539942071094e-02 9.630807914936378999e-02 9.782009217516555999e-02 9.891022076773486882e-02 9.964322552497717478e-02 1.000845673961183180e-01 1.002931892793541419e-01 1.003196496249934289e-01 1.002038347506452320e-01 9.997645485474368487e-02 9.966056751147861492e-02 9.927349609753682858e-02 9.882898351349987676e-02 9.833857200172799184e-02 9.781267670922937085e-02 9.726113410273828919e-02 9.669321371689051925e-02 9.611709160815386233e-02 9.553789104523660591e-02 9.494982718644423558e-02 9.433256428247356606e-02
0.000000000000000000e+00 1.347226431794971147e-01 1.028054612728066808e-01 1.041955398346877670e-01 1.041273313129203876e-01 1.039158841291281388e-01 1.050266699373404999e-01 1.046094772238787551e-01 1.040451420877200883e-01 1.049025306433963023e-01 1.040462310818654201e-01 1.029322995098354565e-01 1.014776249313348588e-01 1.013262200175633343e-01 9.904951258880426157e-02 9.627825071181791983e-02 9.507323641940652881e-02 9.688359470312020438e-02 9.860032536253787727e-02 9.986886540890441144e-02 1.007304036615943449e-01 1.012560936325641453e-01 1.015152079331242130e-01 1.015662945443782939e-01 1.014566162243931147e-01 1.012223124165683719e-01 1.008907691144425023e-01 1.004830201756308217e-01 1.000156802013289215e-01 9.950290565607906867e-02 9.895727008273169645e-02 9.838998614247811136e-02 9.781139291082606435e-02 9.723313769016521391e-02 9.667415268366807979e-02 9.617199844295817868e-02 9.579780338923812866e-02
0.000000000000000000e+00 1.343275261461977788e-01 1.028121321956882439e-01 1.029416052356714184e-01 1.028376804837152075e-01 1.039864803829583517e-01 1.036715143167707132e-01 1.032330100188132288e-01 1.042001033169701885e-01 1.035711253984853975e-01 1.027614607673350833e-01 1.017049647512837107e-01 1.020521397540547909e-01 1.003833192500671462e-01 9.825914010232515705e-02 9.561669169661785039e-02 9.404434022088330181e-02 9.568309518232744060e-02 9.766868027982833489e-02 9.917725625716973525e-02 1.002366287317042470e-01 1.009210047469722843e-01 1.013061739435396763e-01 1.014576793098034141e-01 1.014285597286241070e-01 1.012598550542230802e-01 1.009831517848967519e-01 1.006231146677926125e-01 1.001992208853977467e-01 9.972809239656969804e-02 9.922338656928318679e-02 9.869541216695187913e-02 9.815035393375723394e-02 9.759107340423889276e-02 9.702406981583459877e-02 9.648665636426446979e-02 9.614108107114471835e-02
0.000000000000000000e+00 1.339887542077465854e-01 1.016896213925458092e-01 1.017558790901182814e-01 1.029433008631688573e-01 1.027205079661161202e-01 1.023737222859515406e-01 1.033858788416732177e-01 1.029000508724389890e-01 1.022897293116585837e-01 1.015065460716215590e-01 1.021767168688613725e-01 1.009715951781863102e-01 9.940941974334160935e-02 9.739662873154947276e-02 9.657049679365839467e-02 9.362546345177349960e-02 9.319292820059180138e-02 9.530540786633800998e-02 9.700899256653471026e-02 9.827254771292918967e-02 9.914974512837654297e-02 9.971133190527502188e-02 1.000213600463871338e-01 1.001343389426055525e-01 1.000937087889835486e-01 9.993383500538546849e-02 9.968199896599883036e-02 9.936114881560588474e-02 9.899027768648327452e-02 9.858509585188818258e-02 9.815647068731292446e-02 9.770653615794042124e-02 9.721924228290947101e-02 9.663399376554393516e-02 9.576391471741252381e-02 9.486166924468182604e-02
