output_new_topo_ddd_4/finaltopo_topographic__elevation.asc
ncols 300
nrows 100
xllcorner 0.0
yllcorner 0.0
cellsize 10.0
[rows 34 to 50 of 100, columns 222 to 258 of 300]
9.555146855463286215e+01 9.592038101546366136e+01 9.613601471971175272e+01 9.624252850509515156e+01 9.631873706956646686e+01 9.638943974147152005e+01 9.650846079219303419e+01 9.675641591028538357e+01 9.681695106030001341e+01 9.652762945818676599e+01 9.572828033587195762e+01 9.445304074541562045e+01 9.283081745880085123e+01 9.079490191578975100e+01 8.843872612708615577e+01 8.587232994436219258e+01 8.318363872620741972e+01 8.043643623742629245e+01 7.768619972248895067e+01 7.499152735060715713e+01 7.248829959080057961e+01 6.998653422994533457e+01 7.192547272390896751e+01 7.289808424560234812e+01 7.319046222093251686e+01 7.353740383554691107e+01 7.384618436116078044e+01 7.403505125048248203e+01 7.361172188993501209e+01 7.232840409467335974e+01 7.044470413192698288e+01 7.060063930425006617e+01 7.058175519305835621e+01 7.029865168805284270e+01 6.896930890582574136e+01 7.088235710052414618e+01 7.232614631924941762e+01
9.381028641265596946e+01 9.406539236249378177e+01 9.420759362887594079e+01 9.427862876553345473e+01 9.435513417467657860e+01 9.446092460648854683e+01 9.465358845798670018e+01 9.508739895277626886e+01 9.531421629955400476e+01 9.520395561342883184e+01 9.458629649824335672e+01 9.345996919814234616e+01 9.191117993190505331e+01 9.011066593922481616e+01 8.797910043542154312e+01 8.553843602192647211e+01 8.291571722028037073e+01 8.016476870153530854e+01 7.732132710820270916e+01 7.438607220197427239e+01 7.129593952452533756e+01 6.847280203565148327e+01 7.019318731574921344e+01 7.109577459690399337e+01 7.133550627272049383e+01 7.165835532670342900e+01 7.196774876086186623e+01 7.218882404761713190e+01 7.183760550470887551e+01 7.060758063075117263e+01 6.875720071576465386e+01 6.895329576777753289e+01 6.900497151474024804e+01 6.892108629690407895e+01 6.799479222732968253e+01 6.981799587601828705e+01 7.076054241789906030e+01
9.187852525597079989e+01 9.203957971045799979e+01 9.212555031215066492e+01 9.217547115868022445e+01 9.226385652603394760e+01 9.241032098023327990e+01 9.264314054288402644e+01 9.339223118849395178e+01 9.377069075705310297e+01 9.382405864142201324e+01 9.340555232612403813e+01 9.240718637510606470e+01 9.094476698629171096e+01 8.910796254986074416e+01 8.708065398973742788e+01 8.481863131754310814e+01 8.226692411637318969e+01 7.952869117354622119e+01 7.665171893358495936e+01 7.364144157281045011e+01 7.045656960706131144e+01 6.699364275864407148e+01 6.850178157369367682e+01 6.925114484375468749e+01 6.945888351750662082e+01 6.976132322033693356e+01 7.006505164570981492e+01 7.031468743265992316e+01 7.004104402637973692e+01 6.887910599031008019e+01 6.707447060352305357e+01 6.729459443621138348e+01 6.738094530875760313e+01 6.744507994974922838e+01 6.708880627635404892e+01 6.875726853002919370e+01 7.210579333332256624e+01
8.977174824958821375e+01 8.985769628236749895e+01 8.990287674619078473e+01 8.994442139474539033e+01 9.005679070637816608e+01 9.026380255854280676e+01 9.060028009239643154e+01 9.149151290207065301e+01 9.220974782620325527e+01 9.241181478501610513e+01 9.217095875378338121e+01 9.132681598497381970e+01 8.993799460405806201e+01 8.810621674031591510e+01 8.592472124020838464e+01 8.359445849757335623e+01 8.104924549215664342e+01 7.824109775135022460e+01 7.529746379009884549e+01 7.222876058610542316e+01 6.900851791045856487e+01 6.553788756580031816e+01 6.669569082148011319e+01 6.735221537273027081e+01 6.756387164227548681e+01 6.784823581775204104e+01 6.813407570208768504e+01 6.840157486024034483e+01 6.820986291447538008e+01 6.714048061459322980e+01 6.540412845154268950e+01 6.562517722045893720e+01 6.568704036006883484e+01 6.563343230498482228e+01 6.866697077110708847e+01 7.127373723206716249e+01 7.402210700291915657e+01
8.750689986040805479e+01 8.753450580345652554e+01 8.755220523800372234e+01 8.759530222951075018e+01 8.773855266792779162e+01 8.801553975702813659e+01 8.849125748625218080e+01 8.970941047102050447e+01 9.056872927704256426e+01 9.096661285176688239e+01 9.090333132763700519e+01 9.021749540093055941e+01 8.894548130157123467e+01 8.713601389962094856e+01 8.484917432194714593e+01 8.226528834663805867e+01 7.951446555393482640e+01 7.661708972030677955e+01 7.359394420451042151e+01 7.048099705673256210e+01 6.730895663880049540e+01 6.409507706697660012e+01 6.457006616482244965e+01 6.535706391192431397e+01 6.566056602312725943e+01 6.592354388336291038e+01 6.617069783582786613e+01 6.643239904921775008e+01 6.631417123531295488e+01 6.538324746245791630e+01 6.375985165259863408e+01 6.396025348790757903e+01 6.396727666035818061e+01 6.729979726221969827e+01 7.033153749538494992e+01 7.310328451155909590e+01 7.585335835779586944e+01
8.510076928941782626e+01 8.508452046131696989e+01 8.508610468688574713e+01 8.513803238756672442e+01 8.531164127219422255e+01 8.564513218975476150e+01 8.638908622231593881e+01 8.784709410283139164e+01 8.884211446651829647e+01 8.953505570930168744e+01 8.960864495141369446e+01 8.911130458135586707e+01 8.796039450234890467e+01 8.632829936113925839e+01 8.434960941203466689e+01 8.192880585030847840e+01 7.925154640179529508e+01 7.639441694501935842e+01 7.340557323384408051e+01 7.033707832164954254e+01 6.725560280358013188e+01 6.427139759919801065e+01 6.165418388763725943e+01 6.341863636163093787e+01 6.377953964613338655e+01 6.399248721476717350e+01 6.417196382847562575e+01 6.438668544795478965e+01 6.428804832149869242e+01 6.358149781535682621e+01 6.216268479354885557e+01 6.228774623486621209e+01 6.565022847337395717e+01 6.829660419371782609e+01 7.119671056104608908e+01 7.451091427870275652e+01 7.738894486376116788e+01
8.256928260952633991e+01 8.252179659455906346e+01 8.251737134555617104e+01 8.258527083187829021e+01 8.278547611803507777e+01 8.305515798550578666e+01 8.461349615142481184e+01 8.598497403729551536e+01 8.725097040771701984e+01 8.806753605210771241e+01 8.829315960347182113e+01 8.795988805669574617e+01 8.694903186594757472e+01 8.538751961582326544e+01 8.344908498285397513e+01 8.128904554596702781e+01 7.871292664783193516e+01 7.591469449691952320e+01 7.295094200354100167e+01 6.987022156683433138e+01 6.672049641960609279e+01 6.362740379724236561e+01 6.015283911060100053e+01 6.162448216559469927e+01 6.192576940183899126e+01 6.205586036782791837e+01 6.213989397930332359e+01 6.225790632254112467e+01 6.210710041268399806e+01 6.148943810049586034e+01 6.062641883853729752e+01 6.403618349602321302e+01 6.721746876640239066e+01 7.014819227128178625e+01 7.299599613599410475e+01 7.542899546049659421e+01 7.856429921623569612e+01
7.992755089660316514e+01 7.985948311478466621e+01 7.985827504333123272e+01 7.995355096973578668e+01 8.022318380271443061e+01 8.069735541043596072e+01 8.249781727701918044e+01 8.423030691492735400e+01 8.561578779212314316e+01 8.657237491164089249e+01 8.696497678306938894e+01 8.678336341418811628e+01 8.588455950561893815e+01 8.439736500212214310e+01 8.243820260120391197e+01 8.019312016902233609e+01 7.785378343478001284e+01 7.513822317148473928e+01 7.221490662273130567e+01 6.911916620253286681e+01 6.579483215896433990e+01 6.220008957050863785e+01 5.874233077688610649e+01 5.994503901180353012e+01 6.009760862620711208e+01 6.011898416442445381e+01 6.008544579843957933e+01 6.005440323502316602e+01 5.973312048786890216e+01 5.894679019204302506e+01 6.209429060257869537e+01 6.545307529784369649e+01 6.855548555335020922e+01 7.149916059199317431e+01 7.431670917381974562e+01 7.698979325328673440e+01 7.930145517585090431e+01
7.718943161007436515e+01 7.710927889748683128e+01 7.711775040000654258e+01 7.723889193337353731e+01 7.755210386272575818e+01 7.836998953821284886e+01 8.060085362668255016e+01 8.245239792928111910e+01 8.395958957258750388e+01 8.500807251206622084e+01 8.566690062127885597e+01 8.560127139389192052e+01 8.480255444661186459e+01 8.336496958005294289e+01 8.139036313135846967e+01 7.900640720592420507e+01 7.640951374486255077e+01 7.377337349768872343e+01 7.081474910960410796e+01 6.777152281993080862e+01 6.467171470355121699e+01 6.117154072464371950e+01 5.731638765044798589e+01 5.827158222376073837e+01 5.826943226312909019e+01 5.818630141633526875e+01 5.802905505394006980e+01 5.781799916584431287e+01 5.723088528379500417e+01 6.045865204318744901e+01 6.348981385363398999e+01 6.631399943803671704e+01 6.923911797712852945e+01 7.216405057605679474e+01 7.500371930289492184e+01 7.773682407950019524e+01 8.036351817556115407e+01
7.436742508357130532e+01 7.428193466102283082e+01 7.430763147220869769e+01 7.445122410269341628e+01 7.462027338171822066e+01 7.667630925383288343e+01 7.876328970761491632e+01 8.068226084198234105e+01 8.225098915547391698e+01 8.357782596242732609e+01 8.434585863453850152e+01 8.441242227868134762e+01 8.372955041380505747e+01 8.235448953600125321e+01 8.032671616081782417e+01 7.782397881610050661e+01 7.501403965795688578e+01 7.202129287232811805e+01 6.895600793764350556e+01 6.585345247445091843e+01 6.308725294934605188e+01 5.967627607493196251e+01 5.593373877023012852e+01 5.653283915963985606e+01 5.642370167167248241e+01 5.626552444909345496e+01 5.599647509844788118e+01 5.558527543890155442e+01 5.877219474446906133e+01 6.115645127211622167e+01 6.387919194005239376e+01 6.664582226864609993e+01 6.946682748998567547e+01 7.245784000550408166e+01 7.528375008160676884e+01 7.800354895358540830e+01 8.062692700656357658e+01
7.147227965398752758e+01 7.138564055198639835e+01 7.144282140856194019e+01 7.168379721808382499e+01 7.212262496343774387e+01 7.457744099386492564e+01 7.686459211474806352e+01 7.885537681824015976e+01 8.070371708566860036e+01 8.212249202086864841e+01 8.301156890760313445e+01 8.321078060749835004e+01 8.267910852806998889e+01 8.143531869550922409e+01 7.966659623392031619e+01 7.737475127370296946e+01 7.470318036641255333e+01 7.175612974039299274e+01 6.858970383244609081e+01 6.517574754649437807e+01 6.132632021814285395e+01 5.792395063237402297e+01 5.458630745119616989e+01 5.464824770082369554e+01 5.456528067922051406e+01 5.436696267702166097e+01 5.399211917243746939e+01 5.712964767478511874e+01 6.001034022686532410e+01 6.267001077674055409e+01 6.533282070867558389e+01 6.802768473160291762e+01 7.075967549407504009e+01 7.319970367259966793e+01 7.581984935346227417e+01 7.844647083302014323e+01 8.103655062829328415e+01
6.851289390075736208e+01 6.842175186739846993e+01 6.850290571892175251e+01 6.882562662155359590e+01 6.970003680942603808e+01 7.256370706970535878e+01 7.495101926921078928e+01 7.721498875958589281e+01 7.913600992442560766e+01 8.065208664708869435e+01 8.164754995959249584e+01 8.198457786660775071e+01 8.161630561491142544e+01 8.049607982034882525e+01 7.882587974513691620e+01 7.678720715684436016e+01 7.424361586681749259e+01 7.137542876504578260e+01 6.825966668994598763e+01 6.495367403753685664e+01 6.152990601663437076e+01 5.820607757662190096e+01 5.505405377611642592e+01 5.228308845393721072e+01 5.272406838532082674e+01 5.248430584764754769e+01 5.550843743287250476e+01 5.792488654414118798e+01 6.055709315449168173e+01 6.318262668396355508e+01 6.581468591109313593e+01 6.845869571380222851e+01 7.110237288646516163e+01 7.369378877000632144e+01 7.629597484285815767e+01 7.889349771207432127e+01 8.146438637901330537e+01
6.549849831536813838e+01 6.539411448344480959e+01 6.547772980449265390e+01 6.569220593669061259e+01 6.819088524498145887e+01 7.071794939379830680e+01 7.327113027727237693e+01 7.556866973315105440e+01 7.755916783021197602e+01 7.915110627036538915e+01 8.021489540093790538e+01 8.075036401760853266e+01 8.049978535425439929e+01 7.949579534340769271e+01 7.789844476930105088e+01 7.587765342427539395e+01 7.360484529989496139e+01 7.084392184558470262e+01 6.780646119770392488e+01 6.457661527579553251e+01 6.123246453767235664e+01 5.785391582350205653e+01 5.447217694541497224e+01 5.107243570846656411e+01 5.109145376973290809e+01 5.385679091247805417e+01 5.613572413315426957e+01 5.857169758949541460e+01 6.108215712411104192e+01 6.363921156773057675e+01 6.622890334212766561e+01 6.884113928334612353e+01 7.146311432624605686e+01 7.407814057944167985e+01 7.668726119298898425e+01 7.928181489673109184e+01 8.184695399442267671e+01
6.243965853972036939e+01 6.231277419784820637e+01 6.243214886191325519e+01 6.317130308851695020e+01 6.622772680825315206e+01 6.900923166619006111e+01 7.157387217132026080e+01 7.391411396957589375e+01 7.595746675061155884e+01 7.758502976489712921e+01 7.884183258722414678e+01 7.947490399398080285e+01 7.932740415992064698e+01 7.840780425107280394e+01 7.688118040837670719e+01 7.487777790811252032e+01 7.254592932742826861e+01 7.007192126771380458e+01 6.711585792309887211e+01 6.393950476754226031e+01 6.061451376728525275e+01 5.717600704086832053e+01 5.361776667716056721e+01 4.988809867353647576e+01 5.208521964537918336e+01 5.423593827001941747e+01 5.653827926588232344e+01 5.893152090436737467e+01 6.140028709719459243e+01 6.392864158288676890e+01 6.650189869117436103e+01 6.910646697081118361e+01 7.172874578441164317e+01 7.435517110943673913e+01 7.697506218414518742e+01 7.957605476910428877e+01 8.214292643359138424e+01
5.934755579831204386e+01 5.916520131478619504e+01 5.909220188463505963e+01 6.200157588300403688e+01 6.459373096717354201e+01 6.728170859539999071e+01 6.985820499319220289e+01 7.223186660786113578e+01 7.428748417013532901e+01 7.609670267909137920e+01 7.743314157711262169e+01 7.815870660212917187e+01 7.809663362619471627e+01 7.724543296686137239e+01 7.576937497483517348e+01 7.379810878075468850e+01 7.142364905006502340e+01 6.878059724220346993e+01 6.611321353232575859e+01 6.299838622411774480e+01 5.973434817908456296e+01 5.633451057774211534e+01 5.275612319190359045e+01 4.904467266470520315e+01 5.159062668005324781e+01 5.406945002804667411e+01 5.652526245534310334e+01 5.894404377511065718e+01 6.142964468573427439e+01 6.397629909856581065e+01 6.656975093665026577e+01 6.919525713398023470e+01 7.183864125254368105e+01 7.448608468609099020e+01 7.712402863921273877e+01 7.973784281037663391e+01 8.231091772214254831e+01
5.624474308238362141e+01 5.603485314225635250e+01 5.657980432701992157e+01 5.983054649153238103e+01 6.273867755697730786e+01 6.549081607626865775e+01 6.810072638731107020e+01 7.047461542902178167e+01 7.270074300567230807e+01 7.457651482637200502e+01 7.599135123302279737e+01 7.679451342449694096e+01 7.680379284006616558e+01 7.601208437375689186e+01 7.458633704024057920e+01 7.265880194397445280e+01 7.029110332989507981e+01 6.749745655974358272e+01 6.447385704293668596e+01 6.135026156466153680e+01 5.809361302397960003e+01 5.476048098353456339e+01 5.143269540544520169e+01 4.819605933226004879e+01 5.115010395897195394e+01 5.377022443089887815e+01 5.635692997801916704e+01 5.859731114242598693e+01 6.113139943840646851e+01 6.373959389743815507e+01 6.638930166512444941e+01 6.906229327159003617e+01 7.174492711976239434e+01 7.442425433685055225e+01 7.708659992420975016e+01 7.971664166178426569e+01 8.229693084783093582e+01
5.313860683955202546e+01 5.257412810118703561e+01 5.544815497234639423e+01 5.807303037869868945e+01 6.089100861624611127e+01 6.365875364376699963e+01 6.626303312603808138e+01 6.879926764552278939e+01 7.108478516679016934e+01 7.302958931895931016e+01 7.450998829649752508e+01 7.537522717531034289e+01 7.544138184320406992e+01 7.470188878006780442e+01 7.332470892553368458e+01 7.146893405098326468e+01 6.926894735735966435e+01 6.688299821594100081e+01 6.404605995376697081e+01 6.099440633790049304e+01 5.776779933004659284e+01 5.440254762256090970e+01 5.093083421957199874e+01 4.734262402943574699e+01 5.034662452792972687e+01 5.243472029511652011e+01 5.500013910861099475e+01 5.786308203465342359e+01 6.065124301523945860e+01 6.341628777067692369e+01 6.617400138434831547e+01 6.892768673614760644e+01 7.167369175411867843e+01 7.440352736697046510e+01 7.710507619340431518e+01 7.976322338223363317e+01 8.235990462112505384e+01
