output_new_topo_ddd_4/finaltopo_bedrock__elevation.asc
ncols 300
nrows 100
xllcorner 0.0
yllcorner 0.0
cellsize 10.0
[rows 0 to 16 of 100, columns 148 to 184 of 300]
4.864440604062194584e-01 9.805396843063588497e-01 8.316946158555748037e-01 2.990891340741830273e-01 2.906154531034736976e-01 6.535433581970778727e-01 2.875978654648294608e-01 1.407406153142659599e-01 3.518373452151030145e-01 6.839766423932069905e-02 7.882049352212624482e-01 7.388442118772020617e-02 1.435152879833834216e-01 4.814546807202257916e-01 6.702694683935072062e-01 6.289068763102004800e-01 5.265612270327821864e-01 9.170453053288567524e-01 1.459125110597936370e-01 1.868053215265552680e-02 9.391519534098099475e-01 6.543454410623817941e-01 5.434764235172584446e-01 7.337079768526310053e-01 1.839915270315369833e-01 8.640562470150819907e-01 6.461677315508805863e-01 5.444618558160917443e-01 2.216596234901321294e-01 8.663500821695047094e-02 7.768149578696930124e-01 7.717288328354132698e-01 2.637760078002736597e-01 5.543005573679926634e-03 2.712343224487097082e-01 4.206965521142387310e-01 4.725359716100967500e-01
1.204553285379419094e+02 1.203265065947931873e+02 1.204029441587869371e+02 1.205036536997275505e+02 1.204858639829231777e+02 1.208975844322444573e+02 1.208046353108280755e+02 1.207023384158371613e+02 1.203855663046316096e+02 1.202896449185223275e+02 1.204354257912251143e+02 1.206176961252558044e+02 1.205429972737305349e+02 1.200103581383440030e+02 1.203089425100153420e+02 1.205902019344748481e+02 1.206086320623139727e+02 1.203965316667336367e+02 1.206205612689341962e+02 1.201179771396680422e+02 1.207498877854808086e+02 1.202731747725577947e+02 1.204135609531891475e+02 1.201571139156852155e+02 1.201270720158746315e+02 1.206823841682804641e+02 1.207011138740205922e+02 1.205590678521486865e+02 1.203371611024173689e+02 1.208925518158135333e+02 1.200055318364279913e+02 1.209949997857387700e+02 1.202346256065814032e+02 1.202384581244092772e+02 1.200187640548674040e+02 1.208305915947510272e+02 1.205995346327998163e+02
1.207302035646573302e+02 1.208954742526811827e+02 1.202262807812814174e+02 1.209144028412981129e+02 1.204220389201474291e+02 1.207289886189565635e+02 1.203703515554549597e+02 1.208496369419032419e+02 1.208445442321868342e+02 1.207178677733692211e+02 1.201641881657221518e+02 1.201484273133623901e+02 1.206794114579556663e+02 1.209890544406739252e+02 1.202293696601420550e+02 1.205261865701354793e+02 1.202567763173193356e+02 1.203549094696679305e+02 1.208108816940528527e+02 1.205564912018100614e+02 1.207953958987733927e+02 1.207871413841508428e+02 1.201790098798178832e+02 1.205385934085553146e+02 1.206244429788105066e+02 1.208072998911757594e+02 1.205101165691370397e+02 1.200068500393663555e+02 1.205869331051557509e+02 1.202847175369871735e+02 1.205743888422110928e+02 1.200138716306730515e+02 1.203472870973913871e+02 1.207195356176956551e+02 1.206899771823698870e+02 1.208235899614168432e+02 1.207210148920155035e+02
1.203325788566705228e+02 1.205546387680372362e+02 1.204755820506414636e+02 1.206239496320575313e+02 1.200018017197743063e+02 1.202416847781438776e+02 1.208732711834963567e+02 1.207219108984211999e+02 1.204444675991801574e+02 1.205634655527860701e+02 1.201937490366856736e+02 1.208856532074390060e+02 1.209819013412899267e+02 1.208220325514933080e+02 1.200080478667646986e+02 1.206240827426891400e+02 1.204236016027051903e+02 1.203264972128576602e+02 1.204280243008451095e+02 1.204801253583928400e+02 1.205189233450875292e+02 1.207218743038372253e+02 1.204163817937167096e+02 1.209166732426451603e+02 1.201270480957845166e+02 1.200337013725341961e+02 1.203308068040272900e+02 1.203908998980187732e+02 1.202421495552179209e+02 1.207674013753829740e+02 1.206236638163376114e+02 1.204798218244059740e+02 1.207174921453322867e+02 1.206950627745278268e+02 1.206228710812736296e+02 1.207344357013904101e+02 1.203751988561914317e+02
1.197358001807106405e+02 1.199213532275987433e+02 1.202496834865404054e+02 1.202749834888845442e+02 1.205408433019251078e+02 1.201726276007668304e+02 1.202471033420524265e+02 1.205885513646503284e+02 1.201510726129882585e+02 1.207864087527997867e+02 1.201550769170124369e+02 1.201345462706625824e+02 1.209192369006117787e+02 1.208303633692855072e+02 1.209803626646281032e+02 1.209925813087591564e+02 1.208931436838946496e+02 1.200034492895830596e+02 1.203266992569499365e+02 1.203153785225074017e+02 1.200656268417456118e+02 1.209390406543450069e+02 1.208793964191346788e+02 1.209486712734388476e+02 1.209963004650480229e+02 1.205128442964406190e+02 1.201778433037859486e+02 1.206900447596993189e+02 1.208063958669280282e+02 1.206204152248284771e+02 1.201356632904768844e+02 1.202867885117912863e+02 1.202784064714130068e+02 1.202968225521295551e+02 1.204240667993264111e+02 1.204146472380443385e+02 1.200676544946913396e+02
1.188441422872408992e+02 1.190591521990075563e+02 1.194838656836212181e+02 1.199171211472746990e+02 1.202001600362645917e+02 1.202560599645598103e+02 1.209377265676056936e+02 1.205334725868678731e+02 1.203432432804392676e+02 1.202459628646317640e+02 1.202637860135152721e+02 1.209323689491416047e+02 1.208163711915943281e+02 1.200185465959998083e+02 1.202439571939765699e+02 1.201930900859279916e+02 1.204606168726142243e+02 1.202849892472111577e+02 1.202070793804948465e+02 1.208289694995447832e+02 1.200351573966307654e+02 1.208287851499393923e+02 1.200919260070240284e+02 1.200831710337220812e+02 1.208682601152763709e+02 1.201460766043510944e+02 1.201348237182784544e+02 1.202064365083072062e+02 1.209729774437195289e+02 1.206731186841001033e+02 1.208160920928643804e+02 1.201615136537035795e+02 1.203485813023741997e+02 1.201498309712607693e+02 1.204121980379330665e+02 1.199566166178152287e+02 1.194849237774076869e+02
1.177521019222701426e+02 1.180358087368125126e+02 1.185626610954985267e+02 1.190721120638693264e+02 1.195763712168421620e+02 1.200054594933495054e+02 1.204586900245196404e+02 1.208525472093866426e+02 1.204761598119390698e+02 1.201993817854026219e+02 1.201390832835564453e+02 1.203256556049374240e+02 1.208325671162645421e+02 1.206357800694600826e+02 1.208674251685906142e+02 1.208801091753789905e+02 1.206396511799481743e+02 1.202583266648247360e+02 1.206824397834539724e+02 1.205454943566040242e+02 1.200833710617186654e+02 1.204689556871255434e+02 1.205244960430034524e+02 1.200843320020772893e+02 1.206609083214990079e+02 1.207614283098463943e+02 1.208935772353844271e+02 1.209459488577635398e+02 1.209101084106134891e+02 1.206931111712671196e+02 1.201194715371652251e+02 1.200318756051370741e+02 1.206064836962475511e+02 1.201694950681499847e+02 1.198700950943181880e+02 1.193774691943769142e+02 1.188673344020528475e+02
1.164220164040232817e+02 1.169650714126990891e+02 1.175338096421712351e+02 1.181069147211238288e+02 1.186690578334463311e+02 1.192612631962965963e+02 1.198302914753074333e+02 1.200942855420090041e+02 1.207993085197574459e+02 1.205339596788161884e+02 1.204537961789606584e+02 1.204824936220596072e+02 1.201687279923365139e+02 1.200526637429475869e+02 1.206237849673728988e+02 1.209999597108221252e+02 1.205327436918421142e+02 1.208486955615438347e+02 1.206369182987206443e+02 1.206020243390673414e+02 1.205804803778902681e+02 1.205137678470063207e+02 1.208187982748427061e+02 1.204389242039425483e+02 1.202790600728690436e+02 1.201478966664182053e+02 1.205796678621732809e+02 1.206315842609254645e+02 1.204111178891385379e+02 1.202009936796026466e+02 1.207361261101391676e+02 1.205634188498291195e+02 1.200728601624116152e+02 1.197446942318538134e+02 1.192317762059771979e+02 1.187044523853833340e+02 1.181518567699526869e+02
1.150603167764539592e+02 1.157445258471021106e+02 1.164021017592607876e+02 1.170401355492302429e+02 1.177113016008567286e+02 1.183735435679696621e+02 1.190153039904996888e+02 1.196410253168173909e+02 1.201650258225962062e+02 1.206374598816622807e+02 1.206112357842462757e+02 1.204921193582652990e+02 1.203322255895202773e+02 1.204025810925743087e+02 1.204399946346802750e+02 1.204683933165480596e+02 1.203071911467062023e+02 1.204526473376645441e+02 1.205263090356312432e+02 1.207280955308972921e+02 1.203071086578867721e+02 1.204584650911859143e+02 1.206435839518318005e+02 1.200031975271785143e+02 1.207570100931469028e+02 1.201125466515840117e+02 1.208563635955054139e+02 1.206258697350535414e+02 1.200561488587606362e+02 1.208612882336463059e+02 1.205035154605555334e+02 1.200643394533097847e+02 1.195810335365624297e+02 1.190593680299586055e+02 1.185172131876124979e+02 1.179547285815460356e+02 1.173672520063133931e+02
1.136571271147668085e+02 1.144676344599369173e+02 1.151946954286961784e+02 1.159479591570021029e+02 1.166932199907923575e+02 1.174195289485354579e+02 1.181267938619947415e+02 1.188162704079931160e+02 1.194931762984499102e+02 1.201236810653442575e+02 1.200299291464415319e+02 1.205023899809798991e+02 1.208021148251014267e+02 1.209159297343810238e+02 1.207317535666894628e+02 1.207374576632425800e+02 1.205390313320422422e+02 1.207997174403335094e+02 1.206220265492253816e+02 1.208249990302677048e+02 1.207590780686291652e+02 1.204902136244992903e+02 1.209215640610844105e+02 1.204081452611095671e+02 1.201788212802390632e+02 1.200792352847168303e+02 1.200086087933563732e+02 1.208965454040474725e+02 1.205677572185478539e+02 1.204049431320945445e+02 1.199209095381464039e+02 1.194102905507740786e+02 1.188755201695765464e+02 1.183205073055756031e+02 1.177458365917951539e+02 1.171491979317253680e+02 1.165284954018731156e+02
1.123785140717708515e+02 1.131537856443341639e+02 1.139821461193272114e+02 1.148085834887254464e+02 1.156182099071086782e+02 1.164114847846535525e+02 1.171879226251928969e+02 1.179590662293361447e+02 1.187192608074920486e+02 1.194623945857431266e+02 1.201715857720798653e+02 1.201316740170939283e+02 1.201504828865362953e+02 1.201607336567027176e+02 1.202288770547831831e+02 1.207164265832224572e+02 1.200604460920521888e+02 1.200414043619525302e+02 1.204315349051512953e+02 1.200328863575643510e+02 1.205582907872146166e+02 1.209567024047465367e+02 1.207179762375157992e+02 1.209406342200886399e+02 1.205718506599793329e+02 1.206920128839636703e+02 1.205666112853892145e+02 1.202530758130510407e+02 1.202081972026523005e+02 1.198391729301108484e+02 1.192775560694422410e+02 1.187119641771110707e+02 1.181337625289612276e+02 1.175406411119615484e+02 1.169305716271739612e+02 1.163006730374854101e+02 1.156466943253167017e+02
1.109245863008099207e+02 1.118250666609880142e+02 1.127284565044729732e+02 1.136198260692024746e+02 1.144990201691487215e+02 1.153641322370780671e+02 1.162279143876413485e+02 1.170858256131947286e+02 1.179339677814976426e+02 1.187666058066187844e+02 1.195671284446160314e+02 1.203047094206366410e+02 1.203433768363079537e+02 1.209536882060192227e+02 1.205614491582441730e+02 1.207233132255256578e+02 1.205523992222838672e+02 1.202697217832307643e+02 1.204210074739719403e+02 1.202587014543661184e+02 1.203181471333343779e+02 1.209190625094251743e+02 1.205880244060365811e+02 1.203428144570140716e+02 1.209961434086924754e+02 1.200608964017231841e+02 1.208457382641025220e+02 1.201892183043994464e+02 1.198385872284431599e+02 1.192249133395479248e+02 1.186041706367900446e+02 1.179833884028215891e+02 1.173629695261181070e+02 1.167300574470228582e+02 1.160828490913333582e+02 1.154181049572058555e+02 1.147319387646783468e+02
1.094928134041132353e+02 1.104607276833462350e+02 1.114305561703366152e+02 1.123951064891963654e+02 1.133493024139604586e+02 1.143062803297136014e+02 1.152612793783541889e+02 1.162113757223392270e+02 1.171540373704783917e+02 1.180732452942246198e+02 1.189538322407309749e+02 1.197573808668730209e+02 1.204686652407957155e+02 1.208825873491643677e+02 1.200196397084019679e+02 1.203937498928896730e+02 1.203211251042306458e+02 1.209317514795353929e+02 1.204027568361335057e+02 1.202444400551645316e+02 1.202528525819281242e+02 1.206575467517117488e+02 1.200986139024618353e+02 1.209801849924621706e+02 1.206455435562196641e+02 1.203244315288139887e+02 1.204675622610182870e+02 1.199147919229083499e+02 1.192776737462908017e+02 1.186033397848263462e+02 1.179232446173705142e+02 1.172459039540685524e+02 1.165708400287585533e+02 1.158972760681377423e+02 1.152114261722520041e+02 1.145108062272305602e+02 1.137914616417354523e+02
1.080041299859223329e+02 1.090531767304549788e+02 1.101042532453926412e+02 1.111487635728766037e+02 1.121996359543165056e+02 1.132516597637866056e+02 1.143026135150471845e+02 1.153515416342540618e+02 1.163830097237147356e+02 1.173837038185263566e+02 1.183272361956442467e+02 1.191992778759275780e+02 1.199900953068949150e+02 1.200015881398582849e+02 1.206293079582852386e+02 1.209907202355461067e+02 1.204070636008629407e+02 1.205616461679154696e+02 1.208838671591215075e+02 1.206982586199514174e+02 1.206158866657309829e+02 1.204565166283768178e+02 1.206935273189121318e+02 1.203086050396828028e+02 1.202102602156101057e+02 1.205970920785127163e+02 1.199882964671894996e+02 1.193955668424059269e+02 1.187041059641344702e+02 1.179852402185475313e+02 1.172473535151938222e+02 1.165090132079154301e+02 1.157770705663885451e+02 1.150493222414374088e+02 1.143240571433504158e+02 1.135863183605664801e+02 1.128329645869293074e+02
1.064848797547210353e+02 1.076288088478947031e+02 1.087675795035311381e+02 1.099144295879663531e+02 1.110638793688020201e+02 1.122146124087962136e+02 1.133674109949908342e+02 1.145076049181550530e+02 1.156233323850892987e+02 1.166879171741913268e+02 1.176906448224015378e+02 1.186206921201726203e+02 1.194680872896584560e+02 1.201729658067316819e+02 1.201782941194740744e+02 1.201856423778466478e+02 1.204798238686789489e+02 1.204721784824179736e+02 1.203863373259497820e+02 1.206229762015790357e+02 1.201570849350036525e+02 1.207950045131966021e+02 1.205727410827425956e+02 1.205476207424445647e+02 1.204216729166507491e+02 1.201668768168934918e+02 1.195346368848467336e+02 1.188577964324106233e+02 1.181249193067226173e+02 1.173622844140823105e+02 1.165791568657139123e+02 1.157823552819538975e+02 1.149891104663524430e+02 1.142051164925653381e+02 1.134267562030314593e+02 1.126513685943571801e+02 1.118629183401697134e+02
1.049694874604696935e+02 1.062106389165706020e+02 1.074581556927701342e+02 1.087066556328940550e+02 1.099562955723036310e+02 1.112102174220122208e+02 1.124551161185671617e+02 1.136808899094993421e+02 1.148609198844865205e+02 1.159857714780258107e+02 1.170453904375848424e+02 1.180286448083075612e+02 1.189239164791271719e+02 1.197155675244792832e+02 1.201380276757053025e+02 1.205626297785760670e+02 1.203624744548946381e+02 1.202795396016966833e+02 1.205614739883750417e+02 1.202427164217371285e+02 1.209552110212708698e+02 1.204503900297429055e+02 1.205170164371395316e+02 1.207104711049572927e+02 1.202903742348976834e+02 1.196986918027450315e+02 1.190333724508703028e+02 1.183091086381403443e+02 1.175394850873004486e+02 1.167358789695144310e+02 1.159089895803251977e+02 1.150669782731654180e+02 1.142155582549395660e+02 1.133709215396422394e+02 1.125376978196909619e+02 1.117109602587032384e+02 1.108871578697280853e+02
1.034830625190678575e+02 1.048398206327229190e+02 1.061911981205887656e+02 1.075393419275756060e+02 1.088911005343495901e+02 1.102357613304809263e+02 1.115656502521068631e+02 1.128547164687373225e+02 1.140949374066173618e+02 1.152769256085245217e+02 1.163901697241380475e+02 1.174227687885751976e+02 1.183629591569659993e+02 1.191975677330289756e+02 1.198793931265418991e+02 1.204376056010818274e+02 1.200836962391661586e+02 1.206900915454711054e+02 1.207524924941361348e+02 1.203026013437368817e+02 1.204701824652473618e+02 1.203700492227012120e+02 1.203080048752810853e+02 1.203199238177521977e+02 1.198449481619444015e+02 1.192179328527466140e+02 1.185150600867041106e+02 1.177538216196755201e+02 1.169468444734526713e+02 1.161050511159519374e+02 1.152371272278691521e+02 1.143518694926916339e+02 1.134560912331348987e+02 1.125544081196590298e+02 1.116620180510609117e+02 1.107825129384544169e+02 1.099097489746881990e+02
