output_new_topo_ddd_4/finaltopo_surface_water__discharge.asc
ncols 300
nrows 100
xllcorner 0.0
yllcorner 0.0
cellsize 10.0
[rows 17 to 33 of 100, columns 185 to 221 of 300]
8.500000000000000000e+02 8.000000000000000000e+02 8.000000000000000000e+02 8.000000000000000000e+02 8.000000000000000000e+02 8.000000000000000000e+02 8.000000000000000000e+02 8.000000000000000000e+02 8.000000000000000000e+02 8.000000000000000000e+02 8.000000000000000000e+02 1.350000000000000000e+03 8.450000000000000000e+03 5.000000000000000000e+01 8.500000000000000000e+02 8.500000000000000000e+02 8.500000000000000000e+02 8.500000000000000000e+02 8.500000000000000000e+02 8.500000000000000000e+02 8.500000000000000000e+02 8.500000000000000000e+02 8.500000000000000000e+02 8.500000000000000000e+02 8.500000000000000000e+02 8.500000000000000000e+02 8.500000000000000000e+02 8.500000000000000000e+02 8.500000000000000000e+02 8.500000000000000000e+02 9.000000000000000000e+02 8.500000000000000000e+02 8.500000000000000000e+02 8.500000000000000000e+02 9.500000000000000000e+02 6.550000000000000000e+03 4.500000000000000000e+02
9.000000000000000000e+02 9.000000000000000000e+02 8.500000000000000000e+02 8.500000000000000000e+02 8.500000000000000000e+02 8.500000000000000000e+02 8.500000000000000000e+02 8.500000000000000000e+02 8.500000000000000000e+02 8.500000000000000000e+02 8.500000000000000000e+02 8.500000000000000000e+02 9.850000000000000000e+03 9.500000000000000000e+02 5.000000000000000000e+01 9.000000000000000000e+02 9.000000000000000000e+02 9.000000000000000000e+02 9.000000000000000000e+02 9.000000000000000000e+02 9.000000000000000000e+02 9.000000000000000000e+02 9.000000000000000000e+02 9.000000000000000000e+02 9.000000000000000000e+02 9.000000000000000000e+02 9.000000000000000000e+02 9.000000000000000000e+02 9.000000000000000000e+02 9.000000000000000000e+02 9.500000000000000000e+02 9.000000000000000000e+02 9.000000000000000000e+02 9.000000000000000000e+02 7.550000000000000000e+03 2.450000000000000000e+03 1.950000000000000000e+03
9.500000000000000000e+02 9.500000000000000000e+02 9.500000000000000000e+02 9.000000000000000000e+02 9.000000000000000000e+02 9.000000000000000000e+02 9.000000000000000000e+02 9.000000000000000000e+02 9.000000000000000000e+02 9.000000000000000000e+02 9.000000000000000000e+02 9.000000000000000000e+02 1.075000000000000000e+04 1.000000000000000000e+03 1.000000000000000000e+03 5.000000000000000000e+01 9.500000000000000000e+02 9.500000000000000000e+02 9.500000000000000000e+02 9.500000000000000000e+02 9.500000000000000000e+02 9.500000000000000000e+02 9.500000000000000000e+02 9.500000000000000000e+02 9.500000000000000000e+02 9.500000000000000000e+02 9.500000000000000000e+02 9.500000000000000000e+02 9.500000000000000000e+02 1.900000000000000000e+03 5.000000000000000000e+01 9.500000000000000000e+02 9.500000000000000000e+02 9.500000000000000000e+02 1.070000000000000000e+04 6.500000000000000000e+02 6.000000000000000000e+02
9.500000000000000000e+02 1.000000000000000000e+03 1.000000000000000000e+03 1.000000000000000000e+03 9.500000000000000000e+02 9.500000000000000000e+02 9.500000000000000000e+02 9.500000000000000000e+02 9.500000000000000000e+02 9.500000000000000000e+02 9.500000000000000000e+02 9.500000000000000000e+02 9.500000000000000000e+02 1.280000000000000000e+04 1.000000000000000000e+02 5.000000000000000000e+01 1.000000000000000000e+03 1.000000000000000000e+03 1.000000000000000000e+03 1.000000000000000000e+03 1.000000000000000000e+03 1.000000000000000000e+03 1.000000000000000000e+03 1.000000000000000000e+03 1.000000000000000000e+03 1.000000000000000000e+03 1.000000000000000000e+03 1.000000000000000000e+03 1.000000000000000000e+03 2.000000000000000000e+03 5.000000000000000000e+01 1.000000000000000000e+03 1.000000000000000000e+03 1.210000000000000000e+04 4.000000000000000000e+02 3.500000000000000000e+02 3.000000000000000000e+02
9.000000000000000000e+02 1.000000000000000000e+03 1.050000000000000000e+03 1.050000000000000000e+03 1.050000000000000000e+03 1.000000000000000000e+03 1.000000000000000000e+03 1.000000000000000000e+03 1.000000000000000000e+03 1.000000000000000000e+03 1.000000000000000000e+03 1.000000000000000000e+03 1.000000000000000000e+03 1.390000000000000000e+04 1.000000000000000000e+02 5.000000000000000000e+01 1.050000000000000000e+03 1.050000000000000000e+03 1.050000000000000000e+03 1.050000000000000000e+03 1.050000000000000000e+03 1.050000000000000000e+03 1.050000000000000000e+03 1.050000000000000000e+03 1.050000000000000000e+03 1.050000000000000000e+03 1.050000000000000000e+03 1.050000000000000000e+03 3.050000000000000000e+03 5.000000000000000000e+01 1.000000000000000000e+02 1.050000000000000000e+03 1.370000000000000000e+04 5.500000000000000000e+02 5.000000000000000000e+02 4.500000000000000000e+02 4.000000000000000000e+02
9.000000000000000000e+02 9.500000000000000000e+02 1.050000000000000000e+03 1.100000000000000000e+03 1.100000000000000000e+03 1.100000000000000000e+03 1.050000000000000000e+03 1.050000000000000000e+03 1.050000000000000000e+03 1.050000000000000000e+03 1.050000000000000000e+03 1.050000000000000000e+03 1.050000000000000000e+03 1.505000000000000000e+04 5.000000000000000000e+01 1.000000000000000000e+02 1.100000000000000000e+03 1.100000000000000000e+03 1.100000000000000000e+03 1.100000000000000000e+03 1.100000000000000000e+03 1.100000000000000000e+03 1.100000000000000000e+03 1.100000000000000000e+03 1.100000000000000000e+03 1.100000000000000000e+03 1.100000000000000000e+03 1.100000000000000000e+03 3.150000000000000000e+03 5.000000000000000000e+01 1.500000000000000000e+02 1.480000000000000000e+04 6.000000000000000000e+02 5.500000000000000000e+02 5.000000000000000000e+02 4.500000000000000000e+02 4.000000000000000000e+02
9.000000000000000000e+02 9.500000000000000000e+02 1.000000000000000000e+03 1.100000000000000000e+03 1.150000000000000000e+03 1.150000000000000000e+03 1.150000000000000000e+03 1.100000000000000000e+03 1.100000000000000000e+03 1.100000000000000000e+03 1.100000000000000000e+03 1.100000000000000000e+03 1.100000000000000000e+03 1.620000000000000000e+04 5.000000000000000000e+01 1.500000000000000000e+02 1.150000000000000000e+03 1.150000000000000000e+03 1.150000000000000000e+03 1.150000000000000000e+03 1.150000000000000000e+03 1.150000000000000000e+03 1.150000000000000000e+03 1.150000000000000000e+03 1.150000000000000000e+03 1.150000000000000000e+03 1.150000000000000000e+03 1.150000000000000000e+03 3.250000000000000000e+03 5.000000000000000000e+01 2.000000000000000000e+02 1.590000000000000000e+04 4.500000000000000000e+02 4.000000000000000000e+02 3.500000000000000000e+02 3.000000000000000000e+02 2.500000000000000000e+02
9.000000000000000000e+02 9.500000000000000000e+02 1.000000000000000000e+03 1.050000000000000000e+03 1.150000000000000000e+03 1.200000000000000000e+03 1.200000000000000000e+03 1.200000000000000000e+03 1.150000000000000000e+03 1.150000000000000000e+03 1.150000000000000000e+03 1.150000000000000000e+03 2.300000000000000000e+03 1.965000000000000000e+04 1.000000000000000000e+02 2.000000000000000000e+02 1.200000000000000000e+03 1.200000000000000000e+03 1.200000000000000000e+03 1.200000000000000000e+03 1.200000000000000000e+03 1.200000000000000000e+03 1.200000000000000000e+03 1.200000000000000000e+03 1.200000000000000000e+03 1.200000000000000000e+03 1.200000000000000000e+03 1.200000000000000000e+03 3.350000000000000000e+03 5.000000000000000000e+01 1.680000000000000000e+04 6.500000000000000000e+02 6.000000000000000000e+02 5.500000000000000000e+02 5.000000000000000000e+02 4.500000000000000000e+02 4.000000000000000000e+02
9.000000000000000000e+02 9.500000000000000000e+02 1.000000000000000000e+03 1.050000000000000000e+03 1.100000000000000000e+03 1.200000000000000000e+03 1.250000000000000000e+03 1.250000000000000000e+03 1.250000000000000000e+03 1.200000000000000000e+03 1.200000000000000000e+03 1.200000000000000000e+03 5.000000000000000000e+01 1.000000000000000000e+02 1.990000000000000000e+04 2.500000000000000000e+02 1.250000000000000000e+03 1.250000000000000000e+03 1.250000000000000000e+03 1.250000000000000000e+03 1.250000000000000000e+03 1.250000000000000000e+03 1.250000000000000000e+03 1.250000000000000000e+03 1.250000000000000000e+03 1.250000000000000000e+03 1.250000000000000000e+03 1.250000000000000000e+03 2.080000000000000000e+04 1.735000000000000000e+04 5.000000000000000000e+02 4.500000000000000000e+02 4.000000000000000000e+02 3.500000000000000000e+02 3.000000000000000000e+02 2.500000000000000000e+02 2.000000000000000000e+02
9.000000000000000000e+02 9.500000000000000000e+02 1.000000000000000000e+03 1.050000000000000000e+03 1.100000000000000000e+03 1.150000000000000000e+03 1.250000000000000000e+03 1.300000000000000000e+03 1.300000000000000000e+03 1.300000000000000000e+03 1.250000000000000000e+03 1.250000000000000000e+03 1.250000000000000000e+03 5.000000000000000000e+01 5.000000000000000000e+01 2.145000000000000000e+04 5.000000000000000000e+01 1.300000000000000000e+03 1.300000000000000000e+03 1.300000000000000000e+03 1.300000000000000000e+03 1.300000000000000000e+03 1.300000000000000000e+03 1.300000000000000000e+03 1.300000000000000000e+03 1.300000000000000000e+03 1.300000000000000000e+03 2.210000000000000000e+04 5.500000000000000000e+02 5.000000000000000000e+02 4.500000000000000000e+02 4.000000000000000000e+02 3.500000000000000000e+02 3.000000000000000000e+02 2.500000000000000000e+02 2.000000000000000000e+02 1.500000000000000000e+02
9.000000000000000000e+02 9.500000000000000000e+02 1.000000000000000000e+03 1.050000000000000000e+03 1.100000000000000000e+03 1.150000000000000000e+03 1.200000000000000000e+03 1.300000000000000000e+03 1.350000000000000000e+03 1.350000000000000000e+03 1.350000000000000000e+03 1.300000000000000000e+03 1.300000000000000000e+03 1.300000000000000000e+03 1.400000000000000000e+03 2.295000000000000000e+04 1.000000000000000000e+02 1.350000000000000000e+03 1.350000000000000000e+03 1.350000000000000000e+03 1.350000000000000000e+03 1.350000000000000000e+03 1.350000000000000000e+03 1.350000000000000000e+03 1.350000000000000000e+03 1.350000000000000000e+03 1.350000000000000000e+03 2.320000000000000000e+04 5.000000000000000000e+02 4.500000000000000000e+02 4.000000000000000000e+02 3.500000000000000000e+02 3.000000000000000000e+02 2.500000000000000000e+02 2.000000000000000000e+02 1.500000000000000000e+02 1.000000000000000000e+02
9.000000000000000000e+02 9.500000000000000000e+02 1.000000000000000000e+03 1.050000000000000000e+03 1.100000000000000000e+03 1.150000000000000000e+03 1.200000000000000000e+03 1.250000000000000000e+03 1.350000000000000000e+03 1.400000000000000000e+03 1.400000000000000000e+03 1.400000000000000000e+03 1.350000000000000000e+03 1.350000000000000000e+03 5.000000000000000000e+01 1.000000000000000000e+02 2.320000000000000000e+04 1.400000000000000000e+03 1.400000000000000000e+03 1.400000000000000000e+03 1.400000000000000000e+03 1.400000000000000000e+03 1.400000000000000000e+03 1.400000000000000000e+03 1.400000000000000000e+03 1.400000000000000000e+03 2.510000000000000000e+04 5.000000000000000000e+02 4.500000000000000000e+02 4.000000000000000000e+02 3.500000000000000000e+02 3.000000000000000000e+02 2.500000000000000000e+02 2.000000000000000000e+02 1.500000000000000000e+02 1.000000000000000000e+02 5.000000000000000000e+01
9.000000000000000000e+02 9.500000000000000000e+02 1.000000000000000000e+03 1.050000000000000000e+03 1.100000000000000000e+03 1.150000000000000000e+03 1.200000000000000000e+03 1.250000000000000000e+03 1.300000000000000000e+03 1.400000000000000000e+03 1.450000000000000000e+03 1.450000000000000000e+03 1.450000000000000000e+03 1.400000000000000000e+03 1.400000000000000000e+03 5.000000000000000000e+01 1.000000000000000000e+02 2.475000000000000000e+04 1.450000000000000000e+03 1.450000000000000000e+03 1.450000000000000000e+03 1.450000000000000000e+03 1.450000000000000000e+03 1.450000000000000000e+03 1.450000000000000000e+03 2.655000000000000000e+04 5.000000000000000000e+02 4.500000000000000000e+02 4.000000000000000000e+02 3.500000000000000000e+02 3.000000000000000000e+02 2.500000000000000000e+02 2.000000000000000000e+02 1.500000000000000000e+02 1.000000000000000000e+02 5.000000000000000000e+01 4.000000000000000000e+02
9.000000000000000000e+02 9.500000000000000000e+02 1.000000000000000000e+03 1.050000000000000000e+03 1.100000000000000000e+03 1.150000000000000000e+03 1.200000000000000000e+03 1.250000000000000000e+03 1.300000000000000000e+03 1.350000000000000000e+03 1.450000000000000000e+03 1.500000000000000000e+03 1.500000000000000000e+03 1.500000000000000000e+03 1.450000000000000000e+03 1.450000000000000000e+03 5.000000000000000000e+01 1.000000000000000000e+02 2.635000000000000000e+04 1.500000000000000000e+03 1.500000000000000000e+03 1.500000000000000000e+03 1.500000000000000000e+03 1.500000000000000000e+03 1.500000000000000000e+03 2.755000000000000000e+04 4.500000000000000000e+02 4.000000000000000000e+02 3.500000000000000000e+02 3.000000000000000000e+02 2.500000000000000000e+02 2.000000000000000000e+02 1.500000000000000000e+02 1.000000000000000000e+02 5.000000000000000000e+01 4.500000000000000000e+02 3.500000000000000000e+02
9.000000000000000000e+02 9.500000000000000000e+02 1.000000000000000000e+03 1.050000000000000000e+03 1.100000000000000000e+03 1.150000000000000000e+03 1.200000000000000000e+03 1.250000000000000000e+03 1.300000000000000000e+03 1.350000000000000000e+03 1.400000000000000000e+03 1.500000000000000000e+03 1.550000000000000000e+03 1.550000000000000000e+03 1.550000000000000000e+03 1.500000000000000000e+03 1.500000000000000000e+03 5.000000000000000000e+01 5.000000000000000000e+01 2.795000000000000000e+04 1.550000000000000000e+03 1.550000000000000000e+03 1.550000000000000000e+03 1.550000000000000000e+03 2.950000000000000000e+04 4.000000000000000000e+02 3.500000000000000000e+02 3.000000000000000000e+02 2.500000000000000000e+02 2.000000000000000000e+02 1.500000000000000000e+02 1.000000000000000000e+02 5.000000000000000000e+01 5.000000000000000000e+01 5.000000000000000000e+02 4.000000000000000000e+02 3.500000000000000000e+02
9.000000000000000000e+02 9.500000000000000000e+02 1.000000000000000000e+03 1.050000000000000000e+03 1.100000000000000000e+03 1.150000000000000000e+03 1.200000000000000000e+03 1.250000000000000000e+03 1.300000000000000000e+03 1.350000000000000000e+03 1.400000000000000000e+03 1.450000000000000000e+03 1.550000000000000000e+03 1.600000000000000000e+03 1.600000000000000000e+03 1.600000000000000000e+03 1.550000000000000000e+03 1.550000000000000000e+03 1.000000000000000000e+02 5.000000000000000000e+01 2.960000000000000000e+04 1.600000000000000000e+03 1.600000000000000000e+03 3.150000000000000000e+04 4.000000000000000000e+02 3.500000000000000000e+02 3.000000000000000000e+02 2.500000000000000000e+02 2.000000000000000000e+02 1.500000000000000000e+02 1.000000000000000000e+02 5.000000000000000000e+01 1.000000000000000000e+02 5.500000000000000000e+02 4.500000000000000000e+02 4.000000000000000000e+02 3.000000000000000000e+02
1.390000000000000000e+04 1.485000000000000000e+04 1.000000000000000000e+03 1.050000000000000000e+03 1.100000000000000000e+03 1.150000000000000000e+03 1.200000000000000000e+03 1.250000000000000000e+03 1.300000000000000000e+03 1.350000000000000000e+03 1.400000000000000000e+03 1.450000000000000000e+03 1.500000000000000000e+03 1.600000000000000000e+03 1.650000000000000000e+03 1.650000000000000000e+03 1.650000000000000000e+03 1.600000000000000000e+03 1.600000000000000000e+03 1.500000000000000000e+02 5.000000000000000000e+01 3.285000000000000000e+04 3.195000000000000000e+04 4.000000000000000000e+02 3.500000000000000000e+02 3.000000000000000000e+02 2.500000000000000000e+02 2.000000000000000000e+02 1.500000000000000000e+02 1.000000000000000000e+02 5.000000000000000000e+01 1.500000000000000000e+02 6.000000000000000000e+02 5.000000000000000000e+02 4.500000000000000000e+02 3.500000000000000000e+02 2.000000000000000000e+02
