output_new_topo_ddd_4/finaltopo_bedrock__elevation.asc
ncols 300
nrows 100
xllcorner 0.0
yllcorner 0.0
cellsize 10.0
[rows 34 to 50 of 100, columns 74 to 110 of 300]
9.413243490251019807e+01 9.614620718617962325e+01 9.795962069672560801e+01 1.002391743105744837e+02 1.023077851521471473e+02 1.042324691102630112e+02 1.060189914734696544e+02 1.076264120297357749e+02 1.090354320202585825e+02 1.102302975280803139e+02 1.111920996417992029e+02 1.118977073504005517e+02 1.123211266690033909e+02 1.124365670893397322e+02 1.122544903604872957e+02 1.118214807261124832e+02 1.111556992561129391e+02 1.102940067954600210e+02 1.092698179812656178e+02 1.080825891304463937e+02 1.067546327195965432e+02 1.052959223311066239e+02 1.037437884618036463e+02 1.020406793628343252e+02 1.001901183764245644e+02 9.819626536861944999e+01 9.607928311492780438e+01 9.391298827737189470e+01 9.167036562814702449e+01 8.940254972845701786e+01 8.714497371389279579e+01 8.492507669054053565e+01 8.278791579320258620e+01 8.071678631785313485e+01 7.872648899267994693e+01 7.680356936814081337e+01 7.486455782361015565e+01
9.567248614334560841e+01 9.757699463298601472e+01 9.932143593263805315e+01 1.009431060595336049e+02 1.028182719247921852e+02 1.046408142834456925e+02 1.064173440498508683e+02 1.079478608214687654e+02 1.092572791451102745e+02 1.103409241043822817e+02 1.111819906258096182e+02 1.117563524703937077e+02 1.120339163626236569e+02 1.120107663741669626e+02 1.117065246657172537e+02 1.111609279664523342e+02 1.104153539736053489e+02 1.094798533578883450e+02 1.083869145025133491e+02 1.071647116516609941e+02 1.058062477099682894e+02 1.043283723400830922e+02 1.027329730196039179e+02 1.010443109959985577e+02 9.918214558497292899e+01 9.714145046969629504e+01 9.495706567967519618e+01 9.267210806831592151e+01 9.036896604703400726e+01 8.802078511793448001e+01 8.568653330775318011e+01 8.339668522486495306e+01 8.117533599323385829e+01 7.906660658441148826e+01 7.706603456872888103e+01 7.524672066764745182e+01 7.350464467391546464e+01
9.710957328481309503e+01 9.896039510488803614e+01 1.006608346473417726e+02 1.022315849337843190e+02 1.038687090523302032e+02 1.054722134239024740e+02 1.069139103251263663e+02 1.083068868245457992e+02 1.094782961749449726e+02 1.104261344106841847e+02 1.111290318839005522e+02 1.115590146378113445e+02 1.116871841694111680e+02 1.115209085323606928e+02 1.111043584368976269e+02 1.104548949981135593e+02 1.096111619939499064e+02 1.086105470032841254e+02 1.074568242801687603e+02 1.061788309853500891e+02 1.048004046965238274e+02 1.033093872747403026e+02 1.017175347540035375e+02 1.000167533989751689e+02 9.819251793569145548e+01 9.607927032419470947e+01 9.380976013775517686e+01 9.143463706331547769e+01 8.900087568323351661e+01 8.656168346589601015e+01 8.414201865021496474e+01 8.177119635000578057e+01 7.947475187820094789e+01 7.727497804068404719e+01 7.519786896889422678e+01 7.326455662499448351e+01 7.209142492593568363e+01
9.861627979396722310e+01 1.002088820736351664e+02 1.018649696200194654e+02 1.033826110438878345e+02 1.047958964081702362e+02 1.062150349340935094e+02 1.075211630107824448e+02 1.086843606698053719e+02 1.096855892445622089e+02 1.104789182673149668e+02 1.110302360362443039e+02 1.113011854205759477e+02 1.112797442441229094e+02 1.109796934257876160e+02 1.104375627643748174e+02 1.096943826296357685e+02 1.087611838472372767e+02 1.076743484459484250e+02 1.064679930951543270e+02 1.051412892042354912e+02 1.037203259495634455e+02 1.022257552765945405e+02 1.006425507780500794e+02 9.898286304761916199e+01 9.725487995625732651e+01 9.556559695876492810e+01 9.362723200431680937e+01 9.151932931881212596e+01 8.932114300759833725e+01 8.705885509259924504e+01 8.476152977679558376e+01 8.245152383458415102e+01 8.014391208246303222e+01 7.784255597994838638e+01 7.553182990150452270e+01 7.315590067383648432e+01 7.052707588691600904e+01
9.995250967151083898e+01 1.014739505868709699e+02 1.028784484186031705e+02 1.043317552388036233e+02 1.056478974717952468e+02 1.068382929747074144e+02 1.079879639463141814e+02 1.089700407429039899e+02 1.098105585275311000e+02 1.104510691812561021e+02 1.108500584561650015e+02 1.109674295348687281e+02 1.107983583132097891e+02 1.103794466207716880e+02 1.097240014545467375e+02 1.088699899302182956e+02 1.078568480794048554e+02 1.066912550337600578e+02 1.054081125610850762e+02 1.040393428427150724e+02 1.025809517179128392e+02 1.010571212166981923e+02 9.948655433029043138e+01 9.785428391748759225e+01 9.617813399591017287e+01 9.447597764117681152e+01 9.285932085393245927e+01 9.107259339335060133e+01 8.910882565148497747e+01 8.702195049808761951e+01 8.484834375527087502e+01 8.260382955156427442e+01 8.030121263236445373e+01 7.794424365995668325e+01 7.552455612855160894e+01 7.302675040789449667e+01 7.046261881967308227e+01
1.010676168877646717e+02 1.025221234627788220e+02 1.038433500614313232e+02 1.050480660888962916e+02 1.062765003852172185e+02 1.073532546396720164e+02 1.082944371069283847e+02 1.091438873764867310e+02 1.098389762137345826e+02 1.103338176414486185e+02 1.105809451579619065e+02 1.105583669681898300e+02 1.102588026075410141e+02 1.097128581536709362e+02 1.089579291168486606e+02 1.080039392333800379e+02 1.068893751324793300e+02 1.056528424700825326e+02 1.042983073011323114e+02 1.028599928757722921e+02 1.013684715323255858e+02 9.981752970581719353e+01 9.822969439868829511e+01 9.662175796741850320e+01 9.497789666593178026e+01 9.331420776822250218e+01 9.164372575841146329e+01 9.006799154539352514e+01 8.835522913952964075e+01 8.648746167234067173e+01 8.446258249263544826e+01 8.231040279234352397e+01 8.005026143465011046e+01 7.769296455437289239e+01 7.523390174084883597e+01 7.264250130301628872e+01 6.986392630241645918e+01
1.021081967024278896e+02 1.033044798940340598e+02 1.045422101632045440e+02 1.056469688056661909e+02 1.066444990343131707e+02 1.075964332764549454e+02 1.084426496547637981e+02 1.091678681003728997e+02 1.097348151930298314e+02 1.100953478889920234e+02 1.102089364484474743e+02 1.100685065904125253e+02 1.096576136315832599e+02 1.090021144619619236e+02 1.081337596874937361e+02 1.070916053249048332e+02 1.058840041219166750e+02 1.045506321338110780e+02 1.031301785023588735e+02 1.016250833996939633e+02 1.000694317560830200e+02 9.849286913235654595e+01 9.688717392481521529e+01 9.527219770942991772e+01 9.366007778408643958e+01 9.202802875340080391e+01 9.038140582160085046e+01 8.872092924843184392e+01 8.713827081667636776e+01 8.539126300521527924e+01 8.345722349233004422e+01 8.134210317068627205e+01 7.908417311959557594e+01 7.670377419751366688e+01 7.420719110894535220e+01 7.158429275051138063e+01 6.878502533538657815e+01
1.028215106956939451e+02 1.039338638002127908e+02 1.049319400750854072e+02 1.059109692870318042e+02 1.068202548807198724e+02 1.076586180807572930e+02 1.084015108741556759e+02 1.090152734315455803e+02 1.094683167260951393e+02 1.097345229505553164e+02 1.097509297904757233e+02 1.094891791768389453e+02 1.089938408188351957e+02 1.082457479172945085e+02 1.072787854522274955e+02 1.061285759521958170e+02 1.048369800150306332e+02 1.034121468228746181e+02 1.018954751950850977e+02 1.003262919053593123e+02 9.870619755304902299e+01 9.706937198822400603e+01 9.544461979876790281e+01 9.382127242813670875e+01 9.221409464094347186e+01 9.062519081949024269e+01 8.901701349219058557e+01 8.737745758959394493e+01 8.569153277556880255e+01 8.402976417660389075e+01 8.214218799711363772e+01 8.003533013490819314e+01 7.775031962746817271e+01 7.532832300265131664e+01 7.279094689562766973e+01 7.015331939323048971e+01 6.741083215747342194e+01
1.032953843871085127e+02 1.041913192086325495e+02 1.050746490571077345e+02 1.059294432637828720e+02 1.067364437474726344e+02 1.074720435137798233e+02 1.081156208680279605e+02 1.086530953032644788e+02 1.090553245457906399e+02 1.092562966233443689e+02 1.092052402838268108e+02 1.088695399482338644e+02 1.082651071072416045e+02 1.074467284019313666e+02 1.063933654512356100e+02 1.051460562494402922e+02 1.037446550015685744e+02 1.022343696972979217e+02 1.006236990532514426e+02 9.895578780785325534e+01 9.727069795087813020e+01 9.556957565655581277e+01 9.388702851004156003e+01 9.225145880231089279e+01 9.064946207151137969e+01 8.908731119809193899e+01 8.754765563381344862e+01 8.596767442291844930e+01 8.432111240917529926e+01 8.258538964225000711e+01 8.077607255530858765e+01 7.865319648941645880e+01 7.632637950812973315e+01 7.383535288581465750e+01 7.121920224035810065e+01 6.852348902212426651e+01 6.580693164099689341e+01
1.033633119676307501e+02 1.041250915728808906e+02 1.048795474575936879e+02 1.056204875116828390e+02 1.063307474279098130e+02 1.069993449460781818e+02 1.076076773713881636e+02 1.081338576063488404e+02 1.085169114584952155e+02 1.086664990206786570e+02 1.085808940094006658e+02 1.081955401212221801e+02 1.075297452577539303e+02 1.066039805077280107e+02 1.054829560725686974e+02 1.041458245503182241e+02 1.026413979477580369e+02 1.010142234352725268e+02 9.931271119984216966e+01 9.754528330514138190e+01 9.575616340137331406e+01 9.398605622191857378e+01 9.223646168059237027e+01 9.054395862194444078e+01 8.893870359519168289e+01 8.740670240249384904e+01 8.594010844567542051e+01 8.447025981541558792e+01 8.290246939219663602e+01 8.125246383358746982e+01 7.953686679058165510e+01 7.779264846909043740e+01 7.566695310561929944e+01 7.328558296629105939e+01 7.070946158819918992e+01 6.796790813912944884e+01 6.507773391629956450e+01
1.030124430340964352e+02 1.036358093409756123e+02 1.042927480372678275e+02 1.049665952369738164e+02 1.056425864171287259e+02 1.063049626663947009e+02 1.069360940672289502e+02 1.074793125365930138e+02 1.078532710761577675e+02 1.079814773591612322e+02 1.078884929173353981e+02 1.074785602306196637e+02 1.067700932267725733e+02 1.057841398368992003e+02 1.045475862086682923e+02 1.031356910157600737e+02 1.015302116817430402e+02 9.978887849957568790e+01 9.796023571602069069e+01 9.609429913056625594e+01 9.419768237170164582e+01 9.231466422815188366e+01 9.048730605158610274e+01 8.872011105816058318e+01 8.705573212589142429e+01 8.553016206334288540e+01 8.415347703632313880e+01 8.286888933081449693e+01 8.139346819893137308e+01 7.978878552597846863e+01 7.808611681905330215e+01 7.632580093806413402e+01 7.456949494410963553e+01 7.242178901348391662e+01 6.994160093445343307e+01 6.716082281934424714e+01 6.411170186047186803e+01
1.022530374135666023e+02 1.027612597852060361e+02 1.033705332728813175e+02 1.040360974057487198e+02 1.047336990342108578e+02 1.054477528238377317e+02 1.061249973228162986e+02 1.066892662052895702e+02 1.070801329020215888e+02 1.072134901025867606e+02 1.071384430695728724e+02 1.067293478011368961e+02 1.059998736038501335e+02 1.049687998627784822e+02 1.036632254930138828e+02 1.021173028500502085e+02 1.004209905485837737e+02 9.856227479242905076e+01 9.660612886015854883e+01 9.460240387294118136e+01 9.259836135537869950e+01 9.059655309505892262e+01 8.864134971382664219e+01 8.677898128681776768e+01 8.502437962261595317e+01 8.343142419781169394e+01 8.200219382343998120e+01 8.127512076666440066e+01 7.980522369149383621e+01 7.826075021837941392e+01 7.655869193773938264e+01 7.475044220256890526e+01 7.288706005559454582e+01 7.103675630223456494e+01 6.876679453111712803e+01 6.611913878804645606e+01 6.300806082757833337e+01
1.011269209158740807e+02 1.015172324802161796e+02 1.021693845926388207e+02 1.028906638811236434e+02 1.036685649578968196e+02 1.044530911288686497e+02 1.051733499372120377e+02 1.057788817910775947e+02 1.062079596479048149e+02 1.063740975466181027e+02 1.063395529705140774e+02 1.059593104854787526e+02 1.052315630694639736e+02 1.041760831024249399e+02 1.028150008508179951e+02 1.011787291751879962e+02 9.931582011339884275e+01 9.734577425492341263e+01 9.525399660172371341e+01 9.311259930796434503e+01 9.096186294404115813e+01 8.884173180117245749e+01 8.675072829559290710e+01 8.473531861477657401e+01 8.284671881673030214e+01 8.115815804877088624e+01 7.969668476463176887e+01 7.927587984564746648e+01 7.827356488110149257e+01 7.670324185088139757e+01 7.501615762759253414e+01 7.315741112204648289e+01 7.119208775397567024e+01 6.917518231443382604e+01 6.715570848772557611e+01 6.466736916014394865e+01 6.178596734310476535e+01
9.969612697689674974e+01 1.000182761381797434e+02 1.007728151139662174e+02 1.016049987136709376e+02 1.024754356212510231e+02 1.033201758174974429e+02 1.040975419135914706e+02 1.047567074076087437e+02 1.052403091048091426e+02 1.054769917380842656e+02 1.054953484052399091e+02 1.051840991745351914e+02 1.044769389760611347e+02 1.034220670455744795e+02 1.020317854924914371e+02 1.003197470079982594e+02 9.830102282652083545e+01 9.613459628629136944e+01 9.389512824261913693e+01 9.161022335891233581e+01 8.931582891849824080e+01 8.704113340623699457e+01 8.481113684437566747e+01 8.264275271056033034e+01 8.055456738187915278e+01 7.854471038129248939e+01 7.735415823227116050e+01 7.696256488259132311e+01 7.641450799398253935e+01 7.526438583657790105e+01 7.350769491755632146e+01 7.161759254663257934e+01 6.955658128408123275e+01 6.740870212424492536e+01 6.522364918168679537e+01 6.300251408297264533e+01 6.025025563536885898e+01
9.798422968039265868e+01 9.836336261341634213e+01 9.926980275904573148e+01 1.002102435329652650e+02 1.011540977574514528e+02 1.020680405133755926e+02 1.029085121310866100e+02 1.036261219054329814e+02 1.041523438342999839e+02 1.045584899329227540e+02 1.046236814675144302e+02 1.043874806291675696e+02 1.037452039443308109e+02 1.027175706650816664e+02 1.013347048566039490e+02 9.960582043891683668e+01 9.769568910368354864e+01 9.562879015183678177e+01 9.345849496122802691e+01 9.122323714402193673e+01 8.895344273017913395e+01 8.667113844458884842e+01 8.439033962894301055e+01 8.211792434067997704e+01 7.985348142949423789e+01 7.784019198104384429e+01 7.517150957661411326e+01 7.416746148181759679e+01 7.425384937689096887e+01 7.362000905138368978e+01 7.219612171627464647e+01 7.018649248593609968e+01 6.804027242383436658e+01 6.574932521376288719e+01 6.345840581471467345e+01 6.115828115486947780e+01 5.874272854091410068e+01
9.591258087045075342e+01 9.672629319879368381e+01 9.768517436513441510e+01 9.870172260536817532e+01 9.972437390459380424e+01 1.007102669277829676e+02 1.016160678462962039e+02 1.023783601380958856e+02 1.031032508635612146e+02 1.035765202355949413e+02 1.037208463210541396e+02 1.035750724201020887e+02 1.030116355813024001e+02 1.020596323983704679e+02 1.007507333044285645e+02 9.920407218683648409e+01 9.734284021135148635e+01 9.531010029128029259e+01 9.315453193120930564e+01 9.091370949390875467e+01 8.861518322918627177e+01 8.627559808730724455e+01 8.389948617363658911e+01 8.147916644332136116e+01 7.898037694322569280e+01 7.632123915456885754e+01 7.436182542877365620e+01 7.184815831375965445e+01 7.206435130472971196e+01 7.177128339706530369e+01 7.076364331674815844e+01 6.904688362759348763e+01 6.671841415162217004e+01 6.422199415065892936e+01 6.168445507584232956e+01 5.954923793140056176e+01 5.714188630750931708e+01
9.388145582631570107e+01 9.490052473867922345e+01 9.598095582954724136e+01 9.709501470144940072e+01 9.820028339384492710e+01 9.925842236069169644e+01 1.002108927917691545e+02 1.011887837091727249e+02 1.019803599768017079e+02 1.025407575117352792e+02 1.027911947351225450e+02 1.027466959676612106e+02 1.022746635025915225e+02 1.013952786577138028e+02 1.001344746156009933e+02 9.851270066548660509e+01 9.669232112399016899e+01 9.468634776050753032e+01 9.253973837717468598e+01 9.028972697538347347e+01 8.796470063565926978e+01 8.558138578726902779e+01 8.314023639366162399e+01 8.065105058710669539e+01 7.805784874092040582e+01 7.535395655877364618e+01 7.249147798592363756e+01 6.989896726645633862e+01 6.972871815849840971e+01 6.972065155392412805e+01 6.918771832935642863e+01 6.790341170047663866e+01 6.616565894116654079e+01 6.389667801451865614e+01 6.126100317316222998e+01 5.805900722031094574e+01 5.557017060811141818e+01
