output_new_topo_ddd_4/finaltopo_flow__link_to_receiver_node.asc
ncols 300
nrows 100
xllcorner 0.0
yllcorner 0.0
cellsize 10.0
[rows 68 to 84 of 100, columns 222 to 258 of 300]
1.849100000000000000e+04 7.798400000000000000e+04 7.798600000000000000e+04 1.849400000000000000e+04 1.849500000000000000e+04 1.849600000000000000e+04 1.849700000000000000e+04 1.849800000000000000e+04 1.849900000000000000e+04 1.850000000000000000e+04 1.850100000000000000e+04 1.850200000000000000e+04 1.850300000000000000e+04 7.801100000000000000e+04 1.850500000000000000e+04 7.801200000000000000e+04 1.880600000000000000e+04 1.910700000000000000e+04 7.861700000000000000e+04 7.861900000000000000e+04 7.862100000000000000e+04 7.862300000000000000e+04 7.862500000000000000e+04 7.862700000000000000e+04 7.862900000000000000e+04 7.863100000000000000e+04 7.863300000000000000e+04 7.863500000000000000e+04 7.863700000000000000e+04 1.881900000000000000e+04 1.882000000000000000e+04 1.882100000000000000e+04 1.882200000000000000e+04 1.882300000000000000e+04 1.882400000000000000e+04 1.882500000000000000e+04 1.882600000000000000e+04
7.738700000000000000e+04 1.789300000000000000e+04 7.738800000000000000e+04 1.789500000000000000e+04 1.789600000000000000e+04 1.789700000000000000e+04 1.789800000000000000e+04 1.789900000000000000e+04 1.790000000000000000e+04 1.790100000000000000e+04 1.790200000000000000e+04 1.790300000000000000e+04 1.790400000000000000e+04 1.790500000000000000e+04 7.741200000000000000e+04 1.820600000000000000e+04 7.801500000000000000e+04 7.801700000000000000e+04 7.801900000000000000e+04 7.802100000000000000e+04 7.802300000000000000e+04 7.802500000000000000e+04 7.802700000000000000e+04 7.802900000000000000e+04 7.803100000000000000e+04 7.803300000000000000e+04 7.803500000000000000e+04 7.803700000000000000e+04 7.803900000000000000e+04 7.804100000000000000e+04 7.804300000000000000e+04 1.822200000000000000e+04 1.822300000000000000e+04 1.822400000000000000e+04 1.822500000000000000e+04 1.822600000000000000e+04 7.745900000000000000e+04
1.759300000000000000e+04 7.679100000000000000e+04 1.729500000000000000e+04 7.679200000000000000e+04 1.729700000000000000e+04 1.729800000000000000e+04 1.729900000000000000e+04 1.730000000000000000e+04 1.730100000000000000e+04 1.730200000000000000e+04 7.680900000000000000e+04 1.730400000000000000e+04 1.730500000000000000e+04 7.681200000000000000e+04 1.760600000000000000e+04 7.741500000000000000e+04 1.760800000000000000e+04 7.741900000000000000e+04 7.742100000000000000e+04 7.742300000000000000e+04 7.742500000000000000e+04 7.742700000000000000e+04 7.742900000000000000e+04 7.743100000000000000e+04 7.743300000000000000e+04 7.743500000000000000e+04 7.743700000000000000e+04 7.743900000000000000e+04 7.744100000000000000e+04 7.744300000000000000e+04 7.744500000000000000e+04 7.744700000000000000e+04 1.762400000000000000e+04 1.762500000000000000e+04 1.762600000000000000e+04 7.685600000000000000e+04 7.686100000000000000e+04
7.678800000000000000e+04 1.699500000000000000e+04 7.619500000000000000e+04 1.669700000000000000e+04 1.669800000000000000e+04 1.669900000000000000e+04 1.670000000000000000e+04 7.620200000000000000e+04 7.620700000000000000e+04 1.670300000000000000e+04 1.670400000000000000e+04 7.621000000000000000e+04 1.700500000000000000e+04 1.700600000000000000e+04 7.681500000000000000e+04 7.681700000000000000e+04 7.681900000000000000e+04 1.701000000000000000e+04 1.701100000000000000e+04 1.701200000000000000e+04 1.701300000000000000e+04 1.701400000000000000e+04 1.701500000000000000e+04 1.701600000000000000e+04 1.701700000000000000e+04 1.701800000000000000e+04 1.701900000000000000e+04 1.702000000000000000e+04 1.702100000000000000e+04 1.702200000000000000e+04 1.702300000000000000e+04 1.702400000000000000e+04 1.702500000000000000e+04 1.702600000000000000e+04 7.625600000000000000e+04 1.672900000000000000e+04 7.626300000000000000e+04
7.619000000000000000e+04 7.619200000000000000e+04 1.639700000000000000e+04 1.639800000000000000e+04 1.639900000000000000e+04 1.640000000000000000e+04 7.560500000000000000e+04 1.610200000000000000e+04 1.610300000000000000e+04 7.560800000000000000e+04 1.640400000000000000e+04 1.640500000000000000e+04 1.670600000000000000e+04 7.621500000000000000e+04 7.621700000000000000e+04 7.621900000000000000e+04 7.622100000000000000e+04 7.622300000000000000e+04 7.622500000000000000e+04 7.622700000000000000e+04 7.622900000000000000e+04 7.623100000000000000e+04 7.623300000000000000e+04 7.623500000000000000e+04 7.623700000000000000e+04 1.641900000000000000e+04 1.642000000000000000e+04 1.642100000000000000e+04 1.642200000000000000e+04 1.642300000000000000e+04 1.642400000000000000e+04 1.642500000000000000e+04 1.642600000000000000e+04 7.565600000000000000e+04 7.565800000000000000e+04 1.613000000000000000e+04 7.566500000000000000e+04
7.559200000000000000e+04 7.559400000000000000e+04 7.559600000000000000e+04 1.609800000000000000e+04 1.609900000000000000e+04 1.610000000000000000e+04 1.580200000000000000e+04 7.500900000000000000e+04 1.550400000000000000e+04 1.580400000000000000e+04 1.610500000000000000e+04 7.561300000000000000e+04 7.561500000000000000e+04 7.561700000000000000e+04 7.561900000000000000e+04 7.562100000000000000e+04 7.562300000000000000e+04 7.562500000000000000e+04 7.562700000000000000e+04 7.562900000000000000e+04 7.563100000000000000e+04 1.581600000000000000e+04 1.581700000000000000e+04 1.581800000000000000e+04 1.581900000000000000e+04 1.582000000000000000e+04 1.582100000000000000e+04 1.582200000000000000e+04 1.582300000000000000e+04 1.582400000000000000e+04 1.582500000000000000e+04 1.582600000000000000e+04 7.505600000000000000e+04 7.505800000000000000e+04 1.553000000000000000e+04 1.553100000000000000e+04 7.506700000000000000e+04
7.499400000000000000e+04 7.499600000000000000e+04 7.499800000000000000e+04 7.500000000000000000e+04 7.500200000000000000e+04 7.500400000000000000e+04 7.500600000000000000e+04 1.520400000000000000e+04 1.490500000000000000e+04 1.520500000000000000e+04 1.520600000000000000e+04 1.520700000000000000e+04 1.520800000000000000e+04 1.520900000000000000e+04 1.521000000000000000e+04 1.521100000000000000e+04 1.521200000000000000e+04 1.521300000000000000e+04 1.521400000000000000e+04 1.521500000000000000e+04 1.521600000000000000e+04 1.521700000000000000e+04 1.521800000000000000e+04 1.521900000000000000e+04 1.522000000000000000e+04 1.522100000000000000e+04 1.522200000000000000e+04 1.522300000000000000e+04 1.522400000000000000e+04 1.522500000000000000e+04 7.445400000000000000e+04 7.445600000000000000e+04 7.445800000000000000e+04 1.493000000000000000e+04 1.493100000000000000e+04 1.493200000000000000e+04 1.493300000000000000e+04
7.439600000000000000e+04 7.439800000000000000e+04 7.440000000000000000e+04 7.440200000000000000e+04 1.460200000000000000e+04 1.460300000000000000e+04 1.460400000000000000e+04 1.460500000000000000e+04 1.430600000000000000e+04 1.460600000000000000e+04 1.460700000000000000e+04 1.460800000000000000e+04 1.460900000000000000e+04 1.461000000000000000e+04 1.461100000000000000e+04 1.461200000000000000e+04 1.461300000000000000e+04 1.461400000000000000e+04 1.461500000000000000e+04 1.461600000000000000e+04 1.461700000000000000e+04 1.461800000000000000e+04 1.461900000000000000e+04 1.462000000000000000e+04 1.462100000000000000e+04 1.462200000000000000e+04 1.462300000000000000e+04 1.462400000000000000e+04 7.385200000000000000e+04 7.385400000000000000e+04 7.385600000000000000e+04 7.385800000000000000e+04 1.433000000000000000e+04 1.433100000000000000e+04 1.433200000000000000e+04 1.433300000000000000e+04 1.433400000000000000e+04
1.399900000000000000e+04 1.400000000000000000e+04 1.400100000000000000e+04 1.400200000000000000e+04 1.400300000000000000e+04 1.400400000000000000e+04 1.400500000000000000e+04 1.400600000000000000e+04 1.370700000000000000e+04 1.400700000000000000e+04 1.400800000000000000e+04 1.400900000000000000e+04 1.401000000000000000e+04 1.401100000000000000e+04 1.401200000000000000e+04 1.401300000000000000e+04 1.401400000000000000e+04 1.401500000000000000e+04 1.401600000000000000e+04 1.401700000000000000e+04 1.401800000000000000e+04 1.401900000000000000e+04 1.402000000000000000e+04 1.402100000000000000e+04 1.402200000000000000e+04 7.324800000000000000e+04 7.325000000000000000e+04 7.325200000000000000e+04 7.325400000000000000e+04 7.325600000000000000e+04 7.325800000000000000e+04 7.326000000000000000e+04 1.373100000000000000e+04 1.373200000000000000e+04 1.373300000000000000e+04 1.373400000000000000e+04 1.373500000000000000e+04
1.340000000000000000e+04 1.340100000000000000e+04 1.340200000000000000e+04 1.340300000000000000e+04 1.340400000000000000e+04 1.340500000000000000e+04 1.340600000000000000e+04 1.340700000000000000e+04 1.310800000000000000e+04 1.340800000000000000e+04 1.340900000000000000e+04 1.341000000000000000e+04 1.341100000000000000e+04 7.262600000000000000e+04 7.262800000000000000e+04 7.263000000000000000e+04 7.263200000000000000e+04 7.263400000000000000e+04 7.263600000000000000e+04 7.263800000000000000e+04 7.264000000000000000e+04 7.264200000000000000e+04 7.264400000000000000e+04 7.264600000000000000e+04 7.264800000000000000e+04 7.265000000000000000e+04 7.265200000000000000e+04 7.265400000000000000e+04 7.265600000000000000e+04 7.265800000000000000e+04 7.266000000000000000e+04 1.313100000000000000e+04 1.313200000000000000e+04 1.313300000000000000e+04 1.313400000000000000e+04 1.313500000000000000e+04 1.313600000000000000e+04
1.280100000000000000e+04 1.280200000000000000e+04 1.280300000000000000e+04 1.280400000000000000e+04 1.280500000000000000e+04 1.280600000000000000e+04 1.280700000000000000e+04 1.280800000000000000e+04 1.250900000000000000e+04 1.280900000000000000e+04 1.281000000000000000e+04 7.202400000000000000e+04 7.202600000000000000e+04 7.202800000000000000e+04 7.203000000000000000e+04 7.203200000000000000e+04 7.203400000000000000e+04 7.203600000000000000e+04 7.203800000000000000e+04 7.204000000000000000e+04 7.204200000000000000e+04 7.204400000000000000e+04 7.204600000000000000e+04 7.204800000000000000e+04 7.205000000000000000e+04 7.205200000000000000e+04 7.205400000000000000e+04 7.205600000000000000e+04 7.205800000000000000e+04 7.206000000000000000e+04 1.253100000000000000e+04 1.253200000000000000e+04 1.253300000000000000e+04 1.253400000000000000e+04 1.253500000000000000e+04 1.253600000000000000e+04 1.253700000000000000e+04
1.220200000000000000e+04 1.220300000000000000e+04 1.220400000000000000e+04 1.220500000000000000e+04 1.220600000000000000e+04 1.220700000000000000e+04 1.220800000000000000e+04 1.220900000000000000e+04 1.191000000000000000e+04 1.221000000000000000e+04 7.142400000000000000e+04 7.142600000000000000e+04 7.142800000000000000e+04 7.143000000000000000e+04 7.143200000000000000e+04 7.143400000000000000e+04 7.143600000000000000e+04 7.143800000000000000e+04 7.144000000000000000e+04 7.144200000000000000e+04 7.144400000000000000e+04 7.144600000000000000e+04 7.144800000000000000e+04 7.145000000000000000e+04 7.145200000000000000e+04 7.145400000000000000e+04 7.145600000000000000e+04 7.145800000000000000e+04 7.146000000000000000e+04 7.146200000000000000e+04 1.193200000000000000e+04 1.193300000000000000e+04 1.193400000000000000e+04 1.193500000000000000e+04 1.193600000000000000e+04 1.193700000000000000e+04 1.193800000000000000e+04
1.160300000000000000e+04 1.160400000000000000e+04 1.160500000000000000e+04 1.160600000000000000e+04 1.160700000000000000e+04 1.160800000000000000e+04 1.160900000000000000e+04 1.161000000000000000e+04 1.131100000000000000e+04 1.161100000000000000e+04 1.131300000000000000e+04 1.131400000000000000e+04 7.083000000000000000e+04 7.083200000000000000e+04 7.083400000000000000e+04 7.083600000000000000e+04 7.083800000000000000e+04 7.084000000000000000e+04 7.084200000000000000e+04 7.084400000000000000e+04 7.084600000000000000e+04 7.084800000000000000e+04 7.085000000000000000e+04 7.085200000000000000e+04 7.085400000000000000e+04 7.085600000000000000e+04 7.085800000000000000e+04 7.086000000000000000e+04 7.086200000000000000e+04 1.133200000000000000e+04 1.133300000000000000e+04 1.133400000000000000e+04 1.133500000000000000e+04 1.133600000000000000e+04 1.133700000000000000e+04 1.133800000000000000e+04 1.133900000000000000e+04
1.100400000000000000e+04 1.100500000000000000e+04 1.100600000000000000e+04 1.100700000000000000e+04 1.100800000000000000e+04 1.100900000000000000e+04 1.101000000000000000e+04 1.101100000000000000e+04 7.022700000000000000e+04 1.071300000000000000e+04 1.071400000000000000e+04 1.071500000000000000e+04 7.023200000000000000e+04 7.023400000000000000e+04 7.023600000000000000e+04 7.023800000000000000e+04 7.024000000000000000e+04 7.024200000000000000e+04 7.024400000000000000e+04 7.024600000000000000e+04 7.024800000000000000e+04 7.025000000000000000e+04 7.025200000000000000e+04 7.025400000000000000e+04 7.025600000000000000e+04 7.025800000000000000e+04 7.026000000000000000e+04 7.026200000000000000e+04 1.073200000000000000e+04 1.073300000000000000e+04 1.073400000000000000e+04 1.073500000000000000e+04 1.073600000000000000e+04 1.073700000000000000e+04 1.073800000000000000e+04 1.073900000000000000e+04 1.074000000000000000e+04
1.040500000000000000e+04 1.040600000000000000e+04 1.040700000000000000e+04 1.040800000000000000e+04 1.040900000000000000e+04 1.041000000000000000e+04 7.022200000000000000e+04 7.022400000000000000e+04 1.041300000000000000e+04 1.041400000000000000e+04 1.041500000000000000e+04 6.963500000000000000e+04 1.011700000000000000e+04 6.963600000000000000e+04 6.963800000000000000e+04 6.964000000000000000e+04 6.964200000000000000e+04 6.964400000000000000e+04 6.964600000000000000e+04 6.964800000000000000e+04 6.965000000000000000e+04 6.965200000000000000e+04 6.965400000000000000e+04 6.965600000000000000e+04 6.965800000000000000e+04 6.966000000000000000e+04 6.966200000000000000e+04 6.966400000000000000e+04 1.013300000000000000e+04 1.013400000000000000e+04 1.013500000000000000e+04 1.013600000000000000e+04 1.013700000000000000e+04 1.013800000000000000e+04 1.013900000000000000e+04 1.014000000000000000e+04 1.014100000000000000e+04
9.806000000000000000e+03 9.807000000000000000e+03 9.808000000000000000e+03 9.809000000000000000e+03 6.962000000000000000e+04 6.962200000000000000e+04 6.962400000000000000e+04 6.962600000000000000e+04 6.962800000000000000e+04 1.011400000000000000e+04 1.011500000000000000e+04 9.817000000000000000e+03 6.903900000000000000e+04 9.519000000000000000e+03 6.904000000000000000e+04 6.904200000000000000e+04 9.821000000000000000e+03 9.822000000000000000e+03 9.823000000000000000e+03 9.824000000000000000e+03 9.825000000000000000e+03 9.826000000000000000e+03 9.827000000000000000e+03 9.828000000000000000e+03 9.829000000000000000e+03 6.906200000000000000e+04 6.906400000000000000e+04 9.533000000000000000e+03 9.534000000000000000e+03 9.535000000000000000e+03 9.536000000000000000e+03 9.537000000000000000e+03 9.538000000000000000e+03 9.539000000000000000e+03 9.540000000000000000e+03 9.541000000000000000e+03 9.542000000000000000e+03
9.207000000000000000e+03 9.208000000000000000e+03 9.209000000000000000e+03 6.902000000000000000e+04 6.902200000000000000e+04 6.902400000000000000e+04 6.902600000000000000e+04 6.902800000000000000e+04 6.903000000000000000e+04 6.903200000000000000e+04 9.217000000000000000e+03 6.843900000000000000e+04 8.919000000000000000e+03 6.844000000000000000e+04 9.220000000000000000e+03 9.221000000000000000e+03 9.222000000000000000e+03 9.223000000000000000e+03 9.224000000000000000e+03 9.225000000000000000e+03 9.226000000000000000e+03 9.227000000000000000e+03 9.228000000000000000e+03 9.229000000000000000e+03 6.846200000000000000e+04 6.846400000000000000e+04 6.846600000000000000e+04 8.934000000000000000e+03 8.935000000000000000e+03 8.936000000000000000e+03 8.937000000000000000e+03 8.938000000000000000e+03 8.939000000000000000e+03 8.940000000000000000e+03 8.941000000000000000e+03 8.942000000000000000e+03 8.943000000000000000e+03
