output_new_topo_ddd_4/finaltopo_topographic__elevation.asc
ncols 300
nrows 100
xllcorner 0.0
yllcorner 0.0
cellsize 10.0
[rows 34 to 50 of 100, columns 74 to 110 of 300]
9.424286508603441348e+01 9.626186413156344202e+01 9.809348792631904246e+01 1.003588931598515614e+02 1.024279976227628310e+02 1.043546845999439086e+02 1.061437553963072133e+02 1.077533841969445660e+02 1.091642785730552561e+02 1.103606395799684492e+02 1.113234447511616594e+02 1.120294229400834212e+02 1.124524780634032908e+02 1.125686078751892438e+02 1.123876274141660190e+02 1.119537725329867754e+02 1.112873684884164049e+02 1.104243636544138383e+02 1.093972255645372513e+02 1.082077404396822971e+02 1.068771890705581455e+02 1.054166124181049895e+02 1.038594466799420246e+02 1.021531178148528198e+02 1.002993128200229052e+02 9.830258325955131227e+01 9.618445632931650380e+01 9.401494836878130457e+01 9.177153701250678353e+01 8.950324792413441344e+01 8.724548084903898371e+01 8.502605163277985412e+01 8.288656743501611857e+01 8.081479458167943619e+01 7.882349262501273301e+01 7.689934256821332781e+01 7.496017982924949763e+01
9.578252355464158541e+01 9.768913814583326882e+01 9.943843341804851832e+01 1.010750034482302482e+02 1.029450950942508172e+02 1.047682201570798100e+02 1.065411900310123769e+02 1.080740562805113711e+02 1.093853382531516445e+02 1.104703294185061111e+02 1.113121619306764956e+02 1.118866059627975460e+02 1.121644989067278004e+02 1.121421515767201385e+02 1.118386999860048974e+02 1.112930610851008879e+02 1.105456417485923311e+02 1.096088105368356764e+02 1.085140564727738166e+02 1.072885780987615902e+02 1.059276532534803152e+02 1.044470344312603203e+02 1.028495153118085881e+02 1.011553897767170440e+02 9.928949439165806723e+01 9.724523167655382849e+01 9.505861532907593414e+01 9.277328618686637185e+01 9.046771451855117618e+01 8.811919242937642593e+01 8.578487031788826300e+01 8.349514559529144719e+01 8.127446916146286071e+01 7.916386569701396070e+01 7.716312453392038151e+01 7.533984823207880765e+01 7.359798710162330337e+01
9.722633606150515106e+01 9.907262772101191217e+01 1.007754790929214010e+02 1.023526205345275173e+02 1.039927260757594922e+02 1.055887523546105484e+02 1.070401252763950453e+02 1.084330449922315012e+02 1.096065366841376090e+02 1.105555680640129879e+02 1.112589242154780607e+02 1.116886244725908455e+02 1.118175233365847703e+02 1.116525582589905383e+02 1.112354685378391252e+02 1.105857646695411205e+02 1.097411645059872285e+02 1.087380687253743616e+02 1.075826019677809029e+02 1.063025397144762394e+02 1.049207232615915331e+02 1.034271776103332883e+02 1.018324430488950298e+02 1.001288232068318678e+02 9.829824277369105801e+01 9.618828432814379426e+01 9.392219128383956672e+01 9.155017017679166713e+01 8.911936704298690870e+01 8.668225897626099652e+01 8.426439731143402412e+01 8.189499749932207351e+01 7.959945998734208672e+01 7.739985461149638013e+01 7.532174776506325031e+01 7.339124900832258902e+01 7.218231087085386832e+01
9.872741166150031233e+01 1.003279459703209540e+02 1.019797238998403657e+02 1.035003776742799602e+02 1.049210653109662559e+02 1.063408965726769111e+02 1.076405217924260143e+02 1.088099249257928562e+02 1.098131321429018357e+02 1.106074675051235374e+02 1.111589243943848260e+02 1.114302254425657281e+02 1.114096518203739663e+02 1.111105507266399286e+02 1.105686200671045754e+02 1.098238923614571689e+02 1.088897462677755783e+02 1.078015373467096225e+02 1.065923695886909428e+02 1.052637439432760260e+02 1.038406524338877546e+02 1.023427538762614546e+02 1.007571561218713754e+02 9.909496420043748799e+01 9.736547152953318118e+01 9.565904281081866145e+01 9.371383169734929197e+01 9.160457452834700121e+01 8.940547496484178680e+01 8.714280358098653778e+01 8.484540666424273070e+01 8.253548389707322031e+01 8.022805052701241380e+01 7.792699878732703667e+01 7.561697898458504596e+01 7.324352687190810229e+01 7.065183903307179492e+01
1.000630385076395612e+02 1.015873458511189966e+02 1.029998352606322385e+02 1.044490305356493423e+02 1.057683167470990924e+02 1.069658318043335328e+02 1.081162963158525656e+02 1.090983245547480749e+02 1.099389299416496186e+02 1.105796976716644338e+02 1.109783372588617425e+02 1.110964236992445962e+02 1.109286540307525541e+02 1.105093100648226709e+02 1.098538221422965080e+02 1.089992034187284560e+02 1.079838815925424313e+02 1.068169374856201728e+02 1.055321769599031825e+02 1.041604925639350654e+02 1.027001763725880892e+02 1.011743091899767819e+02 9.960066155464986082e+01 9.796646161996385160e+01 9.628873578033243064e+01 9.458635799883313666e+01 9.295604303456063633e+01 9.116072507000556868e+01 8.919392448690176423e+01 8.710667657462782643e+01 8.493292923181175524e+01 8.268846629803496739e+01 8.038605730344870892e+01 7.802942601750112317e+01 7.561018067285031918e+01 7.311282755943499012e+01 7.054974168862911199e+01
1.011845426584269916e+02 1.026349117369993280e+02 1.039591158907994242e+02 1.051715674937915850e+02 1.063958952291308577e+02 1.074754462523987968e+02 1.084226635008075448e+02 1.092716477857773612e+02 1.099669616613087868e+02 1.104616401387464890e+02 1.107090235841246653e+02 1.106870502422765412e+02 1.103883421796013238e+02 1.098426527267201180e+02 1.090863309880251819e+02 1.081316261498925257e+02 1.070159681866072106e+02 1.057769330193892046e+02 1.044208805804165081e+02 1.029808937423115935e+02 1.014865087719217911e+02 9.993374813803981738e+01 9.834406894985660585e+01 9.673343179485502219e+01 9.508821995763533153e+01 9.342378397999704021e+01 9.175433333592071961e+01 9.016737505706393563e+01 8.844741440981309211e+01 8.657389214582973125e+01 8.454580606627234829e+01 8.239116761907023090e+01 8.012904076167693290e+01 7.777002179821566585e+01 7.530851556912973876e+01 7.271498770522650545e+01 6.993766124249587790e+01
1.022188186078189887e+02 1.034235318992613202e+02 1.046573080420730264e+02 1.057649403006011681e+02 1.067695805995099221e+02 1.077224219050097105e+02 1.085697088597458020e+02 1.092953895793335732e+02 1.098623188940192392e+02 1.102233067259570873e+02 1.103377919148030912e+02 1.101965770639766333e+02 1.097861388403088085e+02 1.091305709950312632e+02 1.082617380432254350e+02 1.072176038753442668e+02 1.060089160558497241e+02 1.046742238117903412e+02 1.032511715085767321e+02 1.017445555931943204e+02 1.001872902681657393e+02 9.860798736632611394e+01 9.700061165737119495e+01 9.538399438571953226e+01 9.376952373209803682e+01 9.213658818327958500e+01 9.048991843625398701e+01 8.883140238424221025e+01 8.723943006946498713e+01 8.548691749762043912e+01 8.354872391248275676e+01 8.143151597396196451e+01 7.917182189350114641e+01 7.678969458469377685e+01 7.429241667268641436e+01 7.166794241986198699e+01 6.886650078697121558e+01
1.029368928527862153e+02 1.040471131111828953e+02 1.050528929569666445e+02 1.060331905149174077e+02 1.069442730991485320e+02 1.077839659239044892e+02 1.085275091845243196e+02 1.091425520516639978e+02 1.095972449695470345e+02 1.098625740571596054e+02 1.098788056478769448e+02 1.096184463591400089e+02 1.091210919273925697e+02 1.083726567021138578e+02 1.074050356809694335e+02 1.062539300244332310e+02 1.049600651885825897e+02 1.035340046673859717e+02 1.020159720971455357e+02 1.004442382005520500e+02 9.882270359160912676e+01 9.718435543124678588e+01 9.555697609675321758e+01 9.393203198956003064e+01 9.232331613808149484e+01 9.073228137631473089e+01 8.912356050696114096e+01 8.748449392108260270e+01 8.580143121842385767e+01 8.413303066687946341e+01 8.224393798214029516e+01 8.013635672216754813e+01 7.785102555767211641e+01 7.542778368510046505e+01 7.288842688959830696e+01 7.024908743032513314e+01 6.750180868844645943e+01
1.034089155138058373e+02 1.043096220986018778e+02 1.051943635257701288e+02 1.060508115088068308e+02 1.068595679998629606e+02 1.075975114729121884e+02 1.082438747036686379e+02 1.087831139128068543e+02 1.091847290892603297e+02 1.093843435168547416e+02 1.093325460344597815e+02 1.089969028113790444e+02 1.083930927373577049e+02 1.075718999982695010e+02 1.065177325852551036e+02 1.052694647733390241e+02 1.038669938583357322e+02 1.023543641233446806e+02 1.007424833667946871e+02 9.907328133656518787e+01 9.738575273647114727e+01 9.568327973947613430e+01 9.399926572629649968e+01 9.236110693951526684e+01 9.075746354528254756e+01 8.919368753954087481e+01 8.765201533392736621e+01 8.607176884123943239e+01 8.442582603942918240e+01 8.269333528092799668e+01 8.088549030351467195e+01 7.878198751241876607e+01 7.646363375356899894e+01 7.397540612541084215e+01 7.135876323537574706e+01 6.865907553826994558e+01 6.593424370233056209e+01
1.034787280737748318e+02 1.042429356272733116e+02 1.050003429169677958e+02 1.057445078718886293e+02 1.064574165442695914e+02 1.071284843539697818e+02 1.077387149189356279e+02 1.082645463673104160e+02 1.086453930439084417e+02 1.087951698503453315e+02 1.087073598080492474e+02 1.083217060485956864e+02 1.076551863026417664e+02 1.067295784411635253e+02 1.056053189655032156e+02 1.042671912631017506e+02 1.027617232783266275e+02 1.011334777157827745e+02 9.942968163615476840e+01 9.766114506261880024e+01 9.587084185257469926e+01 9.409840522898649340e+01 9.234751373732032675e+01 9.065353526988972988e+01 8.904562482908548304e+01 8.751163690632165526e+01 8.604294754191036532e+01 8.457164694133267346e+01 8.300345334626199190e+01 8.135219508705036162e+01 7.963328068797233072e+01 7.787538235151892252e+01 7.575580454289755039e+01 7.337978855760538011e+01 7.080657204937396898e+01 6.806533169004985950e+01 6.517237543456967330e+01
1.031310914016585798e+02 1.037576452933430176e+02 1.044178405823075053e+02 1.050941575796913980e+02 1.057724604464572451e+02 1.064367932433417820e+02 1.070677946192850243e+02 1.076092325033700376e+02 1.079814345233345705e+02 1.081104818215022192e+02 1.080139124196455072e+02 1.076033428503361193e+02 1.068938796596066680e+02 1.059067993072766711e+02 1.046702433854388801e+02 1.032549795856689343e+02 1.016485099806462671e+02 9.990619709164978701e+01 9.807657600400234799e+01 9.620847333910296584e+01 9.431086265346478115e+01 9.242675734536095433e+01 9.059716018996613229e+01 8.882868856481576358e+01 8.716276461738867454e+01 8.563459670814305014e+01 8.425375313275830536e+01 8.296866836394156053e+01 8.149187080709684494e+01 7.988629487489106396e+01 7.818170173184442717e+01 7.641565380835366739e+01 7.464368117375062184e+01 7.249775973100402382e+01 7.002128134238486723e+01 6.724460336559322116e+01 6.419681408775819875e+01
1.023749910276268764e+02 1.028869223593019910e+02 1.034985431283491124e+02 1.041663388223275177e+02 1.048659579484841089e+02 1.055800480458987778e+02 1.062558470609872643e+02 1.068189493232006839e+02 1.072077383228031238e+02 1.073426396229442759e+02 1.072626858476350833e+02 1.068525810814897312e+02 1.061218943421645093e+02 1.050895526749235671e+02 1.037827891240856815e+02 1.022369754938250566e+02 1.005373406768787561e+02 9.867775673264955572e+01 9.672073223026670519e+01 9.471612984671615720e+01 9.271002767289549240e+01 9.070732286498724761e+01 8.875113724326928377e+01 8.688667463964883098e+01 8.513067495543833729e+01 8.353583894518395425e+01 8.211064989446781226e+01 8.135522037903064074e+01 7.990213106732021231e+01 7.835651588412507351e+01 7.665352139048006563e+01 7.484283523425200713e+01 7.297323868115068990e+01 7.110766302125865934e+01 6.883827456654101695e+01 6.619093781209133454e+01 6.308489412966692100e+01
1.012514150614203459e+02 1.016486652984136612e+02 1.022998341454364351e+02 1.030229257397287057e+02 1.038009420379924705e+02 1.045842952925625724e+02 1.053038622750998172e+02 1.059080319600389402e+02 1.063348333901392238e+02 1.065032323217076708e+02 1.064626504749723637e+02 1.060809322681598275e+02 1.053517698379548619e+02 1.042949076556761270e+02 1.029326073215099058e+02 1.012954717999047034e+02 9.943281351260873180e+01 9.745961509358716057e+01 9.536700095154635903e+01 9.322477110910951126e+01 9.107319824825940202e+01 8.895112123437066032e+01 8.685929951298076901e+01 8.484316918833272325e+01 8.295317574218728396e+01 8.126073105797732410e+01 7.981035189167394606e+01 7.935461752407843505e+01 7.835293854583034090e+01 7.679800556784422838e+01 7.511016084534222159e+01 7.325062422943354079e+01 7.128288446938771017e+01 6.925968644670420815e+01 6.722597384125351994e+01 6.473913275453169547e+01 6.185488090525144145e+01
9.982232533572540945e+01 1.001543193131668943e+02 1.009048999464760215e+02 1.017369483058196380e+02 1.026063868086490487e+02 1.034508270312158231e+02 1.042273932465549393e+02 1.048850871967520249e+02 1.053662931761906663e+02 1.056058717246296936e+02 1.056184988634301902e+02 1.053030192920209629e+02 1.045953747432704404e+02 1.035389902833647398e+02 1.021473152966505609e+02 1.004345449149941203e+02 9.842014451440687139e+01 9.625738104117671412e+01 9.401975788747692775e+01 9.173622859171010191e+01 8.944272120631816847e+01 8.716842142392059145e+01 8.493814341781569510e+01 8.276909051918057969e+01 8.067986931140644913e+01 7.867878139994232356e+01 7.746987422973769810e+01 7.704438876425113847e+01 7.648972536795683652e+01 7.534297549809377870e+01 7.360120007993481295e+01 7.171086682083284813e+01 6.964936831617552571e+01 6.749896669988608267e+01 6.530776204162522447e+01 6.307368106970596244e+01 6.032338886169270609e+01
9.811222847372387434e+01 9.850282726822078416e+01 9.940069791301012003e+01 1.003403659275444397e+02 1.012842315133467395e+02 1.021978326398937469e+02 1.030374509716255176e+02 1.037535171646555341e+02 1.042839462888774449e+02 1.046818146523105071e+02 1.047466391209445078e+02 1.045051114982171754e+02 1.038610593427213331e+02 1.028325482838222342e+02 1.014489333940126983e+02 9.972340279601304758e+01 9.781191126597016705e+01 9.574347509870656836e+01 9.357156466903208525e+01 9.133461023081694918e+01 8.906304826361593996e+01 8.677893655444310639e+01 8.449634260767398075e+01 8.222217521548786578e+01 7.995883310000378685e+01 7.791941054895286811e+01 7.530244611446271108e+01 7.428234225581853423e+01 7.433070647217761007e+01 7.369219440702231338e+01 7.227434116232565486e+01 7.027960742845648667e+01 6.813394936067744823e+01 6.584278472224190182e+01 6.354782451010731137e+01 6.124287936487103678e+01 5.881623519642438680e+01
9.605582410593842724e+01 9.685619584296314599e+01 9.781418374807550720e+01 9.883083129656853316e+01 9.985345166587771359e+01 1.008389714215867912e+02 1.017438823516755946e+02 1.025113968499634041e+02 1.032288677406045281e+02 1.036987070885612496e+02 1.038433999068205082e+02 1.036913626632513541e+02 1.031262905338970484e+02 1.021724202931103065e+02 1.008629024326651660e+02 9.930714164298500179e+01 9.744535024437065829e+01 9.541187447850651893e+01 9.325550648869131010e+01 9.101383497018447599e+01 8.871442064455304433e+01 8.637394474743786077e+01 8.399700670900513444e+01 8.157615003546186472e+01 7.907740339034415911e+01 7.643289349459756465e+01 7.443987449654466104e+01 7.197746507661599935e+01 7.214309335814752444e+01 7.184286249839334459e+01 7.083649067192818904e+01 6.912527722013967946e+01 6.681408379570042655e+01 6.432589628547732730e+01 6.179446516484232887e+01 5.964005239477083364e+01 5.722759646511353537e+01
9.402721483594180540e+01 9.502848902043191970e+01 9.610881087920596144e+01 9.722289972007864378e+01 9.832810350183602566e+01 9.938583814924406568e+01 1.003442360524790615e+02 1.013154526481099964e+02 1.021047617091858939e+02 1.026616363357088204e+02 1.029133102547343697e+02 1.028616862976257664e+02 1.023878632800279576e+02 1.015068353863329236e+02 1.002448928877842889e+02 9.862653461719564518e+01 9.680507922789412589e+01 9.479796433967194957e+01 9.265017388846077040e+01 9.039896015970464305e+01 8.807275390502938706e+01 8.568839154415429959e+01 8.324616294582908438e+01 8.075659109101613353e+01 7.816314075820750418e+01 7.545953805106536549e+01 7.260811579492859380e+01 7.004153441357030374e+01 6.981171088118524892e+01 6.979520356448810503e+01 6.925726096632953954e+01 6.797688206604014738e+01 6.623376480887627338e+01 6.396827226590745852e+01 6.133637197792720741e+01 5.816920837388067866e+01 5.568185615840754821e+01
