output_new_topo_ddd_4/finaltopo_flow__link_to_receiver_node.asc
ncols 300
nrows 100
xllcorner 0.0
yllcorner 0.0
cellsize 10.0
[rows 0 to 16 of 100, columns 222 to 258 of 300]
-1.000000000000000000e+00 -1.000000000000000000e+00 -1.000000000000000000e+00 -1.000000000000000000e+00 -1.000000000000000000e+00 -1.000000000000000000e+00 -1.000000000000000000e+00 -1.000000000000000000e+00 -1.000000000000000000e+00 -1.000000000000000000e+00 -1.000000000000000000e+00 -1.000000000000000000e+00 -1.000000000000000000e+00 -1.000000000000000000e+00 -1.000000000000000000e+00 -1.000000000000000000e+00 -1.000000000000000000e+00 -1.000000000000000000e+00 -1.000000000000000000e+00 -1.000000000000000000e+00 -1.000000000000000000e+00 -1.000000000000000000e+00 -1.000000000000000000e+00 -1.000000000000000000e+00 -1.000000000000000000e+00 -1.000000000000000000e+00 -1.000000000000000000e+00 -1.000000000000000000e+00 -1.000000000000000000e+00 -1.000000000000000000e+00 -1.000000000000000000e+00 -1.000000000000000000e+00 -1.000000000000000000e+00 -1.000000000000000000e+00 -1.000000000000000000e+00 -1.000000000000000000e+00 -1.000000000000000000e+00
1.180480000000000000e+05 1.180500000000000000e+05 1.180520000000000000e+05 1.180540000000000000e+05 1.180560000000000000e+05 1.180580000000000000e+05 1.180600000000000000e+05 1.180620000000000000e+05 1.180640000000000000e+05 1.180660000000000000e+05 1.180680000000000000e+05 5.863500000000000000e+04 1.180750000000000000e+05 1.180770000000000000e+05 1.180790000000000000e+05 1.180810000000000000e+05 1.180830000000000000e+05 1.180850000000000000e+05 1.180870000000000000e+05 1.180890000000000000e+05 1.180910000000000000e+05 1.180930000000000000e+05 1.180950000000000000e+05 1.180970000000000000e+05 1.180990000000000000e+05 1.181010000000000000e+05 1.181030000000000000e+05 1.181050000000000000e+05 1.181070000000000000e+05 1.181090000000000000e+05 1.181110000000000000e+05 5.865500000000000000e+04 5.865600000000000000e+04 5.865700000000000000e+04 5.865800000000000000e+04 5.865900000000000000e+04 5.866000000000000000e+04
1.174500000000000000e+05 1.174520000000000000e+05 1.174540000000000000e+05 1.174560000000000000e+05 1.174580000000000000e+05 1.174600000000000000e+05 1.174620000000000000e+05 1.174640000000000000e+05 1.174660000000000000e+05 1.174680000000000000e+05 5.803500000000000000e+04 5.803600000000000000e+04 5.803700000000000000e+04 1.174790000000000000e+05 1.174810000000000000e+05 1.174830000000000000e+05 5.804100000000000000e+04 1.174870000000000000e+05 5.804300000000000000e+04 5.804400000000000000e+04 5.804500000000000000e+04 1.174950000000000000e+05 1.174970000000000000e+05 1.174990000000000000e+05 1.175010000000000000e+05 1.175030000000000000e+05 1.175050000000000000e+05 1.175070000000000000e+05 1.175090000000000000e+05 1.175110000000000000e+05 5.805500000000000000e+04 5.805600000000000000e+04 5.805700000000000000e+04 5.805800000000000000e+04 5.805900000000000000e+04 5.806000000000000000e+04 5.806100000000000000e+04
5.742600000000000000e+04 1.168540000000000000e+05 1.168560000000000000e+05 1.168580000000000000e+05 1.168600000000000000e+05 1.168620000000000000e+05 1.168640000000000000e+05 1.168660000000000000e+05 1.168680000000000000e+05 5.743500000000000000e+04 5.743600000000000000e+04 5.743700000000000000e+04 5.743800000000000000e+04 1.168810000000000000e+05 1.168830000000000000e+05 1.168850000000000000e+05 5.744200000000000000e+04 5.744300000000000000e+04 5.744400000000000000e+04 5.744500000000000000e+04 5.744600000000000000e+04 5.744700000000000000e+04 5.744800000000000000e+04 5.744900000000000000e+04 1.169030000000000000e+05 1.169050000000000000e+05 1.169070000000000000e+05 1.169090000000000000e+05 1.169110000000000000e+05 5.745500000000000000e+04 5.745600000000000000e+04 5.745700000000000000e+04 5.745800000000000000e+04 5.745900000000000000e+04 5.746000000000000000e+04 5.746100000000000000e+04 5.746200000000000000e+04
5.682700000000000000e+04 1.162560000000000000e+05 1.162580000000000000e+05 1.162600000000000000e+05 1.162620000000000000e+05 1.162640000000000000e+05 1.162660000000000000e+05 1.162680000000000000e+05 1.162700000000000000e+05 5.683600000000000000e+04 5.683700000000000000e+04 5.683800000000000000e+04 5.683900000000000000e+04 1.162830000000000000e+05 1.162850000000000000e+05 1.162870000000000000e+05 5.684300000000000000e+04 5.684400000000000000e+04 5.684500000000000000e+04 5.684600000000000000e+04 5.684700000000000000e+04 5.684800000000000000e+04 5.684900000000000000e+04 5.685000000000000000e+04 1.163050000000000000e+05 1.163070000000000000e+05 1.163090000000000000e+05 1.163110000000000000e+05 1.163130000000000000e+05 5.685600000000000000e+04 5.685700000000000000e+04 5.685800000000000000e+04 5.685900000000000000e+04 5.686000000000000000e+04 5.686100000000000000e+04 5.686200000000000000e+04 5.686300000000000000e+04
5.622800000000000000e+04 1.156580000000000000e+05 1.156600000000000000e+05 1.156620000000000000e+05 1.156640000000000000e+05 1.156660000000000000e+05 1.156680000000000000e+05 1.156700000000000000e+05 1.156720000000000000e+05 5.623700000000000000e+04 5.623800000000000000e+04 5.623900000000000000e+04 5.624000000000000000e+04 1.156850000000000000e+05 1.156870000000000000e+05 1.156890000000000000e+05 5.624400000000000000e+04 5.624500000000000000e+04 5.624600000000000000e+04 5.624700000000000000e+04 5.624800000000000000e+04 5.624900000000000000e+04 5.625000000000000000e+04 5.625100000000000000e+04 5.625200000000000000e+04 1.157090000000000000e+05 1.157110000000000000e+05 1.157130000000000000e+05 1.157150000000000000e+05 5.625700000000000000e+04 5.625800000000000000e+04 5.625900000000000000e+04 5.626000000000000000e+04 5.626100000000000000e+04 5.626200000000000000e+04 5.626300000000000000e+04 5.626400000000000000e+04
5.562900000000000000e+04 1.150600000000000000e+05 1.150620000000000000e+05 1.150640000000000000e+05 1.150660000000000000e+05 1.150680000000000000e+05 1.150700000000000000e+05 1.150720000000000000e+05 1.150740000000000000e+05 5.563800000000000000e+04 5.563900000000000000e+04 5.564000000000000000e+04 5.564100000000000000e+04 1.150870000000000000e+05 1.150890000000000000e+05 1.150910000000000000e+05 5.564500000000000000e+04 5.564600000000000000e+04 5.564700000000000000e+04 5.564800000000000000e+04 5.564900000000000000e+04 5.565000000000000000e+04 5.565100000000000000e+04 5.565200000000000000e+04 5.565300000000000000e+04 1.151110000000000000e+05 1.151130000000000000e+05 1.151150000000000000e+05 1.151170000000000000e+05 1.151190000000000000e+05 5.565900000000000000e+04 5.566000000000000000e+04 5.566100000000000000e+04 5.566200000000000000e+04 5.566300000000000000e+04 5.566400000000000000e+04 5.566500000000000000e+04
5.503000000000000000e+04 1.144620000000000000e+05 1.144640000000000000e+05 1.144660000000000000e+05 1.144680000000000000e+05 1.144700000000000000e+05 1.144720000000000000e+05 1.144740000000000000e+05 5.503800000000000000e+04 5.503900000000000000e+04 5.504000000000000000e+04 5.504100000000000000e+04 5.504200000000000000e+04 1.144890000000000000e+05 1.144910000000000000e+05 1.144930000000000000e+05 5.504600000000000000e+04 5.504700000000000000e+04 5.504800000000000000e+04 5.504900000000000000e+04 5.505000000000000000e+04 5.505100000000000000e+04 5.505200000000000000e+04 5.505300000000000000e+04 5.505400000000000000e+04 5.505500000000000000e+04 1.145150000000000000e+05 1.145170000000000000e+05 1.145190000000000000e+05 1.145210000000000000e+05 5.506000000000000000e+04 5.506100000000000000e+04 5.506200000000000000e+04 5.506300000000000000e+04 5.506400000000000000e+04 5.506500000000000000e+04 5.506600000000000000e+04
5.443100000000000000e+04 1.138640000000000000e+05 1.138660000000000000e+05 1.138680000000000000e+05 1.138700000000000000e+05 1.138720000000000000e+05 1.138740000000000000e+05 1.138760000000000000e+05 5.443900000000000000e+04 5.444000000000000000e+04 5.444100000000000000e+04 5.444200000000000000e+04 1.138890000000000000e+05 1.138910000000000000e+05 1.138930000000000000e+05 1.138950000000000000e+05 5.444700000000000000e+04 5.444800000000000000e+04 5.444900000000000000e+04 5.445000000000000000e+04 5.445100000000000000e+04 5.445200000000000000e+04 5.445300000000000000e+04 5.445400000000000000e+04 5.445500000000000000e+04 5.445600000000000000e+04 1.139170000000000000e+05 1.139190000000000000e+05 1.139210000000000000e+05 1.139230000000000000e+05 5.446100000000000000e+04 5.446200000000000000e+04 5.446300000000000000e+04 5.446400000000000000e+04 5.446500000000000000e+04 5.446600000000000000e+04 5.446700000000000000e+04
5.383200000000000000e+04 1.132660000000000000e+05 1.132680000000000000e+05 1.132700000000000000e+05 1.132720000000000000e+05 1.132740000000000000e+05 1.132760000000000000e+05 1.132780000000000000e+05 5.384000000000000000e+04 5.384100000000000000e+04 5.384200000000000000e+04 5.384300000000000000e+04 1.132910000000000000e+05 1.132930000000000000e+05 1.132950000000000000e+05 1.132970000000000000e+05 1.132990000000000000e+05 5.384900000000000000e+04 5.385000000000000000e+04 5.385100000000000000e+04 5.385200000000000000e+04 5.385300000000000000e+04 5.385400000000000000e+04 5.385500000000000000e+04 5.385600000000000000e+04 5.385700000000000000e+04 1.133190000000000000e+05 1.133210000000000000e+05 1.133230000000000000e+05 1.133250000000000000e+05 5.386200000000000000e+04 5.386300000000000000e+04 5.386400000000000000e+04 5.386500000000000000e+04 5.386600000000000000e+04 5.386700000000000000e+04 5.386800000000000000e+04
5.323300000000000000e+04 1.126680000000000000e+05 1.126700000000000000e+05 1.126720000000000000e+05 1.126740000000000000e+05 1.126760000000000000e+05 1.126780000000000000e+05 1.126800000000000000e+05 5.324100000000000000e+04 5.324200000000000000e+04 5.324300000000000000e+04 1.126910000000000000e+05 1.126930000000000000e+05 1.126950000000000000e+05 1.126970000000000000e+05 1.126990000000000000e+05 1.127010000000000000e+05 1.127030000000000000e+05 5.325100000000000000e+04 5.325200000000000000e+04 5.325300000000000000e+04 5.325400000000000000e+04 5.325500000000000000e+04 5.325600000000000000e+04 5.325700000000000000e+04 5.325800000000000000e+04 1.127210000000000000e+05 1.127230000000000000e+05 1.127250000000000000e+05 1.127270000000000000e+05 5.326300000000000000e+04 5.326400000000000000e+04 5.326500000000000000e+04 5.326600000000000000e+04 5.326700000000000000e+04 5.326800000000000000e+04 5.326900000000000000e+04
5.263400000000000000e+04 1.120700000000000000e+05 1.120720000000000000e+05 1.120740000000000000e+05 1.120760000000000000e+05 1.120780000000000000e+05 1.120800000000000000e+05 1.120820000000000000e+05 5.264200000000000000e+04 5.264300000000000000e+04 5.264400000000000000e+04 1.120930000000000000e+05 1.120950000000000000e+05 1.120970000000000000e+05 1.120990000000000000e+05 1.121010000000000000e+05 1.121030000000000000e+05 1.121050000000000000e+05 5.265200000000000000e+04 5.265300000000000000e+04 5.265400000000000000e+04 5.265500000000000000e+04 5.265600000000000000e+04 5.265700000000000000e+04 5.265800000000000000e+04 5.265900000000000000e+04 5.266000000000000000e+04 1.121250000000000000e+05 1.121270000000000000e+05 1.121290000000000000e+05 5.266400000000000000e+04 5.266500000000000000e+04 5.266600000000000000e+04 5.266700000000000000e+04 5.266800000000000000e+04 5.266900000000000000e+04 5.267000000000000000e+04
1.114700000000000000e+05 1.114720000000000000e+05 1.114740000000000000e+05 1.114760000000000000e+05 1.114780000000000000e+05 1.114800000000000000e+05 1.114820000000000000e+05 1.114840000000000000e+05 5.204300000000000000e+04 5.204400000000000000e+04 1.114930000000000000e+05 1.114950000000000000e+05 1.114970000000000000e+05 1.114990000000000000e+05 1.115010000000000000e+05 1.115030000000000000e+05 1.115050000000000000e+05 1.115070000000000000e+05 5.205300000000000000e+04 5.205400000000000000e+04 5.205500000000000000e+04 5.205600000000000000e+04 5.205700000000000000e+04 5.205800000000000000e+04 5.205900000000000000e+04 5.206000000000000000e+04 5.206100000000000000e+04 1.115270000000000000e+05 1.115290000000000000e+05 1.115310000000000000e+05 5.206500000000000000e+04 5.206600000000000000e+04 5.206700000000000000e+04 5.206800000000000000e+04 5.206900000000000000e+04 5.207000000000000000e+04 5.207100000000000000e+04
1.108720000000000000e+05 1.108740000000000000e+05 1.108760000000000000e+05 1.108780000000000000e+05 1.108800000000000000e+05 1.108820000000000000e+05 1.108840000000000000e+05 1.108860000000000000e+05 5.144400000000000000e+04 5.144500000000000000e+04 1.108950000000000000e+05 1.108970000000000000e+05 1.108990000000000000e+05 1.109010000000000000e+05 1.109030000000000000e+05 1.109050000000000000e+05 1.109070000000000000e+05 1.109090000000000000e+05 1.109110000000000000e+05 5.145500000000000000e+04 5.145600000000000000e+04 5.145700000000000000e+04 5.145800000000000000e+04 5.145900000000000000e+04 5.146000000000000000e+04 5.146100000000000000e+04 5.146200000000000000e+04 1.109290000000000000e+05 1.109310000000000000e+05 1.109330000000000000e+05 5.146600000000000000e+04 5.146700000000000000e+04 5.146800000000000000e+04 5.146900000000000000e+04 5.147000000000000000e+04 5.147100000000000000e+04 5.147200000000000000e+04
1.102740000000000000e+05 1.102760000000000000e+05 1.102780000000000000e+05 1.102800000000000000e+05 1.102820000000000000e+05 1.102840000000000000e+05 1.102860000000000000e+05 1.102880000000000000e+05 5.084500000000000000e+04 1.102950000000000000e+05 1.102970000000000000e+05 1.102990000000000000e+05 1.103010000000000000e+05 1.103030000000000000e+05 1.103050000000000000e+05 1.103070000000000000e+05 1.103090000000000000e+05 1.103110000000000000e+05 1.103130000000000000e+05 5.085600000000000000e+04 5.085700000000000000e+04 5.085800000000000000e+04 5.085900000000000000e+04 5.086000000000000000e+04 5.086100000000000000e+04 5.086200000000000000e+04 5.086300000000000000e+04 1.103310000000000000e+05 1.103330000000000000e+05 1.103350000000000000e+05 5.086700000000000000e+04 5.086800000000000000e+04 5.086900000000000000e+04 5.087000000000000000e+04 5.087100000000000000e+04 5.087200000000000000e+04 5.087300000000000000e+04
1.096760000000000000e+05 1.096780000000000000e+05 1.096800000000000000e+05 1.096820000000000000e+05 1.096840000000000000e+05 1.096860000000000000e+05 1.096880000000000000e+05 1.096900000000000000e+05 5.024600000000000000e+04 1.096970000000000000e+05 1.096990000000000000e+05 1.097010000000000000e+05 1.097030000000000000e+05 1.097050000000000000e+05 1.097070000000000000e+05 1.097090000000000000e+05 1.097110000000000000e+05 1.097130000000000000e+05 1.097150000000000000e+05 5.025700000000000000e+04 5.025800000000000000e+04 5.025900000000000000e+04 5.026000000000000000e+04 5.026100000000000000e+04 5.026200000000000000e+04 5.026300000000000000e+04 5.026400000000000000e+04 1.097330000000000000e+05 1.097350000000000000e+05 1.097370000000000000e+05 5.026800000000000000e+04 5.026900000000000000e+04 5.027000000000000000e+04 5.027100000000000000e+04 5.027200000000000000e+04 5.027300000000000000e+04 5.027400000000000000e+04
1.090780000000000000e+05 1.090800000000000000e+05 1.090820000000000000e+05 1.090840000000000000e+05 1.090860000000000000e+05 1.090880000000000000e+05 1.090900000000000000e+05 1.090920000000000000e+05 4.964700000000000000e+04 1.090990000000000000e+05 1.091010000000000000e+05 1.091030000000000000e+05 1.091050000000000000e+05 1.091070000000000000e+05 1.091090000000000000e+05 1.091110000000000000e+05 1.091130000000000000e+05 1.091150000000000000e+05 1.091170000000000000e+05 4.965800000000000000e+04 4.965900000000000000e+04 4.966000000000000000e+04 4.966100000000000000e+04 4.966200000000000000e+04 4.966300000000000000e+04 4.966400000000000000e+04 4.966500000000000000e+04 1.091350000000000000e+05 1.091370000000000000e+05 1.091390000000000000e+05 4.966900000000000000e+04 4.967000000000000000e+04 4.967100000000000000e+04 1.091470000000000000e+05 4.967300000000000000e+04 4.967400000000000000e+04 4.967500000000000000e+04
