output_new_topo_ddd_4/finaltopo_flow__link_to_receiver_node.asc
ncols 300
nrows 100
xllcorner 0.0
yllcorner 0.0
cellsize 10.0
[rows 51 to 67 of 100, columns 148 to 184 of 300]
2.889900000000000000e+04 2.890000000000000000e+04 2.890100000000000000e+04 2.890200000000000000e+04 2.890300000000000000e+04 2.890400000000000000e+04 8.801200000000000000e+04 8.801400000000000000e+04 8.801600000000000000e+04 8.801800000000000000e+04 2.861000000000000000e+04 2.861100000000000000e+04 2.861200000000000000e+04 2.861300000000000000e+04 2.861400000000000000e+04 2.861500000000000000e+04 2.861600000000000000e+04 8.803400000000000000e+04 8.803600000000000000e+04 8.803800000000000000e+04 8.804000000000000000e+04 8.804200000000000000e+04 8.804400000000000000e+04 8.804600000000000000e+04 2.862400000000000000e+04 2.862500000000000000e+04 2.862600000000000000e+04 8.805700000000000000e+04 8.805900000000000000e+04 8.806100000000000000e+04 8.806300000000000000e+04 8.806500000000000000e+04 8.806700000000000000e+04 8.806900000000000000e+04 8.807100000000000000e+04 8.807300000000000000e+04 8.807500000000000000e+04
2.830000000000000000e+04 2.830100000000000000e+04 2.830200000000000000e+04 2.830300000000000000e+04 2.830400000000000000e+04 8.741200000000000000e+04 8.741400000000000000e+04 8.741600000000000000e+04 8.741800000000000000e+04 2.801000000000000000e+04 2.801100000000000000e+04 2.801200000000000000e+04 2.801300000000000000e+04 2.801400000000000000e+04 2.801500000000000000e+04 2.801600000000000000e+04 2.801700000000000000e+04 8.743600000000000000e+04 8.743800000000000000e+04 8.744000000000000000e+04 8.744200000000000000e+04 8.744400000000000000e+04 8.744600000000000000e+04 8.744800000000000000e+04 2.802500000000000000e+04 2.802600000000000000e+04 2.802700000000000000e+04 8.745900000000000000e+04 8.746100000000000000e+04 8.746300000000000000e+04 8.746500000000000000e+04 8.746700000000000000e+04 8.746900000000000000e+04 8.747100000000000000e+04 8.747300000000000000e+04 8.747500000000000000e+04 8.747700000000000000e+04
2.770100000000000000e+04 2.770200000000000000e+04 2.770300000000000000e+04 8.681000000000000000e+04 8.681200000000000000e+04 8.681400000000000000e+04 8.681600000000000000e+04 8.681800000000000000e+04 2.741000000000000000e+04 2.741100000000000000e+04 2.741200000000000000e+04 2.741300000000000000e+04 2.741400000000000000e+04 2.741500000000000000e+04 2.741600000000000000e+04 2.741700000000000000e+04 2.741800000000000000e+04 8.683800000000000000e+04 8.684000000000000000e+04 8.684200000000000000e+04 8.684400000000000000e+04 8.684600000000000000e+04 8.684800000000000000e+04 8.685000000000000000e+04 2.742600000000000000e+04 2.742700000000000000e+04 8.685900000000000000e+04 8.686100000000000000e+04 8.686300000000000000e+04 8.686500000000000000e+04 8.686700000000000000e+04 8.686900000000000000e+04 8.687100000000000000e+04 8.687300000000000000e+04 8.687500000000000000e+04 8.687700000000000000e+04 8.687900000000000000e+04
2.710200000000000000e+04 2.710300000000000000e+04 8.621000000000000000e+04 8.621200000000000000e+04 8.621400000000000000e+04 8.621600000000000000e+04 8.621800000000000000e+04 8.622000000000000000e+04 2.681100000000000000e+04 2.681200000000000000e+04 2.681300000000000000e+04 2.681400000000000000e+04 2.681500000000000000e+04 2.681600000000000000e+04 2.681700000000000000e+04 2.681800000000000000e+04 8.623800000000000000e+04 8.624000000000000000e+04 8.624200000000000000e+04 8.624400000000000000e+04 8.624600000000000000e+04 8.624800000000000000e+04 8.625000000000000000e+04 8.625200000000000000e+04 2.682700000000000000e+04 2.682800000000000000e+04 8.626100000000000000e+04 8.626300000000000000e+04 8.626500000000000000e+04 8.626700000000000000e+04 8.626900000000000000e+04 8.627100000000000000e+04 8.627300000000000000e+04 8.627500000000000000e+04 8.627700000000000000e+04 8.627900000000000000e+04 8.628100000000000000e+04
8.560800000000000000e+04 8.561000000000000000e+04 8.561200000000000000e+04 8.561400000000000000e+04 8.561600000000000000e+04 8.561800000000000000e+04 8.562000000000000000e+04 2.621100000000000000e+04 2.621200000000000000e+04 2.621300000000000000e+04 2.621400000000000000e+04 2.621500000000000000e+04 2.621600000000000000e+04 2.621700000000000000e+04 2.621800000000000000e+04 2.621900000000000000e+04 8.564000000000000000e+04 8.564200000000000000e+04 8.564400000000000000e+04 8.564600000000000000e+04 8.564800000000000000e+04 8.565000000000000000e+04 8.565200000000000000e+04 8.565400000000000000e+04 2.622800000000000000e+04 2.622900000000000000e+04 8.566300000000000000e+04 8.566500000000000000e+04 8.566700000000000000e+04 8.566900000000000000e+04 8.567100000000000000e+04 8.567300000000000000e+04 8.567500000000000000e+04 8.567700000000000000e+04 8.567900000000000000e+04 8.568100000000000000e+04 8.568300000000000000e+04
8.501000000000000000e+04 8.501200000000000000e+04 8.501400000000000000e+04 8.501600000000000000e+04 8.501800000000000000e+04 8.502000000000000000e+04 8.502200000000000000e+04 2.561200000000000000e+04 2.561300000000000000e+04 2.561400000000000000e+04 2.561500000000000000e+04 2.561600000000000000e+04 2.561700000000000000e+04 2.561800000000000000e+04 2.561900000000000000e+04 2.562000000000000000e+04 8.504200000000000000e+04 8.504400000000000000e+04 8.504600000000000000e+04 8.504800000000000000e+04 8.505000000000000000e+04 8.505200000000000000e+04 8.505400000000000000e+04 8.505600000000000000e+04 2.562900000000000000e+04 2.563000000000000000e+04 8.506500000000000000e+04 8.506700000000000000e+04 8.506900000000000000e+04 8.507100000000000000e+04 8.507300000000000000e+04 8.507500000000000000e+04 8.507700000000000000e+04 8.507900000000000000e+04 8.508100000000000000e+04 8.508300000000000000e+04 8.508500000000000000e+04
8.441200000000000000e+04 8.441400000000000000e+04 8.441600000000000000e+04 8.441800000000000000e+04 8.442000000000000000e+04 8.442200000000000000e+04 2.501200000000000000e+04 2.501300000000000000e+04 2.501400000000000000e+04 2.501500000000000000e+04 2.501600000000000000e+04 2.501700000000000000e+04 2.501800000000000000e+04 2.501900000000000000e+04 2.502000000000000000e+04 2.502100000000000000e+04 8.444400000000000000e+04 8.444600000000000000e+04 8.444800000000000000e+04 8.445000000000000000e+04 8.445200000000000000e+04 8.445400000000000000e+04 8.445600000000000000e+04 8.445800000000000000e+04 2.503000000000000000e+04 8.446500000000000000e+04 8.446700000000000000e+04 8.446900000000000000e+04 8.447100000000000000e+04 8.447300000000000000e+04 8.447500000000000000e+04 8.447700000000000000e+04 8.447900000000000000e+04 8.448100000000000000e+04 8.448300000000000000e+04 8.448500000000000000e+04 8.448700000000000000e+04
8.381400000000000000e+04 8.381600000000000000e+04 8.381800000000000000e+04 8.382000000000000000e+04 8.382200000000000000e+04 8.382400000000000000e+04 2.441300000000000000e+04 2.441400000000000000e+04 2.441500000000000000e+04 2.441600000000000000e+04 2.441700000000000000e+04 2.441800000000000000e+04 2.441900000000000000e+04 2.442000000000000000e+04 2.442100000000000000e+04 8.384400000000000000e+04 8.384600000000000000e+04 8.384800000000000000e+04 8.385000000000000000e+04 8.385200000000000000e+04 8.385400000000000000e+04 8.385600000000000000e+04 8.385800000000000000e+04 8.386000000000000000e+04 2.443100000000000000e+04 8.386700000000000000e+04 8.386900000000000000e+04 8.387100000000000000e+04 8.387300000000000000e+04 8.387500000000000000e+04 8.387700000000000000e+04 8.387900000000000000e+04 8.388100000000000000e+04 8.388300000000000000e+04 8.388500000000000000e+04 8.388700000000000000e+04 8.388900000000000000e+04
8.321600000000000000e+04 8.321800000000000000e+04 8.322000000000000000e+04 8.322200000000000000e+04 8.322400000000000000e+04 2.381300000000000000e+04 2.381400000000000000e+04 2.381500000000000000e+04 2.381600000000000000e+04 2.381700000000000000e+04 8.323900000000000000e+04 2.381900000000000000e+04 2.382000000000000000e+04 2.382100000000000000e+04 2.382200000000000000e+04 8.324600000000000000e+04 8.324800000000000000e+04 8.325000000000000000e+04 8.325200000000000000e+04 8.325400000000000000e+04 8.325600000000000000e+04 8.325800000000000000e+04 8.326000000000000000e+04 2.383100000000000000e+04 2.383200000000000000e+04 8.326900000000000000e+04 8.327100000000000000e+04 8.327300000000000000e+04 8.327500000000000000e+04 8.327700000000000000e+04 8.327900000000000000e+04 8.328100000000000000e+04 8.328300000000000000e+04 8.328500000000000000e+04 8.328700000000000000e+04 8.328900000000000000e+04 8.329100000000000000e+04
8.261800000000000000e+04 8.262000000000000000e+04 8.262200000000000000e+04 8.262400000000000000e+04 8.262600000000000000e+04 2.321400000000000000e+04 2.321500000000000000e+04 2.321600000000000000e+04 2.321700000000000000e+04 2.321800000000000000e+04 8.264100000000000000e+04 2.322000000000000000e+04 2.322100000000000000e+04 2.322200000000000000e+04 2.322300000000000000e+04 8.264800000000000000e+04 8.265000000000000000e+04 8.265200000000000000e+04 8.265400000000000000e+04 8.265600000000000000e+04 8.265800000000000000e+04 8.266000000000000000e+04 8.266200000000000000e+04 2.323200000000000000e+04 2.323300000000000000e+04 8.267100000000000000e+04 8.267300000000000000e+04 8.267500000000000000e+04 8.267700000000000000e+04 8.267900000000000000e+04 8.268100000000000000e+04 8.268300000000000000e+04 8.268500000000000000e+04 8.268700000000000000e+04 8.268900000000000000e+04 8.269100000000000000e+04 8.269300000000000000e+04
8.202000000000000000e+04 8.202200000000000000e+04 8.202400000000000000e+04 8.202600000000000000e+04 2.261400000000000000e+04 2.261500000000000000e+04 2.261600000000000000e+04 2.261700000000000000e+04 2.261800000000000000e+04 2.261900000000000000e+04 8.204300000000000000e+04 2.262100000000000000e+04 8.204700000000000000e+04 2.262300000000000000e+04 8.204800000000000000e+04 2.292400000000000000e+04 8.205200000000000000e+04 8.205400000000000000e+04 8.205600000000000000e+04 8.205800000000000000e+04 8.206000000000000000e+04 8.206200000000000000e+04 8.206400000000000000e+04 2.263300000000000000e+04 2.263400000000000000e+04 8.207300000000000000e+04 8.207500000000000000e+04 8.207700000000000000e+04 8.207900000000000000e+04 8.208100000000000000e+04 8.208300000000000000e+04 8.208500000000000000e+04 8.208700000000000000e+04 8.208900000000000000e+04 8.209100000000000000e+04 8.209300000000000000e+04 8.209500000000000000e+04
8.142200000000000000e+04 8.142400000000000000e+04 8.142600000000000000e+04 8.142800000000000000e+04 2.201500000000000000e+04 2.201600000000000000e+04 2.201700000000000000e+04 2.201800000000000000e+04 2.201900000000000000e+04 2.202000000000000000e+04 2.202100000000000000e+04 2.202200000000000000e+04 2.202300000000000000e+04 2.202400000000000000e+04 8.145000000000000000e+04 8.145200000000000000e+04 8.145400000000000000e+04 8.145600000000000000e+04 8.145800000000000000e+04 8.146000000000000000e+04 8.146200000000000000e+04 8.146400000000000000e+04 8.146600000000000000e+04 2.203400000000000000e+04 2.203500000000000000e+04 8.147500000000000000e+04 8.147700000000000000e+04 8.147900000000000000e+04 8.148100000000000000e+04 8.148300000000000000e+04 8.148500000000000000e+04 8.148700000000000000e+04 8.148900000000000000e+04 8.149100000000000000e+04 8.149300000000000000e+04 8.149500000000000000e+04 8.149700000000000000e+04
8.082400000000000000e+04 8.082600000000000000e+04 8.082800000000000000e+04 2.141500000000000000e+04 2.141600000000000000e+04 2.141700000000000000e+04 2.141800000000000000e+04 2.141900000000000000e+04 2.142000000000000000e+04 2.142100000000000000e+04 2.142200000000000000e+04 2.142300000000000000e+04 2.142400000000000000e+04 2.142500000000000000e+04 8.085200000000000000e+04 8.085400000000000000e+04 8.085600000000000000e+04 8.085800000000000000e+04 8.086000000000000000e+04 8.086200000000000000e+04 8.086400000000000000e+04 8.086600000000000000e+04 8.086800000000000000e+04 2.143500000000000000e+04 2.143600000000000000e+04 8.087700000000000000e+04 8.087900000000000000e+04 8.088100000000000000e+04 8.088300000000000000e+04 8.088500000000000000e+04 8.088700000000000000e+04 8.088900000000000000e+04 8.089100000000000000e+04 8.089300000000000000e+04 8.089500000000000000e+04 8.089700000000000000e+04 8.089900000000000000e+04
8.022600000000000000e+04 8.022800000000000000e+04 8.023000000000000000e+04 2.081600000000000000e+04 2.081700000000000000e+04 2.081800000000000000e+04 2.081900000000000000e+04 2.082000000000000000e+04 2.082100000000000000e+04 2.082200000000000000e+04 2.082300000000000000e+04 8.025100000000000000e+04 2.082500000000000000e+04 8.025200000000000000e+04 2.112600000000000000e+04 2.112700000000000000e+04 2.112800000000000000e+04 2.112900000000000000e+04 2.113000000000000000e+04 2.113100000000000000e+04 8.026600000000000000e+04 8.026800000000000000e+04 8.027000000000000000e+04 2.083600000000000000e+04 2.083700000000000000e+04 8.027900000000000000e+04 8.028100000000000000e+04 8.028300000000000000e+04 8.028500000000000000e+04 8.028700000000000000e+04 8.028900000000000000e+04 8.029100000000000000e+04 8.029300000000000000e+04 8.029500000000000000e+04 8.029700000000000000e+04 8.029900000000000000e+04 8.030100000000000000e+04
7.962800000000000000e+04 7.963000000000000000e+04 7.963200000000000000e+04 2.021700000000000000e+04 2.021800000000000000e+04 2.021900000000000000e+04 2.022000000000000000e+04 2.022100000000000000e+04 2.022200000000000000e+04 2.022300000000000000e+04 2.022400000000000000e+04 2.022500000000000000e+04 2.022600000000000000e+04 7.965400000000000000e+04 7.965600000000000000e+04 7.965800000000000000e+04 7.966000000000000000e+04 7.966200000000000000e+04 7.966400000000000000e+04 7.966600000000000000e+04 7.966800000000000000e+04 7.967000000000000000e+04 7.967200000000000000e+04 2.023700000000000000e+04 2.023800000000000000e+04 7.968100000000000000e+04 7.968300000000000000e+04 7.968500000000000000e+04 7.968700000000000000e+04 7.968900000000000000e+04 7.969100000000000000e+04 7.969300000000000000e+04 7.969500000000000000e+04 7.969700000000000000e+04 7.969900000000000000e+04 7.970100000000000000e+04 7.970300000000000000e+04
7.903000000000000000e+04 7.903200000000000000e+04 7.903400000000000000e+04 1.961800000000000000e+04 1.961900000000000000e+04 1.962000000000000000e+04 1.962100000000000000e+04 1.962200000000000000e+04 1.962300000000000000e+04 1.962400000000000000e+04 1.962500000000000000e+04 1.962600000000000000e+04 1.962700000000000000e+04 7.905600000000000000e+04 1.992800000000000000e+04 1.992900000000000000e+04 1.993000000000000000e+04 1.993100000000000000e+04 1.993200000000000000e+04 1.993300000000000000e+04 7.907000000000000000e+04 7.907200000000000000e+04 1.963700000000000000e+04 1.963800000000000000e+04 1.963900000000000000e+04 7.908300000000000000e+04 7.908500000000000000e+04 7.908700000000000000e+04 7.908900000000000000e+04 7.909100000000000000e+04 7.909300000000000000e+04 7.909500000000000000e+04 7.909700000000000000e+04 7.909900000000000000e+04 7.910100000000000000e+04 7.910300000000000000e+04 7.910500000000000000e+04
7.843200000000000000e+04 7.843400000000000000e+04 1.901800000000000000e+04 1.901900000000000000e+04 1.902000000000000000e+04 1.902100000000000000e+04 1.902200000000000000e+04 1.902300000000000000e+04 1.902400000000000000e+04 1.902500000000000000e+04 1.902600000000000000e+04 1.902700000000000000e+04 7.845600000000000000e+04 1.932800000000000000e+04 1.932900000000000000e+04 1.933000000000000000e+04 1.933100000000000000e+04 1.933200000000000000e+04 7.846800000000000000e+04 7.847000000000000000e+04 7.847200000000000000e+04 7.847400000000000000e+04 1.903800000000000000e+04 1.903900000000000000e+04 1.904000000000000000e+04 7.848500000000000000e+04 7.848700000000000000e+04 7.848900000000000000e+04 7.849100000000000000e+04 7.849300000000000000e+04 7.849500000000000000e+04 7.849700000000000000e+04 7.849900000000000000e+04 7.850100000000000000e+04 7.850300000000000000e+04 7.850500000000000000e+04 7.850700000000000000e+04
