output_new_topo_ddd_3/finaltopo_flow__receiver_node.asc
ncols 300
nrows 100
xllcorner 0.0
yllcorner 0.0
cellsize 10.0
[rows 68 to 84 of 100, columns 111 to 147 of 300]
9.711000000000000000e+03 9.711000000000000000e+03 9.713000000000000000e+03 9.713000000000000000e+03 9.716000000000000000e+03 9.716000000000000000e+03 9.717000000000000000e+03 9.719000000000000000e+03 9.120000000000000000e+03 9.421000000000000000e+03 9.721000000000000000e+03 9.722000000000000000e+03 9.722000000000000000e+03 9.125000000000000000e+03 9.426000000000000000e+03 9.127000000000000000e+03 9.127000000000000000e+03 9.127000000000000000e+03 9.730000000000000000e+03 9.730000000000000000e+03 9.732000000000000000e+03 9.433000000000000000e+03 9.134000000000000000e+03 9.134000000000000000e+03 9.436000000000000000e+03 9.136000000000000000e+03 9.436000000000000000e+03 9.737000000000000000e+03 9.738000000000000000e+03 9.739000000000000000e+03 9.141000000000000000e+03 9.743000000000000000e+03 9.744000000000000000e+03 9.744000000000000000e+03 9.744000000000000000e+03 9.147000000000000000e+03 9.148000000000000000e+03
9.410000000000000000e+03 9.412000000000000000e+03 9.412000000000000000e+03 9.414000000000000000e+03 9.414000000000000000e+03 8.817000000000000000e+03 8.817000000000000000e+03 8.819000000000000000e+03 9.120000000000000000e+03 9.421000000000000000e+03 9.421000000000000000e+03 9.421000000000000000e+03 8.823000000000000000e+03 9.125000000000000000e+03 9.426000000000000000e+03 9.127000000000000000e+03 8.828000000000000000e+03 8.828000000000000000e+03 8.828000000000000000e+03 8.831000000000000000e+03 8.831000000000000000e+03 9.433000000000000000e+03 9.134000000000000000e+03 8.834000000000000000e+03 9.134000000000000000e+03 8.836000000000000000e+03 9.136000000000000000e+03 9.137000000000000000e+03 9.138000000000000000e+03 8.841000000000000000e+03 8.841000000000000000e+03 8.841000000000000000e+03 8.844000000000000000e+03 8.844000000000000000e+03 8.844000000000000000e+03 9.147000000000000000e+03 9.148000000000000000e+03
9.111000000000000000e+03 9.111000000000000000e+03 9.113000000000000000e+03 9.113000000000000000e+03 8.516000000000000000e+03 8.817000000000000000e+03 8.518000000000000000e+03 8.819000000000000000e+03 9.120000000000000000e+03 9.120000000000000000e+03 9.120000000000000000e+03 8.823000000000000000e+03 8.824000000000000000e+03 9.125000000000000000e+03 9.125000000000000000e+03 9.127000000000000000e+03 8.828000000000000000e+03 8.529000000000000000e+03 8.529000000000000000e+03 8.531000000000000000e+03 8.531000000000000000e+03 8.533000000000000000e+03 8.834000000000000000e+03 8.535000000000000000e+03 8.535000000000000000e+03 8.536000000000000000e+03 8.836000000000000000e+03 8.837000000000000000e+03 8.540000000000000000e+03 8.540000000000000000e+03 8.540000000000000000e+03 8.543000000000000000e+03 8.543000000000000000e+03 8.543000000000000000e+03 8.844000000000000000e+03 8.847000000000000000e+03 9.148000000000000000e+03
8.510000000000000000e+03 8.511000000000000000e+03 8.212000000000000000e+03 8.515000000000000000e+03 8.216000000000000000e+03 8.217000000000000000e+03 8.518000000000000000e+03 8.819000000000000000e+03 8.819000000000000000e+03 8.819000000000000000e+03 8.522000000000000000e+03 8.823000000000000000e+03 8.823000000000000000e+03 8.824000000000000000e+03 8.524000000000000000e+03 8.527000000000000000e+03 8.828000000000000000e+03 8.529000000000000000e+03 8.230000000000000000e+03 8.531000000000000000e+03 8.232000000000000000e+03 8.533000000000000000e+03 8.834000000000000000e+03 8.535000000000000000e+03 8.536000000000000000e+03 8.237000000000000000e+03 8.237000000000000000e+03 8.237000000000000000e+03 8.540000000000000000e+03 8.241000000000000000e+03 8.241000000000000000e+03 8.242000000000000000e+03 8.242000000000000000e+03 8.543000000000000000e+03 8.844000000000000000e+03 8.847000000000000000e+03 8.847000000000000000e+03
8.210000000000000000e+03 8.511000000000000000e+03 8.212000000000000000e+03 7.915000000000000000e+03 8.216000000000000000e+03 8.217000000000000000e+03 8.518000000000000000e+03 8.518000000000000000e+03 8.518000000000000000e+03 8.221000000000000000e+03 8.522000000000000000e+03 8.522000000000000000e+03 8.224000000000000000e+03 8.524000000000000000e+03 8.224000000000000000e+03 8.527000000000000000e+03 8.527000000000000000e+03 8.229000000000000000e+03 8.230000000000000000e+03 8.531000000000000000e+03 8.232000000000000000e+03 8.533000000000000000e+03 8.533000000000000000e+03 8.535000000000000000e+03 8.535000000000000000e+03 8.237000000000000000e+03 7.938000000000000000e+03 7.938000000000000000e+03 7.938000000000000000e+03 8.241000000000000000e+03 7.941000000000000000e+03 7.941000000000000000e+03 8.242000000000000000e+03 8.543000000000000000e+03 7.945000000000000000e+03 7.945000000000000000e+03 8.248000000000000000e+03
7.910000000000000000e+03 8.212000000000000000e+03 7.914000000000000000e+03 7.915000000000000000e+03 8.216000000000000000e+03 7.917000000000000000e+03 8.217000000000000000e+03 7.917000000000000000e+03 8.218000000000000000e+03 7.921000000000000000e+03 8.221000000000000000e+03 7.921000000000000000e+03 8.224000000000000000e+03 8.224000000000000000e+03 8.224000000000000000e+03 7.927000000000000000e+03 7.928000000000000000e+03 8.229000000000000000e+03 8.229000000000000000e+03 8.230000000000000000e+03 7.932000000000000000e+03 8.232000000000000000e+03 7.932000000000000000e+03 7.933000000000000000e+03 8.236000000000000000e+03 8.237000000000000000e+03 7.938000000000000000e+03 7.639000000000000000e+03 7.639000000000000000e+03 7.941000000000000000e+03 7.642000000000000000e+03 7.642000000000000000e+03 7.642000000000000000e+03 7.943000000000000000e+03 7.645000000000000000e+03 7.646000000000000000e+03 7.646000000000000000e+03
7.910000000000000000e+03 7.312000000000000000e+03 7.614000000000000000e+03 7.915000000000000000e+03 7.616000000000000000e+03 7.917000000000000000e+03 7.917000000000000000e+03 7.917000000000000000e+03 7.618000000000000000e+03 7.621000000000000000e+03 7.921000000000000000e+03 7.621000000000000000e+03 7.924000000000000000e+03 7.924000000000000000e+03 7.924000000000000000e+03 7.927000000000000000e+03 7.928000000000000000e+03 7.928000000000000000e+03 7.929000000000000000e+03 7.930000000000000000e+03 7.632000000000000000e+03 7.932000000000000000e+03 7.632000000000000000e+03 7.335000000000000000e+03 7.335000000000000000e+03 7.337000000000000000e+03 7.638000000000000000e+03 7.639000000000000000e+03 7.640000000000000000e+03 7.941000000000000000e+03 7.642000000000000000e+03 7.342000000000000000e+03 7.642000000000000000e+03 7.344000000000000000e+03 7.346000000000000000e+03 7.346000000000000000e+03 7.346000000000000000e+03
7.012000000000000000e+03 7.012000000000000000e+03 7.012000000000000000e+03 7.614000000000000000e+03 7.316000000000000000e+03 7.616000000000000000e+03 7.617000000000000000e+03 7.617000000000000000e+03 7.618000000000000000e+03 7.621000000000000000e+03 7.621000000000000000e+03 7.621000000000000000e+03 7.024000000000000000e+03 7.025000000000000000e+03 7.025000000000000000e+03 7.025000000000000000e+03 7.628000000000000000e+03 7.628000000000000000e+03 7.628000000000000000e+03 7.331000000000000000e+03 7.632000000000000000e+03 7.632000000000000000e+03 7.632000000000000000e+03 7.335000000000000000e+03 7.036000000000000000e+03 7.337000000000000000e+03 7.638000000000000000e+03 7.638000000000000000e+03 7.639000000000000000e+03 7.640000000000000000e+03 7.342000000000000000e+03 7.043000000000000000e+03 7.043000000000000000e+03 7.043000000000000000e+03 7.045000000000000000e+03 7.045000000000000000e+03 7.346000000000000000e+03
6.711000000000000000e+03 6.712000000000000000e+03 6.712000000000000000e+03 6.713000000000000000e+03 7.016000000000000000e+03 7.316000000000000000e+03 7.316000000000000000e+03 7.318000000000000000e+03 7.318000000000000000e+03 7.321000000000000000e+03 7.321000000000000000e+03 6.723000000000000000e+03 6.724000000000000000e+03 6.725000000000000000e+03 6.725000000000000000e+03 6.726000000000000000e+03 6.726000000000000000e+03 7.328000000000000000e+03 6.730000000000000000e+03 6.730000000000000000e+03 7.331000000000000000e+03 7.332000000000000000e+03 6.734000000000000000e+03 6.735000000000000000e+03 7.036000000000000000e+03 7.337000000000000000e+03 7.337000000000000000e+03 7.337000000000000000e+03 7.339000000000000000e+03 7.339000000000000000e+03 7.342000000000000000e+03 7.043000000000000000e+03 6.744000000000000000e+03 6.744000000000000000e+03 6.744000000000000000e+03 7.045000000000000000e+03 7.346000000000000000e+03
6.411000000000000000e+03 6.411000000000000000e+03 6.712000000000000000e+03 6.713000000000000000e+03 7.016000000000000000e+03 7.016000000000000000e+03 7.016000000000000000e+03 7.017000000000000000e+03 6.420000000000000000e+03 6.420000000000000000e+03 6.722000000000000000e+03 6.723000000000000000e+03 6.724000000000000000e+03 6.725000000000000000e+03 6.426000000000000000e+03 6.426000000000000000e+03 6.426000000000000000e+03 6.427000000000000000e+03 6.430000000000000000e+03 6.430000000000000000e+03 6.430000000000000000e+03 6.433000000000000000e+03 6.434000000000000000e+03 6.735000000000000000e+03 7.036000000000000000e+03 7.036000000000000000e+03 7.036000000000000000e+03 7.037000000000000000e+03 6.440000000000000000e+03 6.441000000000000000e+03 6.441000000000000000e+03 6.443000000000000000e+03 6.443000000000000000e+03 6.443000000000000000e+03 6.744000000000000000e+03 7.045000000000000000e+03 6.446000000000000000e+03
6.110000000000000000e+03 6.411000000000000000e+03 6.712000000000000000e+03 6.114000000000000000e+03 6.114000000000000000e+03 6.716000000000000000e+03 6.716000000000000000e+03 6.118000000000000000e+03 6.120000000000000000e+03 6.120000000000000000e+03 6.120000000000000000e+03 6.723000000000000000e+03 6.724000000000000000e+03 6.724000000000000000e+03 6.426000000000000000e+03 6.127000000000000000e+03 6.127000000000000000e+03 6.127000000000000000e+03 6.430000000000000000e+03 6.131000000000000000e+03 6.131000000000000000e+03 6.132000000000000000e+03 6.434000000000000000e+03 6.735000000000000000e+03 6.735000000000000000e+03 6.735000000000000000e+03 6.436000000000000000e+03 6.737000000000000000e+03 6.440000000000000000e+03 6.441000000000000000e+03 6.142000000000000000e+03 6.142000000000000000e+03 6.142000000000000000e+03 6.443000000000000000e+03 6.744000000000000000e+03 6.146000000000000000e+03 6.146000000000000000e+03
6.110000000000000000e+03 6.411000000000000000e+03 5.814000000000000000e+03 5.814000000000000000e+03 5.814000000000000000e+03 5.815000000000000000e+03 5.816000000000000000e+03 5.819000000000000000e+03 6.120000000000000000e+03 5.820000000000000000e+03 6.120000000000000000e+03 5.823000000000000000e+03 5.823000000000000000e+03 5.825000000000000000e+03 5.826000000000000000e+03 6.127000000000000000e+03 5.828000000000000000e+03 5.828000000000000000e+03 5.829000000000000000e+03 6.131000000000000000e+03 6.132000000000000000e+03 6.133000000000000000e+03 6.434000000000000000e+03 6.434000000000000000e+03 6.434000000000000000e+03 6.436000000000000000e+03 6.436000000000000000e+03 5.839000000000000000e+03 5.839000000000000000e+03 5.841000000000000000e+03 6.142000000000000000e+03 5.843000000000000000e+03 5.843000000000000000e+03 5.844000000000000000e+03 5.846000000000000000e+03 5.846000000000000000e+03 5.846000000000000000e+03
5.810000000000000000e+03 5.513000000000000000e+03 5.513000000000000000e+03 5.513000000000000000e+03 5.814000000000000000e+03 5.815000000000000000e+03 5.816000000000000000e+03 5.819000000000000000e+03 5.820000000000000000e+03 5.521000000000000000e+03 5.521000000000000000e+03 5.523000000000000000e+03 5.523000000000000000e+03 5.524000000000000000e+03 5.826000000000000000e+03 6.127000000000000000e+03 5.828000000000000000e+03 5.829000000000000000e+03 5.830000000000000000e+03 6.131000000000000000e+03 6.131000000000000000e+03 6.132000000000000000e+03 6.133000000000000000e+03 5.833000000000000000e+03 6.135000000000000000e+03 6.135000000000000000e+03 5.538000000000000000e+03 5.839000000000000000e+03 5.540000000000000000e+03 5.841000000000000000e+03 6.142000000000000000e+03 5.843000000000000000e+03 5.844000000000000000e+03 5.545000000000000000e+03 5.846000000000000000e+03 5.547000000000000000e+03 5.547000000000000000e+03
5.211000000000000000e+03 5.212000000000000000e+03 5.212000000000000000e+03 5.513000000000000000e+03 5.514000000000000000e+03 5.515000000000000000e+03 5.516000000000000000e+03 5.819000000000000000e+03 5.520000000000000000e+03 5.521000000000000000e+03 5.222000000000000000e+03 5.523000000000000000e+03 5.524000000000000000e+03 5.225000000000000000e+03 5.526000000000000000e+03 5.826000000000000000e+03 5.828000000000000000e+03 5.828000000000000000e+03 5.829000000000000000e+03 5.830000000000000000e+03 5.530000000000000000e+03 5.833000000000000000e+03 5.833000000000000000e+03 5.833000000000000000e+03 5.534000000000000000e+03 5.835000000000000000e+03 5.538000000000000000e+03 5.239000000000000000e+03 5.540000000000000000e+03 5.841000000000000000e+03 5.841000000000000000e+03 5.843000000000000000e+03 5.843000000000000000e+03 5.545000000000000000e+03 5.846000000000000000e+03 5.547000000000000000e+03 5.248000000000000000e+03
5.210000000000000000e+03 5.211000000000000000e+03 5.212000000000000000e+03 5.514000000000000000e+03 5.514000000000000000e+03 5.515000000000000000e+03 4.917000000000000000e+03 4.917000000000000000e+03 5.520000000000000000e+03 5.521000000000000000e+03 5.222000000000000000e+03 5.523000000000000000e+03 5.523000000000000000e+03 5.225000000000000000e+03 5.526000000000000000e+03 5.526000000000000000e+03 5.526000000000000000e+03 5.229000000000000000e+03 5.530000000000000000e+03 5.530000000000000000e+03 5.230000000000000000e+03 5.532000000000000000e+03 5.234000000000000000e+03 5.534000000000000000e+03 5.234000000000000000e+03 4.937000000000000000e+03 4.938000000000000000e+03 5.239000000000000000e+03 5.540000000000000000e+03 5.540000000000000000e+03 5.540000000000000000e+03 5.542000000000000000e+03 5.244000000000000000e+03 5.545000000000000000e+03 5.545000000000000000e+03 5.547000000000000000e+03 5.248000000000000000e+03
5.211000000000000000e+03 5.212000000000000000e+03 5.212000000000000000e+03 4.913000000000000000e+03 4.914000000000000000e+03 4.617000000000000000e+03 4.617000000000000000e+03 4.617000000000000000e+03 4.620000000000000000e+03 4.620000000000000000e+03 4.620000000000000000e+03 5.222000000000000000e+03 5.222000000000000000e+03 4.925000000000000000e+03 5.225000000000000000e+03 5.225000000000000000e+03 4.926000000000000000e+03 5.229000000000000000e+03 5.229000000000000000e+03 5.230000000000000000e+03 5.230000000000000000e+03 5.232000000000000000e+03 5.234000000000000000e+03 5.234000000000000000e+03 5.234000000000000000e+03 4.937000000000000000e+03 4.938000000000000000e+03 5.239000000000000000e+03 5.239000000000000000e+03 5.240000000000000000e+03 5.240000000000000000e+03 4.943000000000000000e+03 5.244000000000000000e+03 5.244000000000000000e+03 5.245000000000000000e+03 5.245000000000000000e+03 5.248000000000000000e+03
4.610000000000000000e+03 4.611000000000000000e+03 4.913000000000000000e+03 4.913000000000000000e+03 4.316000000000000000e+03 4.617000000000000000e+03 4.317000000000000000e+03 4.617000000000000000e+03 4.320000000000000000e+03 4.320000000000000000e+03 4.320000000000000000e+03 4.321000000000000000e+03 4.624000000000000000e+03 4.925000000000000000e+03 4.925000000000000000e+03 4.926000000000000000e+03 4.926000000000000000e+03 4.929000000000000000e+03 4.929000000000000000e+03 4.930000000000000000e+03 4.930000000000000000e+03 4.931000000000000000e+03 4.934000000000000000e+03 4.934000000000000000e+03 4.934000000000000000e+03 4.937000000000000000e+03 4.938000000000000000e+03 4.938000000000000000e+03 4.938000000000000000e+03 4.940000000000000000e+03 4.940000000000000000e+03 4.943000000000000000e+03 4.943000000000000000e+03 4.944000000000000000e+03 4.346000000000000000e+03 4.347000000000000000e+03 4.648000000000000000e+03
