output_new_topo_ddd_3/finaltopo_flow__receiver_node.asc
ncols 300
nrows 100
xllcorner 0.0
yllcorner 0.0
cellsize 10.0
[rows 0 to 16 of 100, columns 185 to 221 of 300]
2.988500000000000000e+04 2.988600000000000000e+04 2.988700000000000000e+04 2.988800000000000000e+04 2.988900000000000000e+04 2.989000000000000000e+04 2.989100000000000000e+04 2.989200000000000000e+04 2.989300000000000000e+04 2.989400000000000000e+04 2.989500000000000000e+04 2.989600000000000000e+04 2.989700000000000000e+04 2.989800000000000000e+04 2.989900000000000000e+04 2.990000000000000000e+04 2.990100000000000000e+04 2.990200000000000000e+04 2.990300000000000000e+04 2.990400000000000000e+04 2.990500000000000000e+04 2.990600000000000000e+04 2.990700000000000000e+04 2.990800000000000000e+04 2.990900000000000000e+04 2.991000000000000000e+04 2.991100000000000000e+04 2.991200000000000000e+04 2.991300000000000000e+04 2.991400000000000000e+04 2.991500000000000000e+04 2.991600000000000000e+04 2.991700000000000000e+04 2.991800000000000000e+04 2.991900000000000000e+04 2.992000000000000000e+04 2.992100000000000000e+04
2.928500000000000000e+04 2.928600000000000000e+04 2.928600000000000000e+04 2.928900000000000000e+04 2.928900000000000000e+04 2.929100000000000000e+04 2.929100000000000000e+04 2.929100000000000000e+04 2.929300000000000000e+04 2.929400000000000000e+04 2.929500000000000000e+04 2.929500000000000000e+04 2.959800000000000000e+04 2.959900000000000000e+04 2.930000000000000000e+04 2.930000000000000000e+04 2.930200000000000000e+04 2.930200000000000000e+04 2.930200000000000000e+04 2.960300000000000000e+04 2.960400000000000000e+04 2.960500000000000000e+04 2.930800000000000000e+04 2.930800000000000000e+04 2.930900000000000000e+04 2.930900000000000000e+04 2.931100000000000000e+04 2.931100000000000000e+04 2.931400000000000000e+04 2.931400000000000000e+04 2.931500000000000000e+04 2.961700000000000000e+04 2.961800000000000000e+04 2.961900000000000000e+04 2.932000000000000000e+04 2.932000000000000000e+04 2.932000000000000000e+04
2.898500000000000000e+04 2.898600000000000000e+04 2.898600000000000000e+04 2.928900000000000000e+04 2.899000000000000000e+04 2.899000000000000000e+04 2.899100000000000000e+04 2.899100000000000000e+04 2.899400000000000000e+04 2.899400000000000000e+04 2.899500000000000000e+04 2.899500000000000000e+04 2.899800000000000000e+04 2.899800000000000000e+04 2.930000000000000000e+04 2.900100000000000000e+04 2.900100000000000000e+04 2.900100000000000000e+04 2.930200000000000000e+04 2.960300000000000000e+04 2.960400000000000000e+04 2.960500000000000000e+04 2.930800000000000000e+04 2.900900000000000000e+04 2.900900000000000000e+04 2.901000000000000000e+04 2.901000000000000000e+04 2.931100000000000000e+04 2.931400000000000000e+04 2.901500000000000000e+04 2.901500000000000000e+04 2.901500000000000000e+04 2.961800000000000000e+04 2.931900000000000000e+04 2.932000000000000000e+04 2.902100000000000000e+04 2.902100000000000000e+04
2.868500000000000000e+04 2.868500000000000000e+04 2.898600000000000000e+04 2.868900000000000000e+04 2.899000000000000000e+04 2.869100000000000000e+04 2.869100000000000000e+04 2.899100000000000000e+04 2.899400000000000000e+04 2.869500000000000000e+04 2.869500000000000000e+04 2.869500000000000000e+04 2.899800000000000000e+04 2.869900000000000000e+04 2.869900000000000000e+04 2.900100000000000000e+04 2.870100000000000000e+04 2.900100000000000000e+04 2.870200000000000000e+04 2.870300000000000000e+04 2.870600000000000000e+04 2.870700000000000000e+04 2.870700000000000000e+04 2.900900000000000000e+04 2.870900000000000000e+04 2.870900000000000000e+04 2.901000000000000000e+04 2.901100000000000000e+04 2.901400000000000000e+04 2.871500000000000000e+04 2.871500000000000000e+04 2.871600000000000000e+04 2.871600000000000000e+04 2.931900000000000000e+04 2.932000000000000000e+04 2.902100000000000000e+04 2.872200000000000000e+04
2.838400000000000000e+04 2.868500000000000000e+04 2.868600000000000000e+04 2.868900000000000000e+04 2.869000000000000000e+04 2.839100000000000000e+04 2.839100000000000000e+04 2.869100000000000000e+04 2.839400000000000000e+04 2.869500000000000000e+04 2.839500000000000000e+04 2.869500000000000000e+04 2.839600000000000000e+04 2.869900000000000000e+04 2.840000000000000000e+04 2.840000000000000000e+04 2.840000000000000000e+04 2.870100000000000000e+04 2.870200000000000000e+04 2.870300000000000000e+04 2.840600000000000000e+04 2.840700000000000000e+04 2.840700000000000000e+04 2.870900000000000000e+04 2.840900000000000000e+04 2.870900000000000000e+04 2.871000000000000000e+04 2.841300000000000000e+04 2.841300000000000000e+04 2.871500000000000000e+04 2.841600000000000000e+04 2.841600000000000000e+04 2.841600000000000000e+04 2.841900000000000000e+04 2.841900000000000000e+04 2.902100000000000000e+04 2.872200000000000000e+04
2.838400000000000000e+04 2.868500000000000000e+04 2.868600000000000000e+04 2.808900000000000000e+04 2.809000000000000000e+04 2.839100000000000000e+04 2.809100000000000000e+04 2.839100000000000000e+04 2.839400000000000000e+04 2.839500000000000000e+04 2.809500000000000000e+04 2.839500000000000000e+04 2.839600000000000000e+04 2.809900000000000000e+04 2.840000000000000000e+04 2.810000000000000000e+04 2.840000000000000000e+04 2.870200000000000000e+04 2.870200000000000000e+04 2.870300000000000000e+04 2.840600000000000000e+04 2.810700000000000000e+04 2.810700000000000000e+04 2.840900000000000000e+04 2.810900000000000000e+04 2.840900000000000000e+04 2.811000000000000000e+04 2.841300000000000000e+04 2.811400000000000000e+04 2.811400000000000000e+04 2.841600000000000000e+04 2.811600000000000000e+04 2.841600000000000000e+04 2.841900000000000000e+04 2.812000000000000000e+04 2.812000000000000000e+04 2.842200000000000000e+04
2.838400000000000000e+04 2.778600000000000000e+04 2.778600000000000000e+04 2.808900000000000000e+04 2.809000000000000000e+04 2.809100000000000000e+04 2.779200000000000000e+04 2.779200000000000000e+04 2.779200000000000000e+04 2.809500000000000000e+04 2.779500000000000000e+04 2.809500000000000000e+04 2.779600000000000000e+04 2.809900000000000000e+04 2.810000000000000000e+04 2.780000000000000000e+04 2.810000000000000000e+04 2.780100000000000000e+04 2.780200000000000000e+04 2.780500000000000000e+04 2.780500000000000000e+04 2.810700000000000000e+04 2.780800000000000000e+04 2.780800000000000000e+04 2.780800000000000000e+04 2.810900000000000000e+04 2.811000000000000000e+04 2.781300000000000000e+04 2.811400000000000000e+04 2.781500000000000000e+04 2.781500000000000000e+04 2.781500000000000000e+04 2.811600000000000000e+04 2.811900000000000000e+04 2.812000000000000000e+04 2.782100000000000000e+04 2.782100000000000000e+04
2.748500000000000000e+04 2.748500000000000000e+04 2.778600000000000000e+04 2.808900000000000000e+04 2.809000000000000000e+04 2.809000000000000000e+04 2.779200000000000000e+04 2.749200000000000000e+04 2.779200000000000000e+04 2.779500000000000000e+04 2.749500000000000000e+04 2.779500000000000000e+04 2.779600000000000000e+04 2.779900000000000000e+04 2.780000000000000000e+04 2.750000000000000000e+04 2.780000000000000000e+04 2.780100000000000000e+04 2.780200000000000000e+04 2.750500000000000000e+04 2.750500000000000000e+04 2.750500000000000000e+04 2.780800000000000000e+04 2.750800000000000000e+04 2.780800000000000000e+04 2.810900000000000000e+04 2.811000000000000000e+04 2.781300000000000000e+04 2.781400000000000000e+04 2.781500000000000000e+04 2.751600000000000000e+04 2.751600000000000000e+04 2.751600000000000000e+04 2.751800000000000000e+04 2.752000000000000000e+04 2.782100000000000000e+04 2.752100000000000000e+04
2.718400000000000000e+04 2.748500000000000000e+04 2.748600000000000000e+04 2.718900000000000000e+04 2.719000000000000000e+04 2.719000000000000000e+04 2.749200000000000000e+04 2.719200000000000000e+04 2.749200000000000000e+04 2.719400000000000000e+04 2.719400000000000000e+04 2.749500000000000000e+04 2.749600000000000000e+04 2.719900000000000000e+04 2.750000000000000000e+04 2.720000000000000000e+04 2.750000000000000000e+04 2.750100000000000000e+04 2.780200000000000000e+04 2.750500000000000000e+04 2.720500000000000000e+04 2.750500000000000000e+04 2.750800000000000000e+04 2.720800000000000000e+04 2.750800000000000000e+04 2.750900000000000000e+04 2.721000000000000000e+04 2.781300000000000000e+04 2.781400000000000000e+04 2.781400000000000000e+04 2.751600000000000000e+04 2.721700000000000000e+04 2.721700000000000000e+04 2.721800000000000000e+04 2.722000000000000000e+04 2.752100000000000000e+04 2.722200000000000000e+04
2.718400000000000000e+04 2.688600000000000000e+04 2.688600000000000000e+04 2.718900000000000000e+04 2.689000000000000000e+04 2.689100000000000000e+04 2.719200000000000000e+04 2.689300000000000000e+04 2.689300000000000000e+04 2.689300000000000000e+04 2.719400000000000000e+04 2.749500000000000000e+04 2.749600000000000000e+04 2.719900000000000000e+04 2.720000000000000000e+04 2.690000000000000000e+04 2.720000000000000000e+04 2.720100000000000000e+04 2.690300000000000000e+04 2.720500000000000000e+04 2.690500000000000000e+04 2.720500000000000000e+04 2.690700000000000000e+04 2.690700000000000000e+04 2.720800000000000000e+04 2.690900000000000000e+04 2.721000000000000000e+04 2.691300000000000000e+04 2.691300000000000000e+04 2.691300000000000000e+04 2.751600000000000000e+04 2.721700000000000000e+04 2.721800000000000000e+04 2.691900000000000000e+04 2.722000000000000000e+04 2.752100000000000000e+04 2.722200000000000000e+04
2.658500000000000000e+04 2.658500000000000000e+04 2.688600000000000000e+04 2.688900000000000000e+04 2.689000000000000000e+04 2.689100000000000000e+04 2.689200000000000000e+04 2.689300000000000000e+04 2.659400000000000000e+04 2.659400000000000000e+04 2.659400000000000000e+04 2.659700000000000000e+04 2.659700000000000000e+04 2.689900000000000000e+04 2.690000000000000000e+04 2.660000000000000000e+04 2.690000000000000000e+04 2.660300000000000000e+04 2.660300000000000000e+04 2.690500000000000000e+04 2.660500000000000000e+04 2.660600000000000000e+04 2.660600000000000000e+04 2.690700000000000000e+04 2.720800000000000000e+04 2.690900000000000000e+04 2.661200000000000000e+04 2.661300000000000000e+04 2.661300000000000000e+04 2.661400000000000000e+04 2.661400000000000000e+04 2.721700000000000000e+04 2.721700000000000000e+04 2.691900000000000000e+04 2.722000000000000000e+04 2.722000000000000000e+04 2.662200000000000000e+04
2.628500000000000000e+04 2.658500000000000000e+04 2.658600000000000000e+04 2.628900000000000000e+04 2.629000000000000000e+04 2.629000000000000000e+04 2.689100000000000000e+04 2.629300000000000000e+04 2.629300000000000000e+04 2.629300000000000000e+04 2.659400000000000000e+04 2.659700000000000000e+04 2.629800000000000000e+04 2.629800000000000000e+04 2.660000000000000000e+04 2.630000000000000000e+04 2.660000000000000000e+04 2.630300000000000000e+04 2.630300000000000000e+04 2.630400000000000000e+04 2.630400000000000000e+04 2.660500000000000000e+04 2.660600000000000000e+04 2.690700000000000000e+04 2.690900000000000000e+04 2.631100000000000000e+04 2.631100000000000000e+04 2.661300000000000000e+04 2.631400000000000000e+04 2.631400000000000000e+04 2.631500000000000000e+04 2.631500000000000000e+04 2.691800000000000000e+04 2.691900000000000000e+04 2.691900000000000000e+04 2.632100000000000000e+04 2.662200000000000000e+04
2.598400000000000000e+04 2.628500000000000000e+04 2.628600000000000000e+04 2.628900000000000000e+04 2.629000000000000000e+04 2.599100000000000000e+04 2.599100000000000000e+04 2.629300000000000000e+04 2.599300000000000000e+04 2.629300000000000000e+04 2.659400000000000000e+04 2.599700000000000000e+04 2.599800000000000000e+04 2.599800000000000000e+04 2.630000000000000000e+04 2.600000000000000000e+04 2.600100000000000000e+04 2.600200000000000000e+04 2.600200000000000000e+04 2.630300000000000000e+04 2.630400000000000000e+04 2.660600000000000000e+04 2.660600000000000000e+04 2.630700000000000000e+04 2.601000000000000000e+04 2.601100000000000000e+04 2.601100000000000000e+04 2.601200000000000000e+04 2.631400000000000000e+04 2.601500000000000000e+04 2.601500000000000000e+04 2.601600000000000000e+04 2.601600000000000000e+04 2.601700000000000000e+04 2.632000000000000000e+04 2.632100000000000000e+04 2.632200000000000000e+04
2.598400000000000000e+04 2.628500000000000000e+04 2.628600000000000000e+04 2.628900000000000000e+04 2.599000000000000000e+04 2.599100000000000000e+04 2.599200000000000000e+04 2.599300000000000000e+04 2.569300000000000000e+04 2.599300000000000000e+04 2.599400000000000000e+04 2.599700000000000000e+04 2.599800000000000000e+04 2.569900000000000000e+04 2.569900000000000000e+04 2.569900000000000000e+04 2.600000000000000000e+04 2.600100000000000000e+04 2.600200000000000000e+04 2.630400000000000000e+04 2.630400000000000000e+04 2.630600000000000000e+04 2.630700000000000000e+04 2.630700000000000000e+04 2.601000000000000000e+04 2.601100000000000000e+04 2.571200000000000000e+04 2.571200000000000000e+04 2.571200000000000000e+04 2.601500000000000000e+04 2.571600000000000000e+04 2.571600000000000000e+04 2.571600000000000000e+04 2.571700000000000000e+04 2.632000000000000000e+04 2.632100000000000000e+04 2.602200000000000000e+04
2.598400000000000000e+04 2.538500000000000000e+04 2.568600000000000000e+04 2.538900000000000000e+04 2.599000000000000000e+04 2.599100000000000000e+04 2.599100000000000000e+04 2.569300000000000000e+04 2.539300000000000000e+04 2.569300000000000000e+04 2.569400000000000000e+04 2.599700000000000000e+04 2.569800000000000000e+04 2.569900000000000000e+04 2.540000000000000000e+04 2.540000000000000000e+04 2.600100000000000000e+04 2.600200000000000000e+04 2.600200000000000000e+04 2.600400000000000000e+04 2.540600000000000000e+04 2.540600000000000000e+04 2.540600000000000000e+04 2.540900000000000000e+04 2.540900000000000000e+04 2.541100000000000000e+04 2.571200000000000000e+04 2.541200000000000000e+04 2.571200000000000000e+04 2.541500000000000000e+04 2.571600000000000000e+04 2.541600000000000000e+04 2.571600000000000000e+04 2.571700000000000000e+04 2.542000000000000000e+04 2.542100000000000000e+04 2.572200000000000000e+04
2.538400000000000000e+04 2.538500000000000000e+04 2.538600000000000000e+04 2.508900000000000000e+04 2.509000000000000000e+04 2.509000000000000000e+04 2.539200000000000000e+04 2.539300000000000000e+04 2.509300000000000000e+04 2.539300000000000000e+04 2.509400000000000000e+04 2.509600000000000000e+04 2.569800000000000000e+04 2.569900000000000000e+04 2.540000000000000000e+04 2.510100000000000000e+04 2.510100000000000000e+04 2.510200000000000000e+04 2.510200000000000000e+04 2.540300000000000000e+04 2.510600000000000000e+04 2.510600000000000000e+04 2.510600000000000000e+04 2.540900000000000000e+04 2.511000000000000000e+04 2.511000000000000000e+04 2.541200000000000000e+04 2.511200000000000000e+04 2.541200000000000000e+04 2.511500000000000000e+04 2.511500000000000000e+04 2.511500000000000000e+04 2.541600000000000000e+04 2.511800000000000000e+04 2.511800000000000000e+04 2.542100000000000000e+04 2.542200000000000000e+04
2.538500000000000000e+04 2.538500000000000000e+04 2.478800000000000000e+04 2.508900000000000000e+04 2.509000000000000000e+04 2.479100000000000000e+04 2.479100000000000000e+04 2.509300000000000000e+04 2.479300000000000000e+04 2.509300000000000000e+04 2.479600000000000000e+04 2.479600000000000000e+04 2.479600000000000000e+04 2.479900000000000000e+04 2.480000000000000000e+04 2.480000000000000000e+04 2.480000000000000000e+04 2.510100000000000000e+04 2.510200000000000000e+04 2.510300000000000000e+04 2.510600000000000000e+04 2.480600000000000000e+04 2.480700000000000000e+04 2.480700000000000000e+04 2.511000000000000000e+04 2.481100000000000000e+04 2.481100000000000000e+04 2.481200000000000000e+04 2.511200000000000000e+04 2.511500000000000000e+04 2.481500000000000000e+04 2.511500000000000000e+04 2.541600000000000000e+04 2.481800000000000000e+04 2.481800000000000000e+04 2.542100000000000000e+04 2.542200000000000000e+04
