output_new_topo_ddd_3/finaltopo_soil_production__rate.asc
ncols 300
nrows 100
xllcorner 0.0
yllcorner 0.0
cellsize 10.0
[rows 0 to 16 of 100, columns 259 to 295 of 300]
0.000000000000000000e+00 0.000000000000000000e+00 0.000000000000000000e+00 0.000000000000000000e+00 0.000000000000000000e+00 0.000000000000000000e+00 0.000000000000000000e+00 0.000000000000000000e+00 0.000000000000000000e+00 0.000000000000000000e+00 0.000000000000000000e+00 0.000000000000000000e+00 0.000000000000000000e+00 0.000000000000000000e+00 0.000000000000000000e+00 0.000000000000000000e+00 0.000000000000000000e+00 0.000000000000000000e+00 0.000000000000000000e+00 0.000000000000000000e+00 0.000000000000000000e+00 0.000000000000000000e+00 0.000000000000000000e+00 0.000000000000000000e+00 0.000000000000000000e+00 0.000000000000000000e+00 0.000000000000000000e+00 0.000000000000000000e+00 0.000000000000000000e+00 0.000000000000000000e+00 0.000000000000000000e+00 0.000000000000000000e+00 0.000000000000000000e+00 0.000000000000000000e+00 0.000000000000000000e+00 0.000000000000000000e+00 0.000000000000000000e+00
4.453268813376281610e-04 4.395884738352001686e-04 4.530743446156162415e-04 4.666982783331634658e-04 4.523750050315880253e-04 4.528793937007021919e-04 4.505510268237645534e-04 4.636750158630130870e-04 4.466164887013642556e-04 4.404349020396644446e-04 4.476435649565068254e-04 4.465435993666643020e-04 4.619978819327474960e-04 4.408957106319779176e-04 4.421717683769262053e-04 4.301491857638135158e-04 4.393988576585420832e-04 4.574520568588782391e-04 4.440050196743045323e-04 4.324896582047141878e-04 4.510319568453418498e-04 4.585036481651966157e-04 4.452354485232901658e-04 4.549062089792964714e-04 4.447242055909514011e-04 4.392997103973576758e-04 4.505859922535662416e-04 4.534068137091151729e-04 4.467944509849115027e-04 4.709824759133719144e-04 4.419074873951062176e-04 4.482123589792750412e-04 4.513972373745150381e-04 4.426826895020447212e-04 4.566646021980035573e-04 4.471675554723828221e-04 4.325456923808353366e-04
4.556127204307912912e-04 4.531612185841373832e-04 4.398428569340380196e-04 4.746076822873712860e-04 4.573059692871083944e-04 4.432254433064937264e-04 4.598331464615869313e-04 4.598291236651111695e-04 4.591513140494279379e-04 4.670639110526337082e-04 4.685935234380960942e-04 4.492576200112547921e-04 4.632561816943761763e-04 4.341642566595277906e-04 4.385685417354634203e-04 4.486337276767189425e-04 4.386308583416009409e-04 4.567305120071640150e-04 4.469065171578895986e-04 4.607164173061497172e-04 4.375492009511923398e-04 4.560762694174867759e-04 4.517148842313361331e-04 4.496227837274924624e-04 4.505830329180008503e-04 4.712301050469095928e-04 4.729907557836820131e-04 4.705277614087849153e-04 4.638438132600193023e-04 4.512053334419815326e-04 4.508056230027134145e-04 4.398764967033528877e-04 4.709318617747134468e-04 4.475221207703005549e-04 4.585130790823461599e-04 4.441517958463844502e-04 4.648711431671310925e-04
4.569879235606366121e-04 4.674082369216775836e-04 4.485356138715309877e-04 4.460977736625568245e-04 4.305659928257477703e-04 4.725614311298533118e-04 4.421464888061292313e-04 4.657028740426184137e-04 4.725034906963596158e-04 4.557485060864404020e-04 4.681992560234260188e-04 4.654940673255566954e-04 4.472974786414165779e-04 4.379731689011545398e-04 4.486550770138098866e-04 4.624770128324270533e-04 4.428438656143562913e-04 4.491290447472001289e-04 4.635908856234462129e-04 4.410922004622825406e-04 4.630085612438801426e-04 4.587650340192931634e-04 4.526629550612102358e-04 4.644319083870000189e-04 4.693396984642188492e-04 4.800208209880612274e-04 4.578460335386972443e-04 4.645169557574632940e-04 4.717704220551103070e-04 4.722021618253578181e-04 4.722246792114089421e-04 4.638358316718572570e-04 4.596760979033731338e-04 4.605462982330752169e-04 4.689330480928638294e-04 4.645629104038164771e-04 4.636177290567545183e-04
4.563876487930016834e-04 4.716337843972285421e-04 4.564353908903488331e-04 4.487688017615148149e-04 4.398401213070593312e-04 4.604579550094278751e-04 4.640956658796422047e-04 4.533427104645065863e-04 4.720905296796327165e-04 4.518086216552224654e-04 4.470155300683261888e-04 4.501436803627120405e-04 4.411301173967594413e-04 4.372445879889282614e-04 4.695600097127538186e-04 4.672341315870060679e-04 4.517260732735261402e-04 4.491942052556430307e-04 4.712518840365177144e-04 4.333591334160013598e-04 4.513191027658547383e-04 4.662716697017009232e-04 4.885645655032936404e-04 4.687403326248740839e-04 4.726456633307150076e-04 4.650425168071957633e-04 4.599579997797671542e-04 4.753676031203068206e-04 4.518192329654491289e-04 4.444173100069512185e-04 4.584672394100846931e-04 4.726273505695100397e-04 4.731045083916701408e-04 4.750422690043126501e-04 4.687069123368939609e-04 4.567317001290497757e-04 4.537882022199457577e-04
4.621051610513300222e-04 4.720170158643008981e-04 4.605777424367643483e-04 4.510674140659828727e-04 4.599256268928820319e-04 4.367840673299707116e-04 4.521662826444399646e-04 4.459134783056682770e-04 4.741135287076241956e-04 4.680554674873446154e-04 4.553965078112232490e-04 4.439156264647141641e-04 4.328352079571203947e-04 4.465127059280607816e-04 4.564788564054782878e-04 4.707420120954329589e-04 4.708000199747075488e-04 4.511073437708370626e-04 4.579921788709003525e-04 4.527712260329404444e-04 4.520899958977143127e-04 4.576917088692545070e-04 4.711339710281097978e-04 4.597291864768252218e-04 4.499792382674371754e-04 4.529663850949680257e-04 4.635037482176400099e-04 4.557506571574151196e-04 4.590987699457530565e-04 4.569049372348304907e-04 4.505260280929166404e-04 4.547212318607976502e-04 4.721895178249316174e-04 4.733108632608723520e-04 4.856175107105005647e-04 4.533562451819752280e-04 4.549042358226322623e-04
4.521203779735435513e-04 4.672087141160639065e-04 4.704843425436685774e-04 4.739622787158165123e-04 4.745634067346197831e-04 4.704203401566156963e-04 4.596917872344507237e-04 4.622613283918900677e-04 4.731486740819080259e-04 4.499320296404535043e-04 4.716481101874245275e-04 4.763184380589212657e-04 4.364595264303240186e-04 4.583801200505701647e-04 4.656611395010330930e-04 4.712788436443263781e-04 4.588438649423830272e-04 4.512370953920124888e-04 4.382008288151979770e-04 4.553283396034141445e-04 4.417368382672352215e-04 4.395664513451580380e-04 4.734215145195798478e-04 4.472321219865620090e-04 4.568837338097942835e-04 4.674071661630719958e-04 4.467757957772027638e-04 4.629104136126786372e-04 4.525305766466919096e-04 4.615271666247064788e-04 4.473308379127258726e-04 4.458932960756074935e-04 4.724003758216605659e-04 4.733584906339768634e-04 4.641855834599815976e-04 4.591272000997501210e-04 4.478628913640349805e-04
4.390907309964048994e-04 4.487258546999498910e-04 4.531705831444496932e-04 4.510165362043505534e-04 4.563154900364591081e-04 4.550263795887180733e-04 4.707117072186531737e-04 4.733788434591329887e-04 4.756333766189506439e-04 4.470906386871305034e-04 4.390262853782186362e-04 4.419148719577006075e-04 4.240189557766887150e-04 4.477791312974916337e-04 4.637670324875742289e-04 4.722640928452799297e-04 4.579383631953727759e-04 4.720840955887340329e-04 4.433332903938958522e-04 4.442956402376570940e-04 4.656862788675306705e-04 4.491326436355049011e-04 4.743091762462877618e-04 4.549246114631451962e-04 4.380196723067924808e-04 4.515341412437498948e-04 4.766796215198105331e-04 4.542634528973724887e-04 4.572412542168014676e-04 4.422887505028829758e-04 4.612434267252033654e-04 4.377827637098700335e-04 4.626076976238834362e-04 4.678819450595146016e-04 4.499024052331557504e-04 4.450544585164740953e-04 4.506008620097453243e-04
4.543856401428875038e-04 4.444106769139958939e-04 4.545994697659946340e-04 4.391520909488997237e-04 4.641874743763466007e-04 4.432341980329396885e-04 4.429130270275078015e-04 4.662068725900161818e-04 4.722510069375518535e-04 4.711935767359090436e-04 4.522899226653117537e-04 4.300748472163113908e-04 4.561352159385092977e-04 4.547835280994674215e-04 4.372649469288332849e-04 4.671049536689382315e-04 4.553223868665871887e-04 4.621034566685777397e-04 4.638448312585154577e-04 4.551826537880418726e-04 4.466168862731996806e-04 4.586004506462221415e-04 4.713760614383336088e-04 4.645848450290980557e-04 4.622397161513283202e-04 4.412333491665174990e-04 4.399345888198819650e-04 4.515444891433593468e-04 4.655004425724858057e-04 4.491388035239557821e-04 4.418073527479155198e-04 4.586456238462898773e-04 4.583658916181098221e-04 4.516496214399472837e-04 4.451878673232332988e-04 4.570569647184939558e-04 4.246008948358287200e-04
4.404999191879421360e-04 4.376960160199662290e-04 4.540773274413160824e-04 4.453334592930357464e-04 4.428075449349995539e-04 4.399680421964297268e-04 4.750686729135784143e-04 4.476660921228838041e-04 4.848824294560978099e-04 4.682656874535039973e-04 4.333181292762048947e-04 4.659066327187490111e-04 4.490355038668801578e-04 4.593800247045419158e-04 4.544540344589744342e-04 4.548758399319846255e-04 4.662197469107594002e-04 4.700390269856210982e-04 4.652211253949424053e-04 4.541918020175572408e-04 4.604262655254343756e-04 4.687804441927207128e-04 4.744646149602212170e-04 4.650744668401610919e-04 4.641774092547441594e-04 4.609087143123279280e-04 4.575431347492534559e-04 4.335158008775246569e-04 4.216509735434706418e-04 4.497682689920002447e-04 4.505418726292691862e-04 4.656189777922542820e-04 4.537041683417532755e-04 4.423323337206951545e-04 4.682569684824172663e-04 4.372638298994484967e-04 4.440506557434444404e-04
4.404318090866057899e-04 4.525767379022580666e-04 4.471242451631449091e-04 4.293161944924337760e-04 4.492040005478736809e-04 4.600929486979016486e-04 4.630481012813610401e-04 4.610830327236866517e-04 4.717541351404737457e-04 4.624044173958625288e-04 4.485662980950401489e-04 4.581002885248396214e-04 4.428378456966558410e-04 4.532823057584647723e-04 4.422704727949698742e-04 4.625151460750855526e-04 4.787414311225405834e-04 4.707490017295553708e-04 4.758739779449787702e-04 4.724040785518018350e-04 4.708137162625160342e-04 4.660957133781745958e-04 4.559142966240304316e-04 4.498990309519830251e-04 4.448950903902820124e-04 4.398423395850878815e-04 4.396308316934170344e-04 4.383983727673317044e-04 4.279627374394924934e-04 4.763248368011493441e-04 4.462050787739866024e-04 4.265706981108079079e-04 4.331470753395295285e-04 4.502684874693537614e-04 4.496104581066441173e-04 4.369486887449641559e-04 4.598465017231125203e-04
4.609467936468308186e-04 4.484738603910553992e-04 4.495515959925780089e-04 4.561183819277229404e-04 4.635135587006914294e-04 4.460778027331150242e-04 4.653860011250199780e-04 4.685343745677450901e-04 4.734094906813084039e-04 4.563928931718647195e-04 4.392778219529444713e-04 4.763526710782722525e-04 4.468800781029111054e-04 4.520651732728771417e-04 4.600855863204351254e-04 4.733691328255910350e-04 4.678227250948644757e-04 4.653644769108031785e-04 4.514806794265263591e-04 4.471926128963562360e-04 4.440467501722916602e-04 4.468121500003543046e-04 4.389051449339432783e-04 4.444418895784568052e-04 4.601250048867113461e-04 4.575406488526446145e-04 4.672003715914545730e-04 4.473397476601007083e-04 4.605784209058578636e-04 4.592574572323413688e-04 4.431333588732499790e-04 4.501386001650684596e-04 4.481388202069801858e-04 4.436282349144182692e-04 4.519262294095008456e-04 4.460419990696945893e-04 4.644045460584683748e-04
4.583199893945383036e-04 4.509984985713547546e-04 4.635490613953280065e-04 4.367159955668710849e-04 4.352867444647755854e-04 4.412512900108306519e-04 4.693556931836880973e-04 4.603803706324487025e-04 4.683457508265551203e-04 4.717176193794986685e-04 4.451760161973577806e-04 4.471048950182603858e-04 4.408858659551836089e-04 4.557783661881738583e-04 4.723126973710001534e-04 4.673230651671101635e-04 4.493100097469697441e-04 4.390778371106084902e-04 4.383684306199049836e-04 4.515837596097858550e-04 4.428676384562630101e-04 4.311966540362426005e-04 4.404916933531282698e-04 4.667976617943778400e-04 4.512495319645409148e-04 4.648314257683459493e-04 4.666536883023338902e-04 4.389547602617996673e-04 4.559613008251851363e-04 4.536650134257549341e-04 4.509973993506130358e-04 4.633281990320066348e-04 4.585826701606677039e-04 4.476458334059135497e-04 4.488632978222551135e-04 4.551758730418260530e-04 4.659582916842653234e-04
4.466303126336445563e-04 4.696801867196464609e-04 4.564481961156673573e-04 4.259006413262779976e-04 4.378519326721727893e-04 4.495324253759898489e-04 4.469085128212375532e-04 4.550122391963944352e-04 4.600318678053003985e-04 4.708711929452035817e-04 4.498987958673811207e-04 4.451790434495701962e-04 4.489141353484577750e-04 4.669447238773991103e-04 4.681747820164135600e-04 4.557468089540261990e-04 4.477518068315085894e-04 4.573480751525638589e-04 4.503408178270581108e-04 4.640218081095808336e-04 4.411505785152200119e-04 4.609693863160052108e-04 4.505833166905426649e-04 4.440475878099042523e-04 4.659702477489266383e-04 4.519673030003521896e-04 4.587799343353351545e-04 4.639527985489216009e-04 4.385311240491885981e-04 4.537325403814848244e-04 4.513190899196991754e-04 4.693951354142510482e-04 4.669885917475477674e-04 4.532102246676697282e-04 4.701919026383123592e-04 4.516441861539707793e-04 4.672218221066884751e-04
4.600502652093922500e-04 4.594347339081159671e-04 4.442470380380350060e-04 4.532829354562836711e-04 4.652668027688594034e-04 4.567212007212039741e-04 4.613777337962421507e-04 4.735672201600993943e-04 4.693385852994080864e-04 4.596320053528989169e-04 4.701241542653895661e-04 4.369156721300285684e-04 4.643120449906511064e-04 4.707232888351122802e-04 4.806465803790351877e-04 4.596281322434554012e-04 4.526505757623254284e-04 4.518629179050256202e-04 4.382580359380861294e-04 4.549174804774398393e-04 4.546747340535737484e-04 4.607794431168020684e-04 4.470987600539421953e-04 4.666334773534099901e-04 4.565822463380784352e-04 4.405272656521594691e-04 4.613915951639685248e-04 4.401406794323797127e-04 4.249555303112996204e-04 4.396849066891747766e-04 4.702448552623120139e-04 4.444173941700483373e-04 4.679209627157179959e-04 4.531880975494170425e-04 4.547242796973984804e-04 4.522684078240140075e-04 4.711800206957373585e-04
4.686120450591216139e-04 4.532345249305597991e-04 4.576435139475071474e-04 4.315793829596519145e-04 4.475891670914260091e-04 4.641576945475942777e-04 4.599100883194397128e-04 4.683053179045726985e-04 4.793516102341786032e-04 4.615289316554584045e-04 4.400709581510846573e-04 4.470287675023638854e-04 4.706443565885321824e-04 4.759491374181894371e-04 4.715044855946971336e-04 4.738412480976649899e-04 4.620691813026127446e-04 4.446115161847498127e-04 4.586196200302988671e-04 4.520435068764600299e-04 4.686628569186605483e-04 4.726669867340343285e-04 4.676015920415578118e-04 4.509501741286476824e-04 4.500032899014184983e-04 4.461375480619233060e-04 4.566367358767076156e-04 4.430629898356266386e-04 4.467576969593252596e-04 4.438477312078454467e-04 4.621869460232141480e-04 4.513037706025557912e-04 4.446370063479164469e-04 4.665139837733414327e-04 4.718349335654998850e-04 4.671616067007029771e-04 4.556210035869693925e-04
4.533333377321823810e-04 4.569638954756857449e-04 4.484528556463276711e-04 4.449991140511498308e-04 4.500031492605888412e-04 4.580419415065080250e-04 4.394414916093821594e-04 4.469631887455722142e-04 4.678371072559891109e-04 4.652357249173155610e-04 4.577538078116999984e-04 4.675405201532164103e-04 4.688178419813299885e-04 4.493410953698027325e-04 4.777918748986896623e-04 4.708717691161306315e-04 4.514246940548844399e-04 4.682360823079050331e-04 4.523645992285901633e-04 4.500930517374761080e-04 4.723360597550129076e-04 4.736618500393792214e-04 4.686716472541793839e-04 4.456507062307260981e-04 4.609642367691842418e-04 4.677208021808129060e-04 4.430628083806476122e-04 4.450336917029631425e-04 4.594698016943441041e-04 4.456283593580993721e-04 4.436025220677382959e-04 4.508979163977287134e-04 4.498267660884954422e-04 4.544091144612238844e-04 4.697582842662525429e-04 4.583790587312790328e-04 4.507175644849252755e-04
