output_new_topo_ddd_3/finaltopo_topographic__elevation.asc
ncols 300
nrows 100
xllcorner 0.0
yllcorner 0.0
cellsize 10.0
[rows 0 to 16 of 100, columns 74 to 110 of 300]
7.504835354397938474e-01 3.397318940619472594e-01 1.513984165773037960e-01 4.963477843960010238e-01 6.248587500953962648e-01 5.066861315602888549e-02 4.710530244131955202e-01 6.611061200058170328e-01 4.736297282361429106e-01 7.308080587489442781e-01 6.918229599221342729e-01 5.998739012971299189e-01 9.056475826881167368e-01 5.321874077777164480e-01 8.264815627366921547e-01 1.380938655743433330e-01 3.349531393486392394e-01 8.562284040561054521e-01 6.981814337801018899e-01 1.940455232730031732e-01 5.786939235493344658e-01 1.037428515948500829e-01 4.516863095671043160e-01 1.524504341872094937e-01 1.812828450199052144e-01 2.177545068047727073e-01 9.249187130603481188e-01 2.608988208981393164e-01 8.577088295973425147e-01 1.227816723005819011e-01 3.875499561352867550e-01 4.934745114502803176e-01 3.254404413201504864e-01 7.312439048140465525e-01 4.696858419594005518e-01 1.868254545250531695e-01 9.798271131463021089e-02
2.574145344722128925e+02 2.592187868538535440e+02 2.715061480687429594e+02 2.605370899422652542e+02 2.391902563397340202e+02 2.224373107820710231e+02 2.094833050901227409e+02 2.132687949073802258e+02 2.118209218004482182e+02 2.124332554875982453e+02 2.436770135670232094e+02 2.310151007658176354e+02 2.167380598273652481e+02 2.283323095576732840e+02 2.268136463709645341e+02 2.123959799746488102e+02 2.102918092229982676e+02 2.081895600035733196e+02 2.095418461377600750e+02 2.431060142494405056e+02 2.374368791375115961e+02 2.226540262843400910e+02 2.230341774098415328e+02 2.083073694360384707e+02 1.960366365897818639e+02 2.065809122943379919e+02 2.069923461444348618e+02 2.204520629643616871e+02 2.201305053290295746e+02 2.075019176284431239e+02 2.111461452010989319e+02 2.237985314243124151e+02 2.262592358155763179e+02 2.151028015119795214e+02 2.206721764233966780e+02 2.283112886189373114e+02 2.308828555011594403e+02
2.321927109712618460e+02 2.228008086316937977e+02 2.575179754381674115e+02 2.466895693261018607e+02 2.085615204148672603e+02 1.875635188267982301e+02 1.720682010620788276e+02 1.791759813426794494e+02 1.766086520287716439e+02 2.107849839095186439e+02 2.309308136685179420e+02 2.135315961517659673e+02 1.778800758962603368e+02 2.108866678863167294e+02 2.120799227858048539e+02 1.756124612075549578e+02 1.754048500591508741e+02 1.727569173521921471e+02 2.097806819987729057e+02 2.398401495434179083e+02 2.223026131407006005e+02 1.854254568901025664e+02 1.917223672867749542e+02 1.765208137101081718e+02 1.577299639358660102e+02 1.798612563623176470e+02 1.701169440974580596e+02 2.032471680292207168e+02 2.000899395497831676e+02 1.701536393117973489e+02 1.749294996146314247e+02 1.972808672629210207e+02 2.017686319479633710e+02 1.777085990044027994e+02 1.854769175364083651e+02 1.941416490016644048e+02 2.285118914614431560e+02
1.984509768467574418e+02 2.182872314045586108e+02 2.533998423907502797e+02 2.435367677972622573e+02 2.197527983101619782e+02 2.028499603688167952e+02 1.883110272692101148e+02 1.551046450556225409e+02 1.861077561774524725e+02 1.845352972643505325e+02 2.091697028620097001e+02 1.972687202297754254e+02 1.598941467133625451e+02 1.969092409931348300e+02 2.087699471106556075e+02 1.844993503795978995e+02 1.507086818597684044e+02 1.844945932581846932e+02 1.968886561146160830e+02 2.217883170145975953e+02 2.076177335453262174e+02 1.693647177145479077e+02 1.555781825419604161e+02 1.717255613649656993e+02 1.406225398658129677e+02 1.457176404753398629e+02 1.685844236885079397e+02 1.764390065593156578e+02 1.766235647502525126e+02 1.496201353168085859e+02 1.551883948071656789e+02 1.611772871239757023e+02 1.674640489080271379e+02 2.020165959059309273e+02 2.210971635207292536e+02 2.288644057393838125e+02 2.110263584846784681e+02
2.306407119010373492e+02 2.491067829589682958e+02 2.614636774307577411e+02 2.314817589513621670e+02 1.911465701106945403e+02 1.697552327604965114e+02 1.785470654868599354e+02 1.475372406640223062e+02 1.698730458784092434e+02 1.589911717616278111e+02 1.933065089484029784e+02 1.852345988741149938e+02 1.488146194155367539e+02 1.856438201068879721e+02 1.965516391222186030e+02 1.618784562712172885e+02 1.420401266650151513e+02 1.763949493713134586e+02 1.732832709613861937e+02 2.058423750095693094e+02 2.012412878004333550e+02 1.747339225173447801e+02 1.401870800009578772e+02 1.562020160179161223e+02 1.293600599703206910e+02 1.324038004635501409e+02 1.355790966692596271e+02 1.388515261448821718e+02 1.422009857504698971e+02 1.722626381318893038e+02 1.841105092505686116e+02 1.908857167835832627e+02 2.006205067336870798e+02 2.044400935056389983e+02 2.378465045736101331e+02 2.548782921065920846e+02 2.503363999596031420e+02
2.239088466077016903e+02 2.578879000599643518e+02 2.508464039219793733e+02 2.284113425724233650e+02 2.074589121887900660e+02 1.832290496223953369e+02 1.499897814618968255e+02 1.435694252584151229e+02 1.375030823269904943e+02 1.642023324779923144e+02 1.812934606175254828e+02 1.751191497217566280e+02 1.393314204960592519e+02 1.763067025980959386e+02 1.941018441352973127e+02 1.704471972240648938e+02 1.347638487812648975e+02 1.678912105783797415e+02 1.567736858187793132e+02 1.912233518060775737e+02 1.863304003822192385e+02 1.507313681970602204e+02 1.511684466024761377e+02 1.251883329259916309e+02 1.551761467991971983e+02 1.655658420881839845e+02 1.607364422942642932e+02 1.756328131558744872e+02 1.757831462959749445e+02 1.485833986974249683e+02 1.539841842055602399e+02 1.597527401432444094e+02 1.943945927671508116e+02 2.127436341018407404e+02 2.282756071396349284e+02 2.441869715923156150e+02 2.615117919781775981e+02
2.615214707821584170e+02 2.681715687259671199e+02 2.371083695368504038e+02 1.976709345819849375e+02 1.767184091033864775e+02 1.614933929945497653e+02 1.840484725907294319e+02 1.781310038525872983e+02 1.629770278669078891e+02 1.313542045168101424e+02 1.601538725010069015e+02 1.646016853656913668e+02 1.309031961756839451e+02 1.648191759626235466e+02 1.646270328107538035e+02 1.630164931683702036e+02 1.279861568719867790e+02 1.583048104478282028e+02 1.446982479304756737e+02 1.784859500457420438e+02 1.712129099710624018e+02 1.513805219270468854e+02 1.214807405101616240e+02 1.525865729896155187e+02 1.349019913281631204e+02 1.690129947505923553e+02 1.913230270740012315e+02 2.051362487824605410e+02 1.934363130154586372e+02 1.572662756530797310e+02 1.844067542033244536e+02 1.921945774179555428e+02 1.685982521019869296e+02 1.793841697089817160e+02 1.919015615970948261e+02 2.097340533333044732e+02 2.497528616708460731e+02
2.700961723042019003e+02 2.600107677087934803e+02 2.251639895268295675e+02 1.996272089144448785e+02 1.792210787106111809e+02 1.985949786529158700e+02 2.074679464403902784e+02 1.851491744677234408e+02 1.496386825101778584e+02 1.583919981125364700e+02 1.256833648488456561e+02 1.500936229237458690e+02 1.233124876072861298e+02 1.463624487181649272e+02 1.411937978789343617e+02 1.548417338711255127e+02 1.216854837476786741e+02 1.294058689094738952e+02 1.606149213875436033e+02 1.653954822483464682e+02 1.500348752252795066e+02 1.178495239487180299e+02 1.496300118960252803e+02 1.700056639220800605e+02 1.693907670656165863e+02 1.454205899763592242e+02 1.814721688549558962e+02 2.045437019854837217e+02 2.085286026251927183e+02 1.942003409692775335e+02 1.718534893092421783e+02 2.062066593154695511e+02 2.032979934909203905e+02 1.799454815562369276e+02 1.996470752772023047e+02 2.363679781627676562e+02 2.595590445155217481e+02
2.564940902531413940e+02 2.424045480828953032e+02 2.247584623624553899e+02 2.256526505229938380e+02 2.166911645960215083e+02 2.257096497899341045e+02 2.127642971990282206e+02 1.749237428573292163e+02 1.845414401508535889e+02 1.777518799513567842e+02 1.563759586315128729e+02 1.201805555536950720e+02 1.164794025309352321e+02 1.128849059440584455e+02 1.405206482316870904e+02 1.483154643475736805e+02 1.156824063294788516e+02 1.464041235237113767e+02 1.455938926754818965e+02 1.446857919189476149e+02 1.143412233315976891e+02 1.432463391636457857e+02 1.347638344001360906e+02 1.701882234215811422e+02 1.908060640453380756e+02 1.812255696838747099e+02 1.575927637838310034e+02 1.781794060748875665e+02 2.145092717240193565e+02 2.167357287614691757e+02 1.833194008505864190e+02 2.191394646097487851e+02 2.227600313384388642e+02 1.892817843946458822e+02 2.150757429453837801e+02 2.521595301078636737e+02 2.698850985084904437e+02
2.426021512635078352e+02 2.192991815844659129e+02 1.868610273448198313e+02 2.146803332778887068e+02 2.165406778287070040e+02 2.281299606465564409e+02 2.253188208734065938e+02 2.108434208101160721e+02 2.014780545274381325e+02 1.881117113645536278e+02 1.734963904046003904e+02 1.593459624024287677e+02 1.529570129951209765e+02 1.325629616639808717e+02 1.083785760500211239e+02 1.340675818837763984e+02 1.108065219631928215e+02 1.348638285107978447e+02 1.086113927731850026e+02 1.109471471796256310e+02 1.410278625321477648e+02 1.335313269940473333e+02 1.631479526748434523e+02 1.543284444987601489e+02 1.909712229271284230e+02 2.029972179640408854e+02 1.711498769879680992e+02 1.935900636852021535e+02 2.279536981779876044e+02 2.313017109916121683e+02 2.040599691505402404e+02 2.345053215314258352e+02 2.359318433630121206e+02 2.010303301121958270e+02 2.389365125957644693e+02 2.664161897179104130e+02 2.758597997483536233e+02
2.276772519676196396e+02 1.888525863991071105e+02 1.650753552874520267e+02 1.962217599698410879e+02 1.801995130018017335e+02 2.043872870917069804e+02 2.188344813586302280e+02 2.123934391024484114e+02 1.755789702433107777e+02 1.549254337317553620e+02 1.714814546225337040e+02 1.814849521211274919e+02 1.786529570580469510e+02 1.599590996459309622e+02 1.378534272458762757e+02 1.039537919299320947e+02 1.284039553281799044e+02 1.053179703503639217e+02 1.391787113864969854e+02 1.474399625407211261e+02 1.409015153917938505e+02 1.674078086279770048e+02 1.625000984974603568e+02 1.783300362083488153e+02 1.912770037528364355e+02 2.172305926968608674e+02 1.919707863705438626e+02 2.222016807696209355e+02 2.398153880125075830e+02 2.359598090207222185e+02 2.385160635877753066e+02 2.518755829046039025e+02 2.504712624214219829e+02 2.223204592898716783e+02 2.551002024220281896e+02 2.726476414716258887e+02 2.586923660922188901e+02
2.144164530418751440e+02 1.725984940251642854e+02 1.510509899967284468e+02 1.716440381469356566e+02 1.597828934393216684e+02 1.675163016646652920e+02 2.061362573756863128e+02 2.206305186652071484e+02 2.014723803625655876e+02 1.733578833036067408e+02 1.373038034897708144e+02 1.597066687093880262e+02 1.721099971641426407e+02 1.659802551457324000e+02 1.375662317564396062e+02 1.013927018199762102e+02 1.020586445840921357e+02 1.352169513520711064e+02 1.539323483465630886e+02 1.746506760778362093e+02 1.782420486915700621e+02 1.912510004767667908e+02 1.986778736013035029e+02 2.107910035005573945e+02 2.225957227438415771e+02 2.349048583302085831e+02 2.288586897126413362e+02 2.372171490189958547e+02 2.254820353467037535e+02 2.008234012653309151e+02 2.248686091298696113e+02 2.429221722790607032e+02 2.572121229151628086e+02 2.590436331677555017e+02 2.717623546171021189e+02 2.645529933313484321e+02 2.259381833574076381e+02
2.209382078950957293e+02 1.942682480240976588e+02 1.617933471942273798e+02 1.380274830752130697e+02 1.428075592106454224e+02 1.683527313061354107e+02 2.045457192104125284e+02 2.097117859503877071e+02 1.902962157770725184e+02 1.725517918051074275e+02 1.567954443164064458e+02 1.233221098030801244e+02 1.471432945713057734e+02 1.519990946508207230e+02 1.184565503164902083e+02 9.887599032732192939e+01 1.274145816746552811e+02 1.341944522484680817e+02 1.297652563383423114e+02 1.651158642041309577e+02 1.854778677488682490e+02 1.896967378318596218e+02 2.028254121117735167e+02 2.050399862155256301e+02 1.973286232592047327e+02 2.117826696511274349e+02 2.285586190156788007e+02 2.203428281488747871e+02 2.029072983534895513e+02 1.730848192707168494e+02 1.925388201254094156e+02 2.073771190235356130e+02 2.434422808431820329e+02 2.603350921256106858e+02 2.738367323166216920e+02 2.744348152023576972e+02 2.585786644417813704e+02
2.006727416590084943e+02 1.717935632063971241e+02 1.644612151040797414e+02 1.301750870694397975e+02 1.633554370870059813e+02 1.761017961425594081e+02 2.064914589327998158e+02 1.969188069873009397e+02 1.584126956196577112e+02 1.371371780044559330e+02 1.502766420122673026e+02 1.434008821659625426e+02 1.114183695605618851e+02 1.337852188350678091e+02 1.262640744198341025e+02 9.721547857115433544e+01 9.899565641593889609e+01 1.007955586988263121e+02 1.323355545700603102e+02 1.398079077738543958e+02 1.585202700013068693e+02 1.532346436537824843e+02 1.839776504809457265e+02 1.750059587169246811e+02 1.555274337193650354e+02 1.820136228011723176e+02 2.068893885362343212e+02 1.977873652507794588e+02 1.663587282872645972e+02 1.576054439574111825e+02 1.694450818067172122e+02 1.906645319464551278e+02 2.284015419103737088e+02 2.261523802567434700e+02 2.471793716689587939e+02 2.623202900942037559e+02 2.734313436355948852e+02
1.718783239119715631e+02 1.464146235604000310e+02 1.555230617267407354e+02 1.246172553699982615e+02 1.594838726343842552e+02 1.697838995096005021e+02 1.863097579626996207e+02 1.993857195921577272e+02 1.754579412241422176e+02 1.378034210624972502e+02 1.173435587881339472e+02 1.362715971123179770e+02 1.318051692820581593e+02 1.006003999494674019e+02 9.548522327224173978e+01 1.270095805661426027e+02 1.355880565873921171e+02 1.344059268504597071e+02 1.034097482705620052e+02 1.338449738694792757e+02 1.233708806227774915e+02 1.547238792340436930e+02 1.581153057294953044e+02 1.373388211669157499e+02 1.730002389275248902e+02 1.957927334625103128e+02 1.738180735010499802e+02 1.718600974689786085e+02 1.460565261386185796e+02 1.812482853620822425e+02 2.049553172035722071e+02 2.218323656481440480e+02 2.344733283796039984e+02 2.065579567136158801e+02 2.093170108006056864e+02 2.352266623637151497e+02 2.538289254386083371e+02
1.507681933545796085e+02 1.380991236388479990e+02 1.271571402677748210e+02 1.193270881753026629e+02 1.449183628265870425e+02 1.329674516435127885e+02 1.534252547161563314e+02 1.900258969851809070e+02 1.885952992040326137e+02 1.677870851952449982e+02 1.407432886031537009e+02 1.037460748115082367e+02 1.218973705239638292e+02 9.375283494711749199e+01 1.238890617429341887e+02 1.239778583521457591e+02 1.574660765245888570e+02 1.545655524277573534e+02 1.355485024092685364e+02 1.060391104499414325e+02 1.079060927783391293e+02 1.388705857379745225e+02 1.230828771591641981e+02 1.567623481202884932e+02 1.755463094364600920e+02 1.789038524785590312e+02 1.631510738130637890e+02 1.365383626253773173e+02 1.701583368552221032e+02 1.828572121388051812e+02 2.158311175738124632e+02 2.367674949392357462e+02 2.270118923680515195e+02 1.897015417519930907e+02 1.888998104624867551e+02 1.971790298268163895e+02 2.345176184224063718e+02
1.881634537233025242e+02 1.745002686112036940e+02 1.600345981935310533e+02 1.442979388708916986e+02 1.132119068298298856e+02 1.461077005345034934e+02 1.625112215500859918e+02 1.941294488614631462e+02 1.920240903941417230e+02 1.734888092848300403e+02 1.516733237404196473e+02 1.264905827858377307e+02 9.205501431012285707e+01 1.226882350719597952e+02 1.183472741840702156e+02 1.429924168848275485e+02 1.725387299016996394e+02 1.629612302166783309e+02 1.255878639761440496e+02 1.399301558045852971e+02 1.368978603979923889e+02 1.106082575997642863e+02 1.406184486641653280e+02 1.495563979453168031e+02 1.432508012484611584e+02 1.537738640073088732e+02 1.281708940452517709e+02 1.623810139162278290e+02 1.720673809016424798e+02 2.009198047219714169e+02 1.936785068462785375e+02 2.207455986008438629e+02 2.270514791023439614e+02 2.045933827365288664e+02 1.720214275192971911e+02 2.036543424227515970e+02 2.175548667616304783e+02
