output_new_topo_ddd_3/finaltopo_topographic__steepest_slope.asc
ncols 300
nrows 100
xllcorner 0.0
yllcorner 0.0
cellsize 10.0
[rows 0 to 16 of 100, columns 0 to 36 of 300]
0.000000000000000000e+00 0.000000000000000000e+00 0.000000000000000000e+00 0.000000000000000000e+00 0.000000000000000000e+00 0.000000000000000000e+00 0.000000000000000000e+00 0.000000000000000000e+00 0.000000000000000000e+00 0.000000000000000000e+00 0.000000000000000000e+00 0.000000000000000000e+00 0.000000000000000000e+00 0.000000000000000000e+00 0.000000000000000000e+00 0.000000000000000000e+00 0.000000000000000000e+00 0.000000000000000000e+00 0.000000000000000000e+00 0.000000000000000000e+00 0.000000000000000000e+00 0.000000000000000000e+00 0.000000000000000000e+00 0.000000000000000000e+00 0.000000000000000000e+00 0.000000000000000000e+00 0.000000000000000000e+00 0.000000000000000000e+00 0.000000000000000000e+00 0.000000000000000000e+00 0.000000000000000000e+00 0.000000000000000000e+00 0.000000000000000000e+00 0.000000000000000000e+00 0.000000000000000000e+00 0.000000000000000000e+00 0.000000000000000000e+00
0.000000000000000000e+00 3.596535771854334929e+00 3.633957513559130437e+00 3.563048357992439907e+00 3.843986823286456911e+00 3.559634198324719723e+00 3.520654914885763986e+00 3.655744294752523160e+00 3.700215653527592963e+00 3.498022729752599425e+00 3.665060442772627880e+00 3.651211651670287051e+00 3.386878910095089790e+00 3.616437031603634722e+00 3.859742999825030552e+00 3.591523196747822499e+00 3.459816397285557343e+00 3.164434715920421137e+00 3.871454576240630718e+00 3.634227480195865390e+00 3.578826348664881696e+00 3.804475015298518947e+00 3.517893491858238519e+00 3.440371515813311021e+00 3.309866245162655485e+00 3.814925316423750878e+00 3.646760403918235305e+00 3.455723345682251590e+00 3.611399356014175499e+00 3.853136358175748732e+00 3.560637448623875656e+00 3.413778165390127128e+00 3.417213694473298258e+00 3.532105777873900898e+00 3.677363731542001801e+00 3.458588207005186543e+00 3.730362262776111493e+00
0.000000000000000000e+00 3.671769748517939913e+00 1.757723854580794276e+00 3.318347834780297489e+00 1.755586593628160497e+00 3.451252708198755403e+00 3.582741985653933092e+00 2.019986500828701903e+00 2.016587269534022564e+00 3.371579235653064277e+00 1.786149686812990689e+00 3.610835735292658999e+00 3.305288436341575764e+00 2.630135465344948464e+00 1.720532138364910590e+00 2.498626733930668475e+00 2.498091453203615586e+00 3.380090824783939407e+00 4.114072989074765374e+00 1.815961828670603406e+00 1.180198725871360876e+00 9.991814262999288987e-01 3.583168963399154361e+00 2.567858755697325357e+00 3.637387375543656098e+00 1.546144063175702410e+00 3.657475466929389629e+00 3.608537909129563737e+00 2.578318220942317218e+00 1.726882888476836797e+00 3.586331273664231212e+00 2.690782515120148766e+00 3.402937306195850109e+00 2.568042295721126411e+00 1.990091613677569260e+00 2.433751410857621700e+00 1.376128873522345586e+00
0.000000000000000000e+00 3.501845449356227213e+00 2.471678251330160947e+00 1.144912991922006906e+00 8.538525168626457384e-01 3.594513877183016071e+00 3.357955779953388120e+00 1.483493505987445449e+00 8.891641937490319947e-01 1.095589341655016868e+00 3.699577073084233891e+00 3.376350809554852894e+00 2.566498966428520045e+00 3.360769157081156866e+00 1.019127416020833676e+00 1.915261950435424687e+00 2.025340775079295774e+00 3.664894510089115265e+00 3.554004012967979520e+00 3.531070427724775751e+00 3.564284753477281242e+00 2.006246667877607415e+00 7.545343895143241664e-01 3.189158028585086235e+00 1.180505227111874778e+00 3.251948768319073313e+00 3.474548788309372860e+00 3.899440334363276861e+00 1.734822790542878579e+00 9.292613152592833492e-01 1.743436828924190163e+00 3.589302183267381707e+00 3.593221316006349753e+00 1.675430536871121534e+00 9.520794460109269775e-01 1.080123722385792462e+00 2.403452893167418836e+00
0.000000000000000000e+00 3.647899970811619319e+00 2.007758582970393668e+00 1.473516457088229092e+00 1.121646802587304093e+00 6.583362012949194320e-01 3.109618327758243872e+00 6.927553875016542184e-01 3.312776144672463285e+00 3.313082965412334602e+00 3.440480999841310616e+00 3.668156392254884324e+00 1.728633866497492066e+00 3.199185631331062041e+00 8.126523485183042572e-01 1.501629797001597044e+00 3.557816571545200368e+00 3.316819352193282278e+00 3.586124151680023076e+00 3.594850225654312226e+00 3.578062513858608185e+00 3.672596686369512753e+00 3.687025537635952421e+00 5.869666022428906560e-01 3.070543760318074078e+00 2.120306453685643966e+00 3.802081900620314148e+00 3.370754302060410712e+00 3.367301466287805578e+00 3.468406755605924818e+00 7.234106297407422170e-01 3.914844548411549940e+00 3.033651776141278233e+00 3.283642465926697174e+00 3.370899034146256579e+00 6.291969299823293449e-01 3.440380850551383762e+00
0.000000000000000000e+00 3.316005422466512087e+00 3.434687108540457778e+00 3.451387219429504327e+00 3.401689345765086525e+00 3.534589375722885229e+00 6.033524868461558333e-01 6.359460391392985912e-01 2.551655216178991825e+00 3.415810765825821882e+00 3.210664018414898013e+00 3.988654590908470077e+00 1.296672872584534009e+00 3.210856347793759280e+00 6.799199747431291518e-01 3.169736251477849098e+00 1.965295601897950384e+00 3.450423009288431153e+00 3.748084325109498849e+00 2.118653653179251251e+00 3.421064105732591454e+00 3.097081470963230387e+00 3.589644797259207820e+00 3.410301200716048697e+00 5.220122835590487176e-01 3.553508661389753520e+00 3.580608029727381680e+00 3.355219694310194178e+00 3.412550598334849195e+00 3.680590346526455114e+00 6.710202450324900258e-01 3.684173825723888740e+00 3.532795581137887275e+00 3.608361366257213376e+00 2.689192209865503003e+00 5.890394412653262579e-01 3.260954745262668375e+00
0.000000000000000000e+00 3.804540656547451327e+00 3.846961575239362219e+00 3.521240013184736117e+00 3.605836740169817922e+00 3.281354304504342956e+00 3.364899875433556620e+00 4.229601628199262109e-01 3.259451788942212325e+00 2.015709085278937884e+00 3.361637561381479511e+00 3.371766010352332810e+00 3.341975566830851285e+00 5.532302310706654902e-01 2.814368907949327259e+00 1.233067378538754699e+00 2.513831255531664421e+00 3.121117722154767016e+00 3.776664806186460055e+00 1.171842502451602375e+00 3.493205078407549902e+00 3.603332108516687615e+00 2.424843296250005942e+00 3.455683130366919986e+00 4.814715519821206047e-01 2.045945150463295281e+00 3.752319552676669723e+00 3.400544693380512129e+00 2.565389734958607448e+00 2.385379369950958228e+00 5.853905715286955580e-01 2.042842681388911785e+00 3.742957512540439957e+00 3.336712750295715679e+00 3.224278400429688052e+00 3.266282909714072868e+00 5.123597722187056558e-01
0.000000000000000000e+00 3.690328169632635991e+00 1.782396308109833072e+00 3.386248513164164642e+00 2.024559321150889879e+00 3.625009544599544054e+00 3.402284662122382120e+00 3.950668246588946997e-01 1.517829433500644143e+00 3.617259723933196280e+00 3.413732658931149633e+00 3.653056834458094482e+00 2.439469147461814202e+00 4.649468083654970108e-01 9.764497433121335224e-01 3.713833144422980403e+00 3.119529176521760760e+00 3.458651719868618191e+00 3.709714307726906579e+00 9.849351310480386479e-01 3.499438402702407025e+00 3.810445379787137377e+00 1.696378534778920422e+00 1.894981792395648679e+00 4.543386453726938612e-01 3.551912182848170119e+00 3.259338744655715825e+00 3.499749967755471314e+00 2.020690131057068406e+00 1.219645971980091836e+00 5.658307398261627208e-01 3.408104148604360173e+00 3.363964637366569921e+00 3.521359342462657693e+00 2.638331730994694091e+00 3.328261183375958776e+00 5.003718218243999871e-01
0.000000000000000000e+00 3.752666651382730922e+00 2.071946863755172785e+00 9.932782891254333668e-01 8.938136499035976845e-01 7.689732693457805857e-01 3.048064386085813648e+00 3.937071527556879613e-01 3.648381170046552491e+00 3.137066733989427370e+00 3.632147327866290798e+00 2.508884806048784721e+00 4.387937851300712788e-01 2.433066834608588636e+00 3.526939853153206350e+00 3.529149300536992051e+00 3.611621995911424410e+00 2.647006885714830560e+00 3.328973617919570138e+00 8.638360550884101041e-01 3.644665242473837274e+00 3.178252965466388247e+00 3.857876879036574280e+00 1.238027577965561843e+00 4.138302838654482341e-01 3.345580158736107812e+00 2.588833139169271824e+00 3.527540404763727988e+00 3.093313244960369524e+00 3.682062439031759116e+00 4.996982423291807529e-01 2.448315230697564182e+00 3.653619246439970603e+00 3.470478700582401821e+00 2.011998609600857524e+00 4.647616347578335527e-01 3.039858870127351231e+00
0.000000000000000000e+00 3.619132985961078575e+00 3.733148083663382355e+00 3.654889533587618367e+00 3.240232369594201689e+00 3.207030317001787978e+00 3.394224895677936393e-01 3.234555528167454952e+00 3.164206201546383657e+00 3.606229180724661365e+00 2.466632758997168828e+00 4.143145439583321155e-01 2.480445185836806843e+00 3.578361806865037575e+00 3.104606253695822549e+00 3.527418144952409129e+00 3.723910737016848493e+00 1.576451750896721515e+00 3.306466276269205196e+00 8.114815414703708818e-01 3.525003426809078633e+00 3.309992823099751291e+00 3.549754891040380667e+00 3.521451417102967607e+00 4.023204934293109769e-01 3.072466488000151319e+00 1.738991290026646652e+00 3.524212008820819531e+00 3.564844872545860799e+00 3.382242779684741407e+00 3.501539469686380635e+00 4.712878024293349899e-01 3.608248468720518076e+00 3.621184617134199701e+00 3.337116330616701543e+00 3.065593325376708922e+00 2.860911829854170252e-01
0.000000000000000000e+00 3.494149166578485399e+00 3.358198013036968632e+00 3.463955981635322701e+00 2.657718387548984929e+00 1.743296785965984030e+00 3.262802550253394163e-01 3.234406494251135022e+00 3.736451591229747571e+00 3.438239269972307000e+00 3.975951380732631324e-01 3.567967682465287282e+00 3.694292050654822912e+00 3.196551647744328317e+00 3.789862043229900390e+00 2.758341052719873510e+00 3.354364517768419596e+00 3.635518475285832274e+00 6.554455941860002355e-01 3.032908889749742709e+00 2.071088141366336011e+00 3.531253571291228077e+00 3.841688299413583252e+00 1.753593067692285068e+00 3.238339300336069648e+00 3.611585155854840079e-01 3.493049717143488775e-01 3.275638641897147263e+00 2.687534200855458355e+00 3.538883810105466932e+00 3.194709249087658964e+00 3.311539001058476206e+00 4.430893007012670637e-01 3.422932504505679763e+00 3.394715486808068672e+00 2.835231914725098168e-01 2.428839701293182607e+00
0.000000000000000000e+00 3.633014463599019361e+00 1.716772750099890832e+00 3.377086877290952138e+00 3.338900299032061980e+00 3.332339092152087900e+00 3.072683135002697075e+00 2.561802229366449413e-01 2.526162626161417291e-01 3.783249091231766781e-01 3.292475879375409420e+00 3.427217889350863356e+00 3.146393994332053801e+00 3.400290096609391632e+00 3.652119817316783035e+00 1.574345358351205038e+00 3.547105159043594913e+00 3.192403750421821229e+00 3.284786354073088610e+00 5.675068780681030711e-01 3.530903458434659026e+00 3.479799840061624128e+00 3.577604730131684896e+00 3.319435870375106568e+00 3.367224682947535630e+00 1.031284567048541545e+00 3.200967538084513730e+00 3.378463608633793802e-01 3.308038163383525410e-01 3.381341254160608489e+00 3.768593347581302933e+00 3.402287180871016226e+00 4.310836957377277567e-01 3.001567906405455233e+00 2.772550952455091200e-01 3.299401323843750511e+00 3.676062424517472671e+00
0.000000000000000000e+00 3.713166466172609148e+00 2.034409439391998919e+00 1.037920716744165528e+00 3.157904502679881098e+00 3.524707167501193616e+00 4.276529231620050386e-01 3.228616023575836103e+00 3.345346783735131169e+00 2.106013572683972379e-01 3.235534269362465132e+00 2.618023535768851495e+00 3.483906623456112683e+00 3.807401231633702032e+00 2.482235417497940855e+00 1.097981605414175110e+00 3.561045300729584362e+00 3.616528046931268392e+00 3.483916317127746076e+00 5.268337440176522612e-01 2.108015572852127484e+00 3.918243228576538506e+00 3.128496680475671976e+00 2.589115422095018548e+00 1.266392650464975400e+00 3.556707288846838733e+00 3.633891821748066686e+00 2.465751286594810576e+00 2.971127328526927069e+00 3.091043548817651865e-01 3.076885113215019896e-01 3.168081152397496769e+00 2.914723081681097394e+00 2.309095982789378110e-01 3.301411455296476838e+00 1.776622922935106708e+00 3.806353554115044169e+00
0.000000000000000000e+00 3.479044578957067646e+00 3.423572882104583659e+00 3.546442977610422709e+00 8.803746310350391013e-01 8.379930839033107315e-01 5.034897576448329470e-01 3.444573875162324050e+00 3.454659709436194159e+00 3.117515366199570703e+00 2.079442861088878769e-01 3.482043890912869699e+00 3.535573704796263428e+00 2.069500750786966048e+00 3.161860208300502961e+00 8.933710684247586631e-01 3.358582413906066044e+00 3.513199013124132186e+00 5.026349357736011880e-01 3.501981307476198513e+00 3.338541670883859336e+00 3.457666509191255955e+00 3.489667208043460533e+00 3.508880824857191882e+00 2.684001045649183848e+00 3.172739789176084901e+00 3.151907262700528900e+00 3.423782266221105708e+00 1.062339789803471213e+00 3.439023111789782483e+00 3.418685023128544831e+00 3.008840299358779835e-01 2.231771357064516736e-01 3.377348739254341758e+00 3.711375741119512739e+00 3.643274656698385350e+00 3.550453703592912902e+00
0.000000000000000000e+00 3.476967371567502241e+00 3.649680761979127830e+00 3.527332222562321817e+00 6.183080173121340284e-01 5.262075821211210647e-01 3.522166437509839820e+00 3.390604782762878688e+00 3.649300641465794026e+00 1.409629636762031124e+00 2.025437069105579801e-01 3.154906993068638421e+00 3.324904243120054836e+00 1.723856257672082282e-01 1.701879310706658488e-01 1.667549970640562207e-01 2.960384191618187888e+00 4.768090309937022542e-01 3.281826870139243901e+00 3.196490831642716302e+00 3.604170601593415402e+00 2.043200625069058418e+00 3.535415188939152742e+00 3.541208894177533484e+00 3.369374944784274906e+00 3.754893676841268846e+00 2.102750812988953832e+00 1.421779844556737560e+00 3.591443275234810439e+00 3.156327441735250705e+00 3.636040047121707364e+00 3.372453857720017822e+00 1.781260547154673302e-01 3.621344519698458164e+00 3.232991978046961368e+00 3.418004359519346114e+00 3.329648927136330983e+00
0.000000000000000000e+00 3.517894413170791434e+00 2.549964909311142947e+00 6.760788686251945068e-01 3.124254978319672027e+00 1.139783632829704629e+00 3.444084919312220272e+00 3.637869856089616771e+00 1.779760863847797303e+00 3.323708099660157789e+00 3.249486082713410440e+00 2.002834780267491455e-01 1.752643918223316111e-01 3.337925097194899049e+00 3.620095240818358207e+00 3.360612009410201217e+00 1.675694716976224297e-01 1.553021451913042528e-01 3.258562073081715305e+00 3.345595193627784347e+00 9.403040090820771191e-01 1.224326265127533064e+00 1.769928944897165568e+00 4.014184516406149150e+00 2.949242145786760805e+00 3.426817732585599074e+00 3.703652158558089269e+00 3.728457802219669937e+00 3.295303073630703405e+00 3.521138517324017503e+00 3.396314576026742138e+00 3.461011246323448809e+00 1.742532173004988638e-01 2.304104872574934681e+00 2.614298202676815119e+00 3.406632390485884621e+00 3.671537847784621000e+00
0.000000000000000000e+00 3.756843618842967025e+00 7.559682185732009563e-01 3.515663309481013243e+00 3.378640159535503784e+00 1.740510711589070114e+00 3.505248830283512973e+00 3.662863067126351346e+00 3.592279580010298901e+00 3.491016348089958310e+00 2.566026770794360257e+00 3.455718551399663552e-01 3.448235811088829816e+00 3.546728594796701550e+00 3.095682061937239382e+00 3.486454948581332314e+00 3.415306231966792616e+00 2.925534184419076755e+00 1.527012448316008852e-01 6.808624083109677816e-01 1.902849987341633575e+00 2.421259077640955493e+00 3.471002595444820926e+00 3.296923086381954970e+00 2.531934043492907627e+00 3.837291123187162700e+00 3.324709411295351025e+00 3.789637649803120123e+00 2.129452421901551595e+00 1.165791901753584714e+00 1.020182883754220837e+00 8.091278798206249512e-01 3.100086743629476782e+00 1.738412487703647757e-01 2.395263457127872364e+00 3.629494682226620306e+00 3.539419734659268624e+00
