output_new_topo_ddd_3/finaltopo_flow__link_to_receiver_node.asc
ncols 300
nrows 100
xllcorner 0.0
yllcorner 0.0
cellsize 10.0
[rows 51 to 67 of 100, columns 185 to 221 of 300]
2.863700000000000000e+04 2.893800000000000000e+04 8.808100000000000000e+04 2.864000000000000000e+04 2.894000000000000000e+04 8.868400000000000000e+04 8.868600000000000000e+04 8.868800000000000000e+04 2.924400000000000000e+04 2.924500000000000000e+04 2.894700000000000000e+04 8.809900000000000000e+04 2.864900000000000000e+04 8.810000000000000000e+04 2.895000000000000000e+04 2.895100000000000000e+04 2.895200000000000000e+04 2.895300000000000000e+04 2.925400000000000000e+04 8.871100000000000000e+04 2.895600000000000000e+04 2.895700000000000000e+04 2.895800000000000000e+04 2.896000000000000000e+04 2.896100000000000000e+04 2.896200000000000000e+04 2.896300000000000000e+04 2.896400000000000000e+04 8.813300000000000000e+04 2.866600000000000000e+04 2.866700000000000000e+04 2.866800000000000000e+04 2.866900000000000000e+04 2.867000000000000000e+04 2.867100000000000000e+04 2.897200000000000000e+04 8.874600000000000000e+04
8.747600000000000000e+04 2.833800000000000000e+04 2.834000000000000000e+04 2.804100000000000000e+04 2.834100000000000000e+04 8.748600000000000000e+04 8.808800000000000000e+04 2.864400000000000000e+04 8.749500000000000000e+04 2.804700000000000000e+04 8.809600000000000000e+04 2.834900000000000000e+04 2.805000000000000000e+04 2.835000000000000000e+04 2.865100000000000000e+04 2.865200000000000000e+04 2.865300000000000000e+04 8.810900000000000000e+04 2.805600000000000000e+04 2.865600000000000000e+04 8.811500000000000000e+04 8.811700000000000000e+04 8.752300000000000000e+04 8.752500000000000000e+04 8.752700000000000000e+04 2.806300000000000000e+04 2.806400000000000000e+04 2.806500000000000000e+04 2.836600000000000000e+04 2.836700000000000000e+04 2.836800000000000000e+04 2.836900000000000000e+04 2.837000000000000000e+04 2.837100000000000000e+04 2.837200000000000000e+04 8.814600000000000000e+04 2.867300000000000000e+04
2.773800000000000000e+04 8.688300000000000000e+04 2.774100000000000000e+04 2.744200000000000000e+04 2.774200000000000000e+04 2.774300000000000000e+04 8.689300000000000000e+04 2.744600000000000000e+04 2.774700000000000000e+04 8.689900000000000000e+04 2.744900000000000000e+04 2.745000000000000000e+04 8.690200000000000000e+04 2.775100000000000000e+04 2.775200000000000000e+04 2.775300000000000000e+04 2.775400000000000000e+04 2.775500000000000000e+04 2.775600000000000000e+04 2.775700000000000000e+04 2.775800000000000000e+04 2.775900000000000000e+04 2.776100000000000000e+04 2.776200000000000000e+04 2.776300000000000000e+04 2.776400000000000000e+04 2.776500000000000000e+04 2.776600000000000000e+04 8.753400000000000000e+04 2.806700000000000000e+04 2.806800000000000000e+04 2.806900000000000000e+04 2.807000000000000000e+04 8.754400000000000000e+04 2.807200000000000000e+04 2.807300000000000000e+04 8.754900000000000000e+04
2.684000000000000000e+04 8.628500000000000000e+04 2.684200000000000000e+04 8.628600000000000000e+04 2.714300000000000000e+04 8.629300000000000000e+04 8.629500000000000000e+04 2.684700000000000000e+04 8.629600000000000000e+04 2.714900000000000000e+04 2.685000000000000000e+04 8.630200000000000000e+04 2.715100000000000000e+04 2.745200000000000000e+04 2.745300000000000000e+04 2.745400000000000000e+04 8.691100000000000000e+04 2.745600000000000000e+04 8.691500000000000000e+04 2.745800000000000000e+04 8.691900000000000000e+04 8.692100000000000000e+04 2.716200000000000000e+04 2.716300000000000000e+04 8.692800000000000000e+04 2.746400000000000000e+04 8.693200000000000000e+04 2.746600000000000000e+04 2.746700000000000000e+04 2.716800000000000000e+04 2.717000000000000000e+04 2.717100000000000000e+04 8.694400000000000000e+04 2.747200000000000000e+04 8.694700000000000000e+04 8.695000000000000000e+04 2.747500000000000000e+04
8.568500000000000000e+04 2.624200000000000000e+04 8.568600000000000000e+04 2.654300000000000000e+04 8.628900000000000000e+04 2.654600000000000000e+04 2.654700000000000000e+04 8.569900000000000000e+04 2.624900000000000000e+04 2.655000000000000000e+04 2.625100000000000000e+04 2.655100000000000000e+04 8.630500000000000000e+04 8.630700000000000000e+04 2.685400000000000000e+04 8.631100000000000000e+04 2.685600000000000000e+04 8.631500000000000000e+04 2.685800000000000000e+04 8.631900000000000000e+04 8.572500000000000000e+04 2.626200000000000000e+04 8.632600000000000000e+04 8.632800000000000000e+04 2.686400000000000000e+04 8.633200000000000000e+04 2.686600000000000000e+04 2.656800000000000000e+04 2.686800000000000000e+04 2.656900000000000000e+04 8.634200000000000000e+04 2.657200000000000000e+04 2.687200000000000000e+04 2.657300000000000000e+04 8.635000000000000000e+04 2.687500000000000000e+04 8.635300000000000000e+04
2.594200000000000000e+04 2.564300000000000000e+04 2.594300000000000000e+04 8.568900000000000000e+04 2.564600000000000000e+04 2.594700000000000000e+04 2.594800000000000000e+04 2.594900000000000000e+04 8.510300000000000000e+04 2.565100000000000000e+04 8.510400000000000000e+04 2.595200000000000000e+04 2.565400000000000000e+04 2.565500000000000000e+04 2.565600000000000000e+04 2.565700000000000000e+04 2.565800000000000000e+04 8.511800000000000000e+04 8.512000000000000000e+04 8.512500000000000000e+04 8.512700000000000000e+04 2.566300000000000000e+04 8.512800000000000000e+04 8.573000000000000000e+04 2.626500000000000000e+04 8.573400000000000000e+04 2.626700000000000000e+04 8.573800000000000000e+04 2.626900000000000000e+04 2.597000000000000000e+04 2.627100000000000000e+04 2.597300000000000000e+04 2.627300000000000000e+04 2.597400000000000000e+04 2.627500000000000000e+04 2.627600000000000000e+04 2.597800000000000000e+04
2.534300000000000000e+04 8.449100000000000000e+04 2.504500000000000000e+04 8.449200000000000000e+04 2.504700000000000000e+04 8.449600000000000000e+04 8.509800000000000000e+04 8.510000000000000000e+04 2.535100000000000000e+04 2.505200000000000000e+04 2.535200000000000000e+04 2.505400000000000000e+04 8.451000000000000000e+04 2.535500000000000000e+04 2.535600000000000000e+04 2.535700000000000000e+04 2.535800000000000000e+04 2.535900000000000000e+04 2.536000000000000000e+04 2.536200000000000000e+04 8.452900000000000000e+04 2.506400000000000000e+04 2.536400000000000000e+04 2.506600000000000000e+04 8.453400000000000000e+04 8.513600000000000000e+04 8.513800000000000000e+04 8.514000000000000000e+04 2.567000000000000000e+04 8.514300000000000000e+04 2.567200000000000000e+04 8.514800000000000000e+04 2.567400000000000000e+04 8.515100000000000000e+04 8.455700000000000000e+04 2.507800000000000000e+04 2.537900000000000000e+04
2.504300000000000000e+04 2.474500000000000000e+04 8.389500000000000000e+04 2.444700000000000000e+04 8.389600000000000000e+04 2.474800000000000000e+04 2.475000000000000000e+04 2.475100000000000000e+04 2.475200000000000000e+04 8.390900000000000000e+04 2.445400000000000000e+04 8.391000000000000000e+04 2.475500000000000000e+04 2.505600000000000000e+04 2.505700000000000000e+04 2.505800000000000000e+04 2.505900000000000000e+04 8.452100000000000000e+04 8.452300000000000000e+04 2.476300000000000000e+04 2.476400000000000000e+04 2.446500000000000000e+04 2.476500000000000000e+04 2.446700000000000000e+04 8.393600000000000000e+04 8.393800000000000000e+04 8.454000000000000000e+04 8.454200000000000000e+04 2.507100000000000000e+04 8.394900000000000000e+04 2.447400000000000000e+04 2.447500000000000000e+04 2.447600000000000000e+04 8.395400000000000000e+04 8.395900000000000000e+04 2.447900000000000000e+04 8.396000000000000000e+04
2.384500000000000000e+04 2.384600000000000000e+04 2.414700000000000000e+04 8.329900000000000000e+04 2.384900000000000000e+04 8.330000000000000000e+04 8.330500000000000000e+04 2.385200000000000000e+04 8.390600000000000000e+04 2.415400000000000000e+04 2.385500000000000000e+04 2.415500000000000000e+04 2.385700000000000000e+04 2.385800000000000000e+04 8.331800000000000000e+04 8.332000000000000000e+04 2.386100000000000000e+04 8.332400000000000000e+04 2.416200000000000000e+04 8.333100000000000000e+04 2.416500000000000000e+04 2.386600000000000000e+04 2.386700000000000000e+04 8.333600000000000000e+04 2.416800000000000000e+04 2.416900000000000000e+04 8.334500000000000000e+04 8.334700000000000000e+04 2.387300000000000000e+04 2.387400000000000000e+04 2.387500000000000000e+04 2.387600000000000000e+04 2.387700000000000000e+04 8.335600000000000000e+04 2.417900000000000000e+04 2.388000000000000000e+04 2.388100000000000000e+04
2.354600000000000000e+04 2.354700000000000000e+04 8.269900000000000000e+04 2.324900000000000000e+04 8.270000000000000000e+04 2.355000000000000000e+04 8.270700000000000000e+04 2.325300000000000000e+04 8.271100000000000000e+04 2.325500000000000000e+04 8.271200000000000000e+04 2.355600000000000000e+04 2.355700000000000000e+04 2.355800000000000000e+04 2.355900000000000000e+04 2.356000000000000000e+04 2.326200000000000000e+04 8.272600000000000000e+04 2.326400000000000000e+04 2.356500000000000000e+04 2.356600000000000000e+04 8.273700000000000000e+04 2.326800000000000000e+04 2.356800000000000000e+04 8.274000000000000000e+04 8.334100000000000000e+04 2.357200000000000000e+04 2.357300000000000000e+04 2.357400000000000000e+04 2.357500000000000000e+04 2.357600000000000000e+04 2.357700000000000000e+04 8.275900000000000000e+04 2.327900000000000000e+04 2.328000000000000000e+04 2.328100000000000000e+04 2.328200000000000000e+04
2.324600000000000000e+04 2.324700000000000000e+04 2.294900000000000000e+04 8.210300000000000000e+04 2.265100000000000000e+04 2.265200000000000000e+04 2.295300000000000000e+04 8.211100000000000000e+04 2.295500000000000000e+04 2.265600000000000000e+04 2.295600000000000000e+04 2.325700000000000000e+04 2.325800000000000000e+04 2.325900000000000000e+04 8.272100000000000000e+04 8.272300000000000000e+04 8.212900000000000000e+04 2.266400000000000000e+04 8.213000000000000000e+04 8.213500000000000000e+04 2.266700000000000000e+04 2.296800000000000000e+04 2.266900000000000000e+04 2.296900000000000000e+04 2.297000000000000000e+04 2.297100000000000000e+04 8.274600000000000000e+04 8.274800000000000000e+04 2.327400000000000000e+04 2.327500000000000000e+04 2.327600000000000000e+04 2.327700000000000000e+04 2.297900000000000000e+04 2.298000000000000000e+04 2.298100000000000000e+04 2.298200000000000000e+04 2.298300000000000000e+04
2.204800000000000000e+04 2.234900000000000000e+04 8.210000000000000000e+04 2.235100000000000000e+04 2.235200000000000000e+04 2.235300000000000000e+04 8.210800000000000000e+04 2.235500000000000000e+04 8.151500000000000000e+04 2.205700000000000000e+04 2.235700000000000000e+04 2.205900000000000000e+04 8.152000000000000000e+04 8.152200000000000000e+04 8.152700000000000000e+04 2.206300000000000000e+04 2.236400000000000000e+04 2.206500000000000000e+04 2.236500000000000000e+04 8.153700000000000000e+04 2.206800000000000000e+04 2.206900000000000000e+04 8.154000000000000000e+04 2.237000000000000000e+04 2.207200000000000000e+04 8.154600000000000000e+04 8.154800000000000000e+04 2.237500000000000000e+04 2.237600000000000000e+04 2.237700000000000000e+04 2.237800000000000000e+04 2.237900000000000000e+04 8.216000000000000000e+04 2.268000000000000000e+04 2.268100000000000000e+04 2.268200000000000000e+04 2.268300000000000000e+04
2.144900000000000000e+04 2.145000000000000000e+04 2.175100000000000000e+04 8.150400000000000000e+04 2.205200000000000000e+04 2.205300000000000000e+04 2.205400000000000000e+04 8.151200000000000000e+04 2.175700000000000000e+04 2.145800000000000000e+04 2.175800000000000000e+04 2.175900000000000000e+04 2.176000000000000000e+04 2.176100000000000000e+04 2.176300000000000000e+04 8.093100000000000000e+04 2.146500000000000000e+04 8.093200000000000000e+04 8.093700000000000000e+04 2.146800000000000000e+04 8.093800000000000000e+04 2.176900000000000000e+04 2.177000000000000000e+04 8.154300000000000000e+04 2.177200000000000000e+04 2.177300000000000000e+04 2.177400000000000000e+04 8.155200000000000000e+04 8.155400000000000000e+04 8.155600000000000000e+04 8.155800000000000000e+04 8.156000000000000000e+04 2.208000000000000000e+04 2.178100000000000000e+04 2.208200000000000000e+04 8.156800000000000000e+04 2.208400000000000000e+04
2.115000000000000000e+04 2.115100000000000000e+04 8.090400000000000000e+04 2.145200000000000000e+04 8.090700000000000000e+04 8.031300000000000000e+04 2.085600000000000000e+04 8.031700000000000000e+04 2.085800000000000000e+04 8.031800000000000000e+04 2.115900000000000000e+04 2.146000000000000000e+04 8.092300000000000000e+04 8.092500000000000000e+04 8.033100000000000000e+04 2.116500000000000000e+04 2.086600000000000000e+04 2.116600000000000000e+04 2.116800000000000000e+04 2.086900000000000000e+04 2.116900000000000000e+04 2.147000000000000000e+04 8.094300000000000000e+04 2.147200000000000000e+04 2.147300000000000000e+04 8.094900000000000000e+04 2.117500000000000000e+04 2.117600000000000000e+04 8.095600000000000000e+04 8.095800000000000000e+04 8.096000000000000000e+04 8.096200000000000000e+04 2.148100000000000000e+04 8.096500000000000000e+04 2.118400000000000000e+04 2.118500000000000000e+04 2.118600000000000000e+04
2.085000000000000000e+04 2.085100000000000000e+04 2.085200000000000000e+04 8.030700000000000000e+04 7.971300000000000000e+04 2.025600000000000000e+04 2.025700000000000000e+04 2.055800000000000000e+04 2.025900000000000000e+04 2.055900000000000000e+04 8.032100000000000000e+04 2.056100000000000000e+04 2.056200000000000000e+04 2.056400000000000000e+04 2.056500000000000000e+04 2.056600000000000000e+04 7.973700000000000000e+04 2.026800000000000000e+04 2.026900000000000000e+04 7.974000000000000000e+04 2.057000000000000000e+04 2.057100000000000000e+04 8.034600000000000000e+04 2.087300000000000000e+04 8.034900000000000000e+04 2.087500000000000000e+04 7.975700000000000000e+04 2.027800000000000000e+04 7.975800000000000000e+04 8.036000000000000000e+04 8.036200000000000000e+04 8.036400000000000000e+04 2.088200000000000000e+04 8.036700000000000000e+04 8.037000000000000000e+04 8.037200000000000000e+04 2.088600000000000000e+04
1.965200000000000000e+04 1.965300000000000000e+04 1.965400000000000000e+04 1.965500000000000000e+04 1.995600000000000000e+04 1.995700000000000000e+04 7.911900000000000000e+04 1.965900000000000000e+04 7.912000000000000000e+04 1.996000000000000000e+04 2.026100000000000000e+04 7.972500000000000000e+04 7.972700000000000000e+04 1.966500000000000000e+04 7.973200000000000000e+04 2.026600000000000000e+04 1.996800000000000000e+04 1.996900000000000000e+04 7.914300000000000000e+04 1.967100000000000000e+04 7.914400000000000000e+04 7.974500000000000000e+04 7.915100000000000000e+04 1.967500000000000000e+04 7.915200000000000000e+04 1.967700000000000000e+04 1.967800000000000000e+04 1.967900000000000000e+04 7.916000000000000000e+04 7.916200000000000000e+04 7.916700000000000000e+04 1.968300000000000000e+04 7.917100000000000000e+04 1.968500000000000000e+04 7.917500000000000000e+04 1.968700000000000000e+04 7.917900000000000000e+04
1.935300000000000000e+04 1.935400000000000000e+04 1.935500000000000000e+04 1.935600000000000000e+04 7.911400000000000000e+04 1.965700000000000000e+04 1.935900000000000000e+04 7.852300000000000000e+04 1.906100000000000000e+04 7.852400000000000000e+04 7.852600000000000000e+04 7.852800000000000000e+04 7.853300000000000000e+04 1.906600000000000000e+04 7.853400000000000000e+04 7.913600000000000000e+04 7.913800000000000000e+04 1.966900000000000000e+04 1.937100000000000000e+04 1.907200000000000000e+04 1.937200000000000000e+04 1.907400000000000000e+04 7.855300000000000000e+04 1.907600000000000000e+04 1.907700000000000000e+04 1.907800000000000000e+04 1.907900000000000000e+04 7.856000000000000000e+04 1.938000000000000000e+04 1.938100000000000000e+04 7.856900000000000000e+04 1.908400000000000000e+04 7.857300000000000000e+04 1.908600000000000000e+04 7.857700000000000000e+04 1.908800000000000000e+04 1.938900000000000000e+04
