output_new_topo_ddd_3/finaltopo_topographic__elevation.asc
ncols 300
nrows 100
xllcorner 0.0
yllcorner 0.0
cellsize 10.0
[rows 34 to 50 of 100, columns 74 to 110 of 300]
8.475435003990911298e+01 1.164672224950839876e+02 1.385859669090500574e+02 1.569892431555045960e+02 1.758078543881087228e+02 1.713367751727298582e+02 1.399688179596523128e+02 1.377912588276533938e+02 1.546925551340729044e+02 1.768891305016483955e+02 1.944165428257427948e+02 2.047222698746504079e+02 1.825325116581864506e+02 1.756673399627102583e+02 1.419805688293344872e+02 1.729748518767786436e+02 1.887055253340316767e+02 2.072678690112757636e+02 2.147592333067908896e+02 2.238508913791678765e+02 2.378035765106518795e+02 2.392373305441942364e+02 2.096046720049667442e+02 1.858511102867378497e+02 1.937449517264941790e+02 1.685697901205973039e+02 2.018826466109630360e+02 2.106481603310555215e+02 2.241638362558956885e+02 2.561094742608672732e+02 2.599616021333016533e+02 2.418967157010886240e+02 2.096750464931673150e+02 1.973338586877519845e+02 1.638814267890240615e+02 1.887890871162830422e+02 1.752221016964147964e+02
1.173285066490639110e+02 9.710216915924755199e+01 1.332636181756177791e+02 1.594995142562623585e+02 1.806747507688362191e+02 1.903620695013184161e+02 1.786869333788420704e+02 1.782024510204766727e+02 1.907414080126058593e+02 2.062122484432765077e+02 2.138435667468669692e+02 1.810096365719577989e+02 1.607965957781867417e+02 1.475208183193221032e+02 1.375845089378109094e+02 1.526614446741989752e+02 1.789338741142888409e+02 2.156540402132292797e+02 2.330049462426924265e+02 2.246372147415859786e+02 2.284335226332681259e+02 2.160255511012028080e+02 1.915623352216485955e+02 1.748781340839835536e+02 1.615871460224651628e+02 1.686276220930089380e+02 1.767400468581719792e+02 1.881195510685496401e+02 2.053584837653881152e+02 2.439458979890094952e+02 2.497232499042935103e+02 2.351162283893653182e+02 2.291858498679436309e+02 1.990792523088236692e+02 1.874910153000050741e+02 1.558928994051196923e+02 1.809496635719967230e+02
1.425732233194719925e+02 1.337209312784615065e+02 1.107707698921875306e+02 1.290298873413095748e+02 1.712230815347040789e+02 2.009716808875099900e+02 1.930847722785559029e+02 2.032787542167363881e+02 2.036178810619461217e+02 2.177926134081855878e+02 2.269266674409594486e+02 2.105239186911373110e+02 1.923302632578270845e+02 1.670064081391907678e+02 1.338100768795630700e+02 1.684203253747240581e+02 1.865241175201634576e+02 2.202715406218400744e+02 2.236363573460625389e+02 1.881752945006721518e+02 1.984318065265422888e+02 1.797086262809272625e+02 1.827363062168335830e+02 1.560858965314367310e+02 1.893078511702596813e+02 1.879446384246419655e+02 2.106155139594220032e+02 2.048539865590058184e+02 2.370570434143962189e+02 2.514451750277954716e+02 2.353128716657913344e+02 1.980018759779645734e+02 2.087239139626348106e+02 2.086646861311684233e+02 1.762780505752908766e+02 1.510897546981580888e+02 1.870798175534694394e+02
1.606172334921390927e+02 1.601573850761076869e+02 1.291995574742217343e+02 1.629895067698599860e+02 1.832028282393849281e+02 1.879152776698162484e+02 1.577994576381358343e+02 1.872344565130762248e+02 1.685822420138634357e+02 1.993701437326012069e+02 2.165214323869670352e+02 2.092336838903167688e+02 1.760272735737232210e+02 1.502676973889703618e+02 1.300682083519770060e+02 1.643497060612060636e+02 1.781552435952780797e+02 2.139157130992857390e+02 2.223393750253314352e+02 1.973289333827515577e+02 1.634895413126215544e+02 1.759239536844473548e+02 1.508383475394965387e+02 1.853687155115486007e+02 2.067109642884737468e+02 2.214226546421367345e+02 2.334352962818771573e+02 2.375881194026625280e+02 2.516540482161455543e+02 2.419008072594050418e+02 2.221681687706103219e+02 2.023603894711947930e+02 1.727226173822083695e+02 2.015974362544341716e+02 1.823148245386965129e+02 1.465331330727435386e+02 1.673828374147749400e+02
1.810327133332068001e+02 1.816487530361320353e+02 1.718807834374779873e+02 1.854482483458193940e+02 1.960777244552516265e+02 1.654712974183258893e+02 1.410104069111913532e+02 1.717045734737269242e+02 1.479562512483152545e+02 1.689999389263204819e+02 1.885609385370746054e+02 1.891802361122413458e+02 1.839373534025271510e+02 1.511273320377440825e+02 1.264730997490269999e+02 1.418759189557985678e+02 1.684739182202316101e+02 2.054645277650897413e+02 2.118619893779057008e+02 1.750088087534296619e+02 1.579348753432447836e+02 1.457954887736226794e+02 1.721401632534017097e+02 1.907890906296878200e+02 2.019748972727799412e+02 2.155164363434785457e+02 2.139738561969685406e+02 2.135621991082807369e+02 2.455851744465524575e+02 2.284552076776714671e+02 1.876038472829821444e+02 1.694054417097120790e+02 1.585378336531717025e+02 1.811623413835156100e+02 1.770124083872338190e+02 1.421941896656472579e+02 1.763457492215019897e+02
1.934058306435779002e+02 1.908585615750197917e+02 2.015921390073272050e+02 2.054969017851130104e+02 1.894363278777358062e+02 1.648842995271158145e+02 1.299844897448077177e+02 1.497315215057917612e+02 1.327689414716220426e+02 1.649304393073852850e+02 1.524658073628278885e+02 1.522826578835080795e+02 1.721309805210079844e+02 1.575890012276431946e+02 1.230562873074375858e+02 1.560414340939443036e+02 1.803938814569327747e+02 2.044745449177754040e+02 2.220223967007202930e+02 2.078286846269917021e+02 1.931362261131518494e+02 1.655246312074507102e+02 1.412341771509792636e+02 1.699708480523392211e+02 1.661124703637991047e+02 1.908347794161845457e+02 1.762167552100670491e+02 2.026613576084019144e+02 2.375109416158354918e+02 2.387097528755011524e+02 2.206668797089199927e+02 2.021274985415167578e+02 1.805102401900714142e+02 1.474297726556840189e+02 1.674204524820358131e+02 1.379714630666915127e+02 1.530993003546414855e+02
1.658257437386594120e+02 1.554313074434856219e+02 1.901343399419113211e+02 1.946693493198710314e+02 1.599944420055689704e+02 1.395259322553958441e+02 1.455865734384254324e+02 1.170911167150063505e+02 1.494031263983724784e+02 1.541350944280155488e+02 1.266600658636670715e+02 1.258435621237867679e+02 1.472885221354810028e+02 1.474773574019875753e+02 1.196705121751399474e+02 1.323920900420775695e+02 1.507606282806537763e+02 1.931474062046066535e+02 2.200711910470766668e+02 2.095137470412867629e+02 2.097111298273674151e+02 1.920483263052902032e+02 1.706126341597927194e+02 1.367771560256163070e+02 1.669018434464283587e+02 1.580238413972102478e+02 1.936627564841341780e+02 2.206929493650396523e+02 2.290100145589254339e+02 2.408368859015733108e+02 2.272577526845495299e+02 1.897104443831998140e+02 1.689773759187263806e+02 1.687958055267278894e+02 1.381956317689050309e+02 1.340383104381048724e+02 1.676618414709245712e+02
1.311705727490904962e+02 1.551085238681841645e+02 1.731830000835826695e+02 1.873280244733983579e+02 1.843705626098143853e+02 1.579848673351173716e+02 1.203771193037875946e+02 1.108333388645723119e+02 1.433152093203265167e+02 1.360545755874439919e+02 1.060126523742885212e+02 1.089608443511352220e+02 1.119988343310579921e+02 1.151124730043783018e+02 1.466702685134248725e+02 1.559521231883110488e+02 1.851453250451874339e+02 2.056617932082664311e+02 2.103324172278661877e+02 1.733803483758114226e+02 1.882649003820506550e+02 1.953435064577781759e+02 1.710764743547003377e+02 1.337740077664242051e+02 1.431371424971903821e+02 1.743862298152608048e+02 1.912827386607042399e+02 2.019506143478723175e+02 1.924503744558944902e+02 2.302664163693586943e+02 2.390087473469784811e+02 2.197102572635234310e+02 1.857630776509546990e+02 1.600786510335317416e+02 1.621799971777140001e+02 1.301564656859913498e+02 1.572237524893813543e+02
1.460816517871354847e+02 1.209010681177280588e+02 1.375642226960121661e+02 1.640068886011712266e+02 1.782472422521377950e+02 1.702951481811470842e+02 1.421796474606040590e+02 1.049022148391901794e+02 1.279829861103165882e+02 1.018754211888138457e+02 1.342980611447414105e+02 1.433745105913139355e+02 1.476182061296796064e+02 1.503513280796341860e+02 1.402985680377081508e+02 1.784035275494589143e+02 2.065605026009993423e+02 2.228062334314255679e+02 2.201517778518542343e+02 1.899967832006756794e+02 1.517092759678644711e+02 1.713397247116769790e+02 1.657982832463557372e+02 1.309775685594042614e+02 1.589942288141920130e+02 1.480350035198782166e+02 1.570251796787295575e+02 1.674846834150695543e+02 1.942116669432733147e+02 2.311781737740924711e+02 2.447448993028792756e+02 2.358926488751217221e+02 2.149482863232246928e+02 1.969055814290930755e+02 1.681795250764605214e+02 1.502549929879811543e+02 1.256638452512775928e+02
1.719595858309331504e+02 1.372416949648095965e+02 1.119576139654547973e+02 1.295358710992088049e+02 1.572589195235370028e+02 1.702406252860013751e+02 1.525466128189654853e+02 1.310054604879120461e+02 9.774678808879373548e+01 1.241177452962929664e+02 1.360150490034913560e+02 1.448892267683164050e+02 1.539754282678653396e+02 1.659302509699796246e+02 1.745368259016130708e+02 1.941222242043651818e+02 2.122064815523245329e+02 1.930405021501302940e+02 2.127540961066341083e+02 2.013644884112424336e+02 1.739524021295250975e+02 1.368950687553646901e+02 1.547874657406923973e+02 1.282058977404505242e+02 1.356803084624489770e+02 1.707312214867695843e+02 1.922145058048799058e+02 2.038117538511854150e+02 2.195884174299407903e+02 2.341360327434617545e+02 2.139611626888556657e+02 2.337308755226787866e+02 2.304429669509786152e+02 2.200368737053827886e+02 2.010345203013019955e+02 1.785977954417197964e+02 1.566228791643434306e+02
1.847123002337339415e+02 1.634576972323464474e+02 1.294052708402052474e+02 1.040615793141296166e+02 1.330659629936416195e+02 1.463328966025337365e+02 1.255863402189611691e+02 1.241730318521907890e+02 1.198913883928184703e+02 9.422338570945041170e+01 1.018097636849124115e+02 1.101880615429481338e+02 1.196387660073157093e+02 1.371624561610029502e+02 1.578815597552160455e+02 1.953541611468791643e+02 2.020680960633044378e+02 1.673070177557549982e+02 1.858399393332458089e+02 1.961447513549475445e+02 1.844754531861940450e+02 1.591546572122214513e+02 1.245370917591700106e+02 1.572391570671237275e+02 1.706783301199758398e+02 1.732464362969496108e+02 2.050557502777531624e+02 2.093810019301069474e+02 2.236129665800099531e+02 2.247001720006093990e+02 1.879056659589104470e+02 2.056426170805102913e+02 1.988821859933248106e+02 2.290327130127169823e+02 2.082860152611073374e+02 1.865408164553059294e+02 1.682747832505737904e+02
1.780066024885049103e+02 1.774320898162154094e+02 1.567554077534829275e+02 1.333813104412138273e+02 9.680914987491971146e+01 1.235417375196496153e+02 1.181486150543786238e+02 8.869846456510545352e+01 9.092153047284909917e+01 1.215485504698657593e+02 1.363262035544369724e+02 1.467812961815987194e+02 1.549415574288813673e+02 1.447643891131423857e+02 1.821937968936802861e+02 2.072793837436605315e+02 1.986726968994368008e+02 1.632415209942203376e+02 1.485345188439005994e+02 1.713745227356401699e+02 1.670792901020975592e+02 1.550192787984662743e+02 1.220776410446827640e+02 1.576836071826642751e+02 1.833863878780666710e+02 1.958470740488986337e+02 1.925931223226104407e+02 1.739194471024932511e+02 2.078682966302653199e+02 2.303674925975040537e+02 2.050830707194393767e+02 1.704638088439279500e+02 2.041967593811373263e+02 2.257042991283115043e+02 1.975522475593451759e+02 1.555466308305344967e+02 1.372403918197734356e+02
1.575816661834523416e+02 1.713637152215172250e+02 1.666633170350368971e+02 1.496146163406194205e+02 1.254275631553631456e+02 8.994079290251661973e+01 8.558994091812095917e+01 1.160406944995782936e+02 1.238483703291553155e+02 1.028886412559957506e+02 1.377186957928133495e+02 1.612954012662021057e+02 1.770106387944340156e+02 1.825642948142466082e+02 1.985091395756272448e+02 2.196988636842424967e+02 1.907800358857004426e+02 1.928461854296926106e+02 1.697637556257631957e+02 1.369423899736104033e+02 1.308994310371648169e+02 1.251835356774086847e+02 1.196637513508150761e+02 1.394388125848740003e+02 1.524298592143136659e+02 1.747112549214710668e+02 1.583442109288073993e+02 1.530574816000994076e+02 1.937843001104891982e+02 2.198295241640267363e+02 1.975873081004615130e+02 1.619988737942207990e+02 1.815567884496577449e+02 2.159516833459803991e+02 2.084902938506460544e+02 1.916310079021886281e+02 1.747613163860569614e+02
1.224536892423904391e+02 1.472948879837755953e+02 1.349506900382502579e+02 1.531969883697738055e+02 1.328421242035388161e+02 1.117353618714150514e+02 8.342323168127511224e+01 1.038259119116731881e+02 1.386621772285745635e+02 1.379290879064394346e+02 1.160891097599755284e+02 1.314172467807408680e+02 1.582453335299512389e+02 1.913457311732848325e+02 1.946338747269471980e+02 2.104617695321987583e+02 2.196541321848082760e+02 1.920155312467245494e+02 1.548052569685338540e+02 1.615964414185412465e+02 1.675123902628215831e+02 1.601562434198899041e+02 1.492348797665651432e+02 1.165473590287469534e+02 1.449954178691205584e+02 1.425432447527836075e+02 1.330818717774460254e+02 1.583004608374066606e+02 1.940554441389844271e+02 2.081337636604291959e+02 1.742621248926238025e+02 1.548947385976036060e+02 1.885076844609578473e+02 2.114407242529855750e+02 2.085717592817247521e+02 2.156052468387852059e+02 2.001641635140556730e+02
9.704842079651585607e+01 1.294146051258101124e+02 1.091592470831866706e+02 1.380551439949981329e+02 1.189698959988167957e+02 8.066184493224426433e+01 1.140416947336672422e+02 1.340379113642844118e+02 1.536958598536241993e+02 1.610997797888272487e+02 1.370281498083379574e+02 1.668724649668793916e+02 1.820651650856369486e+02 1.844540995246979094e+02 1.571891748368808521e+02 1.908646542313282453e+02 2.133713142975148287e+02 1.827702372784966656e+02 1.802463363442294337e+02 1.960039857032926136e+02 1.950805777398757641e+02 1.645275166082411715e+02 1.527398996581210611e+02 1.199600451015355418e+02 1.134538454732474548e+02 1.188246259993210856e+02 1.514919067160876978e+02 1.669554878862015812e+02 1.869492351255344147e+02 2.045774648669170404e+02 1.736170329336091811e+02 1.486011096394746005e+02 1.645838636128098926e+02 1.882839898682923376e+02 1.723726801614931219e+02 2.016773408598290018e+02 1.986791573766257386e+02
9.079788461561579993e+01 1.133611312384990129e+02 9.207665896586378551e+01 1.225188759557798761e+02 1.097043232818740535e+02 7.871853871825234705e+01 1.135290779038349314e+02 1.348964638293066400e+02 1.486246482876190953e+02 1.626213072656296106e+02 1.727626187004557607e+02 1.877503049865520097e+02 1.891820131120892086e+02 1.707586020744251982e+02 1.355668817805357662e+02 1.734546833623247153e+02 2.000368254454724877e+02 2.127753517730386648e+02 2.133305403532362163e+02 2.102359915394474683e+02 1.917614673504705252e+02 1.653808190270938212e+02 1.301629520019271240e+02 1.537639850502348509e+02 1.449992414186698682e+02 1.105343326736322211e+02 1.392459860163950793e+02 1.325483967089843986e+02 1.693309814832693689e+02 1.915821752076243456e+02 1.935998721693516416e+02 1.754149621269967838e+02 1.402633190104487539e+02 1.652829374334616261e+02 1.520881984249465404e+02 1.877143610286940998e+02 1.858079504444343115e+02
8.756469805950163732e+01 8.237593910909704675e+01 7.855028465800860715e+01 1.036389776797824140e+02 7.604140679482786425e+01 1.062503183554240849e+02 9.144524068537161554e+01 1.011891393658799529e+02 1.129261536417226210e+02 1.343745359450360581e+02 1.733196779542931552e+02 1.931079178246178571e+02 1.761305072824342801e+02 1.411443264821557193e+02 1.237324002089804225e+02 1.491531756450613670e+02 1.744611560272217901e+02 1.906298391649653752e+02 2.052898178087245071e+02 1.992290775396267861e+02 1.624695954170359187e+02 1.424264322622907457e+02 1.671313278458136153e+02 1.789459935391107308e+02 1.642312965201902557e+02 1.421783918094830597e+02 1.076941207728258547e+02 1.361406438344597802e+02 1.423278408815523335e+02 1.651407907545470266e+02 1.813061658294063818e+02 1.874474099900664612e+02 1.665626103553030077e+02 1.325965794783077740e+02 1.658586512662460564e+02 1.810149034910866135e+02 1.916657635415314189e+02
