output_new_topo_ddd_3/finaltopo_soil_production__rate.asc
ncols 300
nrows 100
xllcorner 0.0
yllcorner 0.0
cellsize 10.0
[rows 51 to 67 of 100, columns 185 to 221 of 300]
4.493497213404366929e-04 4.539319619481181948e-04 4.550547480307178092e-04 4.700135944822425409e-04 4.473018155069269537e-04 4.453351504632351780e-04 4.478398651007019639e-04 4.501294894112700955e-04 4.489199558519246184e-04 4.464343459693581443e-04 4.546798177916943772e-04 4.679251067308976149e-04 4.774450131309817148e-04 4.724920949372135017e-04 4.761292484542997173e-04 4.743947079330532689e-04 4.708806687124023646e-04 4.531567899618005324e-04 4.681753650232593766e-04 4.641621115301525777e-04 4.583276508826560590e-04 4.489215306591671823e-04 4.885332418348234135e-04 4.328455402983550542e-04 4.433728889229920553e-04 4.594804600064096036e-04 4.616356630445785049e-04 4.612806194340382440e-04 4.581625845366038758e-04 4.487112472248142091e-04 4.318010950089321400e-04 4.337636324510436175e-04 4.347640766109811495e-04 4.415304726944205348e-04 4.629383911725703875e-04 4.836751947919095784e-04 4.681969865585329342e-04
4.557025141449253056e-04 4.731136064549224082e-04 4.483102044833404661e-04 4.703030431992029901e-04 4.466667042450184438e-04 4.670929571994010738e-04 4.517796350310113087e-04 4.567668457096359449e-04 4.541753733432972169e-04 4.582393560863844335e-04 4.543202878844753464e-04 4.640194409828514487e-04 4.718369920697965928e-04 4.841395912269909970e-04 4.810020845437457159e-04 4.747564295559114091e-04 4.663024074849742929e-04 4.614658687075927183e-04 4.646624979603870267e-04 4.677387882757411629e-04 4.638314622980756327e-04 4.647983537420371722e-04 4.362007024460217374e-04 4.372921309113964559e-04 4.538443625550553817e-04 4.586853955897367122e-04 4.669470034246789433e-04 4.743026810145308599e-04 4.768448117715043768e-04 4.668391063893767806e-04 4.680025097297395601e-04 4.684560475908161234e-04 4.691596050211968507e-04 4.711239180606467594e-04 4.705449845014017746e-04 4.695255100712302497e-04 4.526122592039346520e-04
4.643816028821694101e-04 4.637168070940193604e-04 4.507661019220184735e-04 4.731924572084736554e-04 4.559651975710989286e-04 4.603132951430777384e-04 4.350677818647532527e-04 4.353517083641173630e-04 4.415528534403804898e-04 4.511712146284000617e-04 4.569684847314815497e-04 4.641029530129705508e-04 4.739537531735333546e-04 4.686609203462422258e-04 4.695233413086703019e-04 4.673423329908293401e-04 4.664099461204580062e-04 4.649898253719882200e-04 4.638818363514794177e-04 4.581857318350557231e-04 4.476414931249301371e-04 4.552037645242519560e-04 4.265982060793839558e-04 4.437210370004538644e-04 4.565049718970260666e-04 4.668097308023360140e-04 4.696306671433989163e-04 4.698518539403043984e-04 4.700601717339865783e-04 4.625289946309746694e-04 4.440187853796449618e-04 4.594284819847403744e-04 4.812171176283365254e-04 4.689380935710387365e-04 4.572969007767861628e-04 4.623798661738536832e-04 4.598083679179509062e-04
4.480076258122138401e-04 4.546664052276255981e-04 4.531636340263859968e-04 4.699809976865145628e-04 4.429164207224999287e-04 4.463910815157306642e-04 4.388570161446994178e-04 4.396932194283789566e-04 4.751785514464764099e-04 4.540559857369850681e-04 4.669746716452215815e-04 4.706931470946144305e-04 4.596156263178380569e-04 4.551127871497893896e-04 4.545787140663809728e-04 4.533541674486615955e-04 4.496767377154611291e-04 4.516036507158957373e-04 4.422400781883641975e-04 4.436380137858740233e-04 4.368836192610541088e-04 4.695122757595219338e-04 4.247996709793015356e-04 4.449960284117010175e-04 4.606322838842521420e-04 4.716974714570865124e-04 4.627727818922779948e-04 4.767026511154131229e-04 4.689861609130840849e-04 4.592454276393274849e-04 4.672805434200715132e-04 4.613716104978914144e-04 4.691893436740070689e-04 4.471893895976125979e-04 4.634056363381314518e-04 4.582041609913685984e-04 4.306140231239398365e-04
4.625504260393611196e-04 4.685999978083408798e-04 4.688358792093767638e-04 4.478213688970594862e-04 4.603619864805857552e-04 4.305892619195728836e-04 4.442813841510048810e-04 4.624574330329868496e-04 4.533719139267220551e-04 4.469858119816857230e-04 4.721452403654821162e-04 4.604483081918272222e-04 4.508561705224000413e-04 4.726999782250929246e-04 4.509997312329386710e-04 4.592236290395487253e-04 4.366163185057047431e-04 4.270421462513638113e-04 4.328809548562403161e-04 4.319381838949262883e-04 4.717940769380741194e-04 4.503767969208840455e-04 4.391567309884318484e-04 4.411509788705671392e-04 4.425970558438403800e-04 4.626123040727086848e-04 4.590733891191689617e-04 4.690725201005375728e-04 4.695955258502315286e-04 4.607951649822474363e-04 4.531813098181969052e-04 4.598398693830751060e-04 4.673372080469612383e-04 4.540998348467977213e-04 4.393963580171111752e-04 4.336867498622941873e-04 4.551915992068132090e-04
4.697707203168132459e-04 4.708114838991599074e-04 4.615549530196299882e-04 4.587737409545796408e-04 4.668500670633255866e-04 4.487918791325435980e-04 4.418385340752172181e-04 4.572718720495124421e-04 4.645674142911415260e-04 4.810388530322807013e-04 4.709570157589452934e-04 4.444778103327178443e-04 4.506173270526303109e-04 4.433028084521615717e-04 4.462754037841367067e-04 4.474689095361032991e-04 4.527300330935825996e-04 4.558542126487792308e-04 4.577943672619217493e-04 4.652081043325981117e-04 4.498316112189620366e-04 4.450915091855204599e-04 4.610801455468926230e-04 4.468456224251776102e-04 4.296886946297583999e-04 4.493636664079416745e-04 4.638495233068378690e-04 4.569163244506718692e-04 4.657586775486146887e-04 4.570939668072575117e-04 4.614240355521534984e-04 4.420568720281585831e-04 4.578978253230435468e-04 4.368529186495355085e-04 4.329421130961410842e-04 4.455344173070091866e-04 4.559640289553685394e-04
4.634221525024563647e-04 4.719228809539298126e-04 4.553194854595100298e-04 4.488112406112845006e-04 4.420512409354858093e-04 4.591559813604878179e-04 4.511744016444840430e-04 4.638839727783381915e-04 4.616533357499992747e-04 4.713391422589608315e-04 4.759815164314581395e-04 4.733403476080248209e-04 4.617956016876100878e-04 4.641104678815960428e-04 4.630583529732777465e-04 4.616398885505495066e-04 4.604314680512351090e-04 4.485725230436823138e-04 4.411673462126717172e-04 4.550218717754733223e-04 4.510935100547326204e-04 4.635585911867422292e-04 4.476397269677533574e-04 4.418003351605278087e-04 4.606836254934880935e-04 4.725913583121037448e-04 4.620079194552336940e-04 4.689736633943327100e-04 4.541315020140011490e-04 4.559454692786644027e-04 4.857219119429294764e-04 4.334607191071153127e-04 4.144400691999267907e-04 4.382837749660190691e-04 4.640331821329522549e-04 4.622283600252164739e-04 4.638288942961100981e-04
4.554575757451201313e-04 4.575532671775630884e-04 4.677542550162505967e-04 4.643065559856433171e-04 4.561198024256739227e-04 4.491758148430035724e-04 4.620256351249985146e-04 4.448333903554332002e-04 4.448465900040793819e-04 4.722470182007092437e-04 4.858459195191890297e-04 4.608424468157850990e-04 4.539471469995104468e-04 4.600530676854816038e-04 4.536568399849935434e-04 4.423848990290372356e-04 4.395957433590709485e-04 4.480471353488018021e-04 4.508814110375539098e-04 4.490695565884121523e-04 4.448082968334228461e-04 4.686428772459557443e-04 4.628664287553913080e-04 4.429842947632927665e-04 4.360232472963986462e-04 4.073278104241667111e-04 4.805334255875475728e-04 4.653117388997287740e-04 4.641207342046803374e-04 4.567667751639346656e-04 4.382992570550953756e-04 4.491231865162632658e-04 4.508023147252334891e-04 4.716733034260376409e-04 4.486405777550494644e-04 4.531207545153061894e-04 4.588766152613966694e-04
4.487757720883800449e-04 4.576497919530865739e-04 4.836500977415533688e-04 4.693755493624947967e-04 4.634861410523819468e-04 4.415085801520570526e-04 4.446792450475994156e-04 4.494169288951455976e-04 4.612295033447546687e-04 4.658552108864217603e-04 4.710924633313807986e-04 4.742805526763314503e-04 4.637341880678297985e-04 4.602245301411952288e-04 4.043101058137327859e-04 4.737957381669195703e-04 4.731846207400541675e-04 4.495689896146650246e-04 4.816508854651774967e-04 4.360363138420857805e-04 4.450681179968538396e-04 4.688079424143195553e-04 4.655384388029788030e-04 4.614432594227342913e-04 4.454375536461183962e-04 3.992501830980653833e-04 4.429094594296515601e-04 4.463542230868514440e-04 4.420881649928812686e-04 4.474477400817679102e-04 4.525449443023317865e-04 4.545400907443157838e-04 4.524743421866800515e-04 4.594984199093885891e-04 4.538714054752302201e-04 4.598785350897843750e-04 4.588636999367658284e-04
4.638271340834451283e-04 4.661676451451477235e-04 4.641756457199869138e-04 4.983968845011288234e-04 4.689715387752157322e-04 4.498816641070655211e-04 4.427743472719218305e-04 4.445033378406657715e-04 4.625913198274927128e-04 4.630776352048789285e-04 4.723704722877113864e-04 4.650370466985068369e-04 4.645256633231247012e-04 4.630945959700969979e-04 4.846613242077215961e-04 4.589087880515960974e-04 4.590876117956738589e-04 4.519922930899858936e-04 4.486192219144988572e-04 4.353888058548476274e-04 4.448003381466359872e-04 4.695077949459603253e-04 4.697924473945132729e-04 4.633285402313199581e-04 4.583824775081328236e-04 4.627051588936199368e-04 4.344169138529907536e-04 4.455503918707889800e-04 4.612882155072139273e-04 4.641746114477499942e-04 4.680792562157168172e-04 4.693988990789148817e-04 4.669235401667067215e-04 4.569120393613009673e-04 4.502899981353009041e-04 4.615763573238754582e-04 4.534378005008193337e-04
4.451149744893588707e-04 4.506167178558367144e-04 4.534543564731589871e-04 4.687901564243566652e-04 4.863981041630551622e-04 4.504500035426106208e-04 4.560475523899306782e-04 4.690639654853769004e-04 4.834099964845373749e-04 4.707300991553177872e-04 4.654761653918177951e-04 4.508976407530274218e-04 4.443040063100523276e-04 4.401667322597119865e-04 4.435733437121810617e-04 4.728200351509280561e-04 4.597252755057804280e-04 4.381530407358812389e-04 4.347188191941198272e-04 4.448744690815815170e-04 4.515828217327079344e-04 4.693806333446606067e-04 4.729283291832063105e-04 4.541637690382171631e-04 4.376150544779967974e-04 4.551546791263300280e-04 4.548140526054543346e-04 4.531886474224748823e-04 4.639423299596170946e-04 4.713857847197958171e-04 4.755768847859737775e-04 4.832734983448870505e-04 4.779524093588249077e-04 4.668529159322279258e-04 4.693793713888073688e-04 4.703778183993860876e-04 4.710733569896651180e-04
4.632907006826072495e-04 4.699850993378220602e-04 4.492720563691887398e-04 4.826089959157573448e-04 4.712017329606234327e-04 4.721997207781384242e-04 4.702595873280338620e-04 4.786837263430887405e-04 4.711899580348308334e-04 4.755355851770346701e-04 4.570890692945930541e-04 4.587486534520453284e-04 4.521490007633844699e-04 4.437430700261558504e-04 4.762624432103288179e-04 4.458421716092472167e-04 4.665428968022982412e-04 4.672449250520017560e-04 4.629816783093940093e-04 4.410706904195087316e-04 4.467797278767995364e-04 4.731337262335811775e-04 4.709833561704908464e-04 4.592690132567195035e-04 4.549182085835691016e-04 4.415067336350233748e-04 4.750707128487407192e-04 4.374442072829746336e-04 4.448674324324604942e-04 4.555738282601062492e-04 4.588103995991971900e-04 4.625613173265114811e-04 4.667251128361791764e-04 4.645553919469484348e-04 4.418109139527489856e-04 4.518300350814005825e-04 4.576896716043032595e-04
4.600402537279807305e-04 4.600482450471525563e-04 4.616892294129027819e-04 4.666067742092743246e-04 4.572065457165365616e-04 4.416211001002329586e-04 4.414846391765293214e-04 4.589556084093587406e-04 4.634920664514449056e-04 4.750598475237950745e-04 4.661108361575551362e-04 4.649781939735241521e-04 4.432986300043142980e-04 4.172859075914884955e-04 4.622998891943547574e-04 4.539905044324315164e-04 4.582236162089600587e-04 4.676743499777356026e-04 4.507754224914184709e-04 4.465830847192910069e-04 4.721580795069693962e-04 4.711421792335489787e-04 4.673340587725629560e-04 4.716592711059085338e-04 4.672636629109487246e-04 4.650618967084012832e-04 4.420967508173755610e-04 4.440380311826256613e-04 4.430489688888428852e-04 4.407228062570744498e-04 4.580781917288875957e-04 4.597387106984926323e-04 4.668321365569312684e-04 4.557273178423295592e-04 4.463076353583729635e-04 4.659457556548632254e-04 4.619822939160901382e-04
4.713273731652560831e-04 4.704502586955758899e-04 4.681463008262666341e-04 4.520001141933005766e-04 4.637811678501877117e-04 4.640290144429194338e-04 4.534446511917450623e-04 4.431003546771582311e-04 4.601944061763772330e-04 4.705722389148694353e-04 4.626145814962669090e-04 4.650484460520385908e-04 4.420012350074136744e-04 4.326669046732823124e-04 4.596289221448540858e-04 4.612973566997645588e-04 4.713225405721709407e-04 4.789418387571825041e-04 4.450757259388622082e-04 4.709240909953575226e-04 4.711779406174930527e-04 4.425143331836136999e-04 4.450056927353828362e-04 4.637867014784845601e-04 4.602363191785314674e-04 4.488046470706051269e-04 4.430329685448482690e-04 4.939446888839481081e-04 4.453115522753268627e-04 4.502578907347518761e-04 4.446787628590429171e-04 4.488456282772419889e-04 4.516691579712709130e-04 4.484967763458459506e-04 4.580573522469449325e-04 4.516854080477912038e-04 4.617260255349166600e-04
4.551424948974991890e-04 4.554898888587707146e-04 4.482190321435901162e-04 4.775850586199627680e-04 4.304050757971701049e-04 4.375143450294814522e-04 4.538460036546097549e-04 4.539007266561339475e-04 4.703313422918758806e-04 4.774949111908451810e-04 4.527298177412078322e-04 4.400964933731993465e-04 4.270135092018052998e-04 4.867874177089562640e-04 4.405448617432438361e-04 4.631066870944329657e-04 4.742138364326287472e-04 4.645043741054272700e-04 4.604606134003742151e-04 4.730723656930305447e-04 4.477845741785030365e-04 4.324428221897021218e-04 4.877232704929091779e-04 4.550483352633576551e-04 4.639196234240595290e-04 4.566433197552731069e-04 4.653808818316340200e-04 4.302906533017465782e-04 4.541070802666628175e-04 4.555546597288857207e-04 4.500766143023673753e-04 4.445699458504572747e-04 4.270238225506715717e-04 4.525769715305578782e-04 4.579885517214469506e-04 4.476893733806170902e-04 4.438995015845302442e-04
4.468032461057109086e-04 4.463934129909655972e-04 4.453671614869318522e-04 4.430596979883726538e-04 4.468098546883332882e-04 4.663749813252070523e-04 4.692431099437120051e-04 4.859894708178109923e-04 4.705838994445323670e-04 4.335016115263736294e-04 4.464621096304693709e-04 4.357969105030843455e-04 4.386814058022694561e-04 4.640648977633676960e-04 4.538133160849440939e-04 4.532494671875864924e-04 4.503765303334386757e-04 4.727707271177192402e-04 4.723787471612685878e-04 4.736112041653275776e-04 4.451949311811590837e-04 4.627268597358357469e-04 4.337951798624717077e-04 4.144233001167782981e-04 4.328686845336359823e-04 4.356639669735536168e-04 4.563299209008716195e-04 4.496150033420580187e-04 4.516422736703858696e-04 4.671090999615687021e-04 4.431028090064218720e-04 4.463543869479887224e-04 4.578572198239233776e-04 4.363864352509083189e-04 4.488605910605034739e-04 4.401961601374167394e-04 4.598880243797065720e-04
4.659966651740997086e-04 4.687559771325387347e-04 4.679395328067891468e-04 4.702982997583378508e-04 4.673918057627108377e-04 4.683788163148892543e-04 4.670432025012460713e-04 4.688394881209187134e-04 4.797334297861235021e-04 4.482320900305325224e-04 4.588831410042925967e-04 4.565797387842089193e-04 4.613826429429807919e-04 4.355377385527966117e-04 4.511719683145153158e-04 4.688227345800051460e-04 4.459844886170185002e-04 4.521995772093276148e-04 4.653811544488922693e-04 4.718431039866319157e-04 4.331288921851834972e-04 4.634691554314555656e-04 4.455918988471172437e-04 4.431018730137703228e-04 4.471376392270605101e-04 4.405361827650485364e-04 4.570445170349108537e-04 4.617120403838760666e-04 4.507692329754214595e-04 4.672914124461835387e-04 4.415343283008224453e-04 4.499809103744078554e-04 4.587588631453286768e-04 4.471136429051034622e-04 4.603708904343411005e-04 4.461190480448436321e-04 4.753650800266247581e-04
