output_new_topo_ddd_3/finaltopo_soil_production__rate.asc
ncols 300
nrows 100
xllcorner 0.0
yllcorner 0.0
cellsize 10.0
[rows 17 to 33 of 100, columns 37 to 73 of 300]
4.724358028960863663e-04 4.738798544732677706e-04 4.744611938668957048e-04 4.825585931803107079e-04 4.657930502019457810e-04 4.557333922011518133e-04 4.455995772079972468e-04 4.825682519037481372e-04 4.441976849173722374e-04 4.690503996861964558e-04 4.573337763364747951e-04 4.727762582330203092e-04 4.667024178640321046e-04 4.507435117454177201e-04 4.600557039628948796e-04 4.369589509923925679e-04 4.679929163254466467e-04 4.548351352442700523e-04 4.526011232497190910e-04 4.343218069570212148e-04 4.515327557008419501e-04 4.429515518228848803e-04 4.632851077749725608e-04 4.675973944020023112e-04 4.335015393635524464e-04 4.629831782083791334e-04 4.646277059409321844e-04 4.491030699679869295e-04 4.461709052791365039e-04 4.770685143909660000e-04 4.648754038708528412e-04 4.635576621558899269e-04 4.447998153580972908e-04 4.390689960459247536e-04 4.390617589944314082e-04 4.477240250143260441e-04 4.560235354291572907e-04
4.599915822766025659e-04 4.587909208070335850e-04 4.716886081077692190e-04 4.696126384061782388e-04 4.657271338975676024e-04 4.620016426948747200e-04 4.395407052993048906e-04 4.466658553800669147e-04 4.459495117348383241e-04 4.451158456976138226e-04 4.707116576231991281e-04 4.579180555558350811e-04 4.486090057467310402e-04 4.471633888409833795e-04 4.728828020712081055e-04 4.414309478306411021e-04 4.671326533232402194e-04 4.537535392315815777e-04 4.668572816695897173e-04 4.416019320118390323e-04 4.809002616741024508e-04 4.488945036579862231e-04 4.710217138428797880e-04 4.580513448740392208e-04 4.550879477258815663e-04 4.359660120332280175e-04 4.447799610373390829e-04 4.293402843755532764e-04 4.533932841468582380e-04 4.615249070977365999e-04 4.427938873097264270e-04 4.376729653526956285e-04 4.332338163902762812e-04 4.587641930774705298e-04 4.514995664715699638e-04 4.619728113491093722e-04 4.543750420926305142e-04
4.426123620044141805e-04 4.604015672379434504e-04 4.711974597633315949e-04 4.630253115640107489e-04 4.694903030191330392e-04 4.574217616596651446e-04 4.603109010259516195e-04 4.393877167642069198e-04 4.599980645035851813e-04 4.578072008581775460e-04 4.683802308874624809e-04 4.639332498000602262e-04 4.546425347349442058e-04 4.541946862308981103e-04 4.374854298437587754e-04 4.491727557928132234e-04 4.608550687671408310e-04 4.600168638754639425e-04 4.475180758249304208e-04 4.398723802385912161e-04 4.459349851058192816e-04 4.656282824074187881e-04 4.621498748953568685e-04 4.611484724560836247e-04 4.409123565946997418e-04 4.700751485740263741e-04 4.388408480403033110e-04 4.599344020022286565e-04 4.723161747033136873e-04 4.700668006825686361e-04 4.362626363743434444e-04 4.389100782310545392e-04 4.490579096466481472e-04 4.580222472261198251e-04 4.652804964159738019e-04 4.601934692387145789e-04 4.354242561938798150e-04
4.470323356619544338e-04 4.539949794216230588e-04 4.580917911027428189e-04 4.586678506510956290e-04 4.549694526567156050e-04 4.711921508242703340e-04 4.455635899952124649e-04 4.590136577468048075e-04 4.400045496352475503e-04 4.669699517995425770e-04 4.434222884767915107e-04 4.563647258085812698e-04 4.536617947684223580e-04 4.548027516062773520e-04 4.470600057272928183e-04 4.494075390999691761e-04 4.462668863567281524e-04 4.491262527950633612e-04 4.518151473749314282e-04 4.647528705923813057e-04 4.728566743493143590e-04 4.589574651271030831e-04 4.490762944435531113e-04 4.707796337989614472e-04 4.442574229077675472e-04 4.405901197194544375e-04 4.399101502921188189e-04 4.768266372886962798e-04 4.603868141578249451e-04 4.652530742639745262e-04 3.390726238203724697e-04 4.283986254269405163e-04 4.532070916120220722e-04 4.661070583343773148e-04 4.576229146135952857e-04 4.675372648801095110e-04 4.514794665867762871e-04
4.509624214538963147e-04 4.722360869622228602e-04 4.429980010092222226e-04 4.610453894632860991e-04 4.408960375371880134e-04 4.448860346001609753e-04 4.579579173761191271e-04 4.344191691680735542e-04 4.507397509688648067e-04 4.344571347569674844e-04 4.594788245377719703e-04 4.557139484038195683e-04 4.601960477894041172e-04 4.765351947723241274e-04 4.517792048276256982e-04 4.614550895199300354e-04 4.413411048672018786e-04 4.269786033184235982e-04 4.439005973278013729e-04 4.295730982147346732e-04 4.185465616564178269e-04 4.267949837009579642e-04 4.945854789058704406e-04 4.364897921639597825e-04 4.385901433519539920e-04 4.468538687645874359e-04 4.578697226100428373e-04 4.804894170812907964e-04 4.945331410780036798e-04 4.635883538959881104e-04 4.550308229922903503e-04 4.641027364951261528e-04 4.588831085214996114e-04 4.689640586618419767e-04 4.537174324919021205e-04 4.435897608280040439e-04 4.681043837316599485e-04
4.422032573150570735e-04 4.349019849518759892e-04 4.422011068181928850e-04 4.452282006109461901e-04 4.496018012305201842e-04 4.478555225823853923e-04 4.578316573191611931e-04 4.654775036867383705e-04 4.310967410318099235e-04 4.451896678575855554e-04 4.452247175958773916e-04 4.269027543650729577e-04 4.247739989773552990e-04 4.231299484484435966e-04 4.523718886775800066e-04 4.423570332893871364e-04 4.403617191424353335e-04 4.469186163794905582e-04 4.646785891684493777e-04 4.359601322023409732e-04 4.416101050298556845e-04 4.337602830879255995e-04 4.678980265257389739e-04 4.310747050751225678e-04 4.392345262231151480e-04 4.577411038761021716e-04 4.675677051179322544e-04 4.769829562003291838e-04 4.784964289194546081e-04 4.718040353065448356e-04 4.273315586628858957e-04 4.310889149823721395e-04 4.504188503220724754e-04 4.729331437793727190e-04 4.519606583383146926e-04 4.412454093314048661e-04 4.631153035100928723e-04
4.664197503207523419e-04 4.651805731176168290e-04 4.633632624703215748e-04 4.473816000987363328e-04 4.220051682746685955e-04 4.734646620667564993e-04 4.562504445076914555e-04 4.264245951928048273e-04 4.441197832452274457e-04 4.568474421504896952e-04 4.383186725247514241e-04 4.435859968944417002e-04 4.429077307050583974e-04 4.327686906818630354e-04 4.621137743153443177e-04 4.418671314894000732e-04 4.474933345823130606e-04 4.634495361262026239e-04 4.594972162834936192e-04 4.537921305789190509e-04 4.666209251038518687e-04 4.491112248943768064e-04 4.644755227075030956e-04 4.279241453048237198e-04 4.452243284558008384e-04 4.621897173095942664e-04 4.733670399959116759e-04 4.737827577759326178e-04 4.451278921244107177e-04 4.642639503958971505e-04 4.031421374301875611e-04 4.814650071812931432e-04 4.530839130018921457e-04 4.713322827099412113e-04 4.706810555443824364e-04 4.454766331763301487e-04 4.465087195678525429e-04
4.512614460637301710e-04 4.478402450134492756e-04 4.452208609987444378e-04 4.438910513372423144e-04 4.610682435420061938e-04 4.449098069651866269e-04 4.391422873311864091e-04 4.525227455732968012e-04 4.378700214134238571e-04 4.510546391791045505e-04 4.469548804955628032e-04 4.597962568748355846e-04 4.515688972122500894e-04 4.626423850454148027e-04 4.622426947724633806e-04 4.566001769480290229e-04 4.560143672766280303e-04 4.687253061200014948e-04 4.604784822254307072e-04 4.847701038663777742e-04 4.531766034282306275e-04 4.504944235619334249e-04 4.602327461086909779e-04 4.425642687094444522e-04 4.514959292545234811e-04 4.642278830876862545e-04 4.812652218203995400e-04 4.727383309779328315e-04 4.515882433258524686e-04 4.399907891180807420e-04 4.181993119633341922e-04 4.480151556150635452e-04 4.984422361555366230e-04 4.724838638418961769e-04 4.651616476070924780e-04 4.490356810910570064e-04 4.536261587396916897e-04
4.437843152774942888e-04 4.356275700105647448e-04 4.541954640126998565e-04 4.694785476856918899e-04 4.432549143963154152e-04 4.473402623004623388e-04 4.647912206302134692e-04 4.518688220771134318e-04 4.559066330526649309e-04 4.389195493784103482e-04 4.563657583772044312e-04 4.654125538403114035e-04 4.573996058980117109e-04 4.523079125936044090e-04 4.403678776298903586e-04 4.619924112614449746e-04 4.550075838382687489e-04 4.814105505154336819e-04 4.689866001141026293e-04 4.695117443960999753e-04 4.653951536021483739e-04 4.493692209329628695e-04 4.510702231892081931e-04 4.308467438209066976e-04 4.415436504849163356e-04 4.639026192201045856e-04 4.762052246788017664e-04 4.693530070622501890e-04 4.710648240225966186e-04 4.398649881570133977e-04 4.644089175817089411e-04 4.510358505147629682e-04 4.686311162661249891e-04 4.523528350491136732e-04 4.514241144320344521e-04 4.651261799929869915e-04 4.473097068658016327e-04
4.727001249918356724e-04 4.634688552331683300e-04 4.506208687062963967e-04 4.422373175818163147e-04 4.493171032536251268e-04 4.652582437527521099e-04 4.541062693422834133e-04 4.567612151457578441e-04 4.579655629144482464e-04 4.259442193577143792e-04 4.421323431150815143e-04 4.660364186498928778e-04 4.588703183349367555e-04 4.418687509392843797e-04 4.558913871706698627e-04 4.570036724069032573e-04 4.728989582359230891e-04 4.665373885474151036e-04 4.559444002144725757e-04 4.422499979426728614e-04 4.387141416713631593e-04 4.469928948574324631e-04 4.561549557349207397e-04 4.520333733290153935e-04 4.542467089073079110e-04 4.425866364535547019e-04 4.633364251286702334e-04 4.929598004058026797e-04 4.585373766290644880e-04 4.615726047925432403e-04 4.635482478925667042e-04 4.671945388654802182e-04 4.493246674345210316e-04 4.439402426572008464e-04 4.651279613909145441e-04 4.445518610684732032e-04 4.610831018532204548e-04
4.570446203976588477e-04 4.457988150356657648e-04 4.478213998847681418e-04 4.638678830109790288e-04 4.650874528051975672e-04 4.418898027996276076e-04 4.443565615848675023e-04 4.592342847474484269e-04 4.704293116899586923e-04 4.368295218659111229e-04 4.429164549946286835e-04 4.413914163416586480e-04 4.664742988874589786e-04 4.665203786089038300e-04 4.734589625948203194e-04 4.698798548951685231e-04 4.670335345495344099e-04 4.541185494268364835e-04 4.388997644557181017e-04 4.595245220018826914e-04 4.703307434177581036e-04 4.636701964164227424e-04 4.426147121819100447e-04 4.461444099680782465e-04 4.703119604276070225e-04 4.425040243299106757e-04 4.463248569776213036e-04 4.639370791268623839e-04 4.950399853879505589e-04 4.717797058391232307e-04 4.691401540520107288e-04 4.444482683639376912e-04 4.400658958607989646e-04 4.625740361151814222e-04 4.790262388818005888e-04 4.252336201144681972e-04 4.636422977973920557e-04
4.430607757903645152e-04 4.481732762038097761e-04 4.756989893517093201e-04 4.699483607399266259e-04 4.603282029147351732e-04 4.471338827366378582e-04 4.580709625642998429e-04 4.600916863494111534e-04 4.304846844232851572e-04 4.551336070268871786e-04 4.408610809239740845e-04 4.315012392133638942e-04 4.430608364830949789e-04 4.538142145199527749e-04 4.679651231519187126e-04 4.714006121412802307e-04 4.566524503000175339e-04 4.438931750241822678e-04 4.579903847103403234e-04 4.579228266424771100e-04 4.384296762013671980e-04 4.646458868447247395e-04 4.407389530041561478e-04 4.623097621689154857e-04 4.512754987302723632e-04 4.625093038152040597e-04 4.507144806907454086e-04 4.601494173570329685e-04 4.701987826719388288e-04 4.733656588804766052e-04 4.423683535873820880e-04 4.365796238706579698e-04 4.685893707006448181e-04 4.361206073892491585e-04 4.511049806488967454e-04 4.700570719458519614e-04 4.542573420337273613e-04
4.484139403995701634e-04 4.551732660359508243e-04 4.775319299288924139e-04 4.699411630352391504e-04 4.381768777372891830e-04 4.612171652764407936e-04 4.562322569783526516e-04 4.495721252679754339e-04 4.454051610056918064e-04 4.416263537897517025e-04 4.697326066588711365e-04 4.491125482761564557e-04 4.496745293758265451e-04 4.412724785826933178e-04 4.540838506870768614e-04 4.705591927803911569e-04 4.444535484129597197e-04 4.432925203055601625e-04 4.727533304305114761e-04 4.554683411084920895e-04 4.572531332090831084e-04 4.608412027093062376e-04 4.347259188968948364e-04 4.651733353879972544e-04 4.566400365774755509e-04 4.513531152621849825e-04 4.375667728506861358e-04 4.561246300655844759e-04 4.708880521779887449e-04 4.538610169443303352e-04 4.452788655559654580e-04 4.578775317943833576e-04 4.442193717868214730e-04 4.513330416431627647e-04 4.545779848641957389e-04 4.798064666822489908e-04 4.432293676939770533e-04
4.515620788048987206e-04 4.711804791484712506e-04 4.694814771515738944e-04 4.466009485114849718e-04 4.540172232094180443e-04 4.688760464356281983e-04 4.587717249826309650e-04 4.578867207431628109e-04 4.428180572953165366e-04 4.633309587145904331e-04 4.388623628012797281e-04 4.644255947406576821e-04 4.808365258189527258e-04 4.446982320848515439e-04 4.408116669262944552e-04 4.722197133001363638e-04 4.563378429897835199e-04 4.279760678497808576e-04 4.517194955711466764e-04 4.527541767311275443e-04 4.692074850519872592e-04 4.466171072918491891e-04 4.628838076241148622e-04 4.532319597673686190e-04 4.697397560398520306e-04 4.565024808174819810e-04 4.406688436984958494e-04 4.690221903002104683e-04 4.803813531667829755e-04 4.556343363019463690e-04 4.817777515109826405e-04 4.425975597959145701e-04 4.536802530323859307e-04 4.665367857309543468e-04 4.642831260547718858e-04 4.442479991515517414e-04 4.650462767862050049e-04
4.701220234779287035e-04 4.688813535403334957e-04 4.462061638347855717e-04 4.465058934888015900e-04 4.555637838723353974e-04 4.463865180709736583e-04 4.664552776644520916e-04 4.528079682360402840e-04 4.401498568521959435e-04 4.482647165986398865e-04 4.595216073007867062e-04 4.446329961006916572e-04 4.575001807845864728e-04 4.314933693923424761e-04 4.460721936681108393e-04 4.718798360832300739e-04 4.456744039306124441e-04 4.725464096313532095e-04 4.454200783861824472e-04 4.605410332020851995e-04 4.668231756251321665e-04 4.411563329259691850e-04 4.643680929778752869e-04 4.440013315970995169e-04 4.706875484757740364e-04 4.623735525206112669e-04 4.695695125498691139e-04 4.733035585042583626e-04 4.705646603237411915e-04 4.607006426548685882e-04 4.385666784582064877e-04 4.595231375625389810e-04 4.716118140589373197e-04 4.752546467956117395e-04 4.730924549052174344e-04 4.720832049767827122e-04 4.726258781413436127e-04
4.707804584769180131e-04 4.421548424059047397e-04 4.613442838682347787e-04 4.509847215829398070e-04 4.447253655716663446e-04 4.659509658748139092e-04 4.569402326186986895e-04 4.532957931258894979e-04 4.613109485694062771e-04 4.665508879274332774e-04 4.635267436028400767e-04 4.657621813363675158e-04 4.516514421090716451e-04 4.723989165774260582e-04 4.405591146144527295e-04 4.703033677487031662e-04 4.457102283982515784e-04 4.598038078508460079e-04 4.479786025065358459e-04 4.705133235592261643e-04 4.677012940179313665e-04 4.625614622946287984e-04 4.430769415676343915e-04 4.571896403450653192e-04 4.738764098038338534e-04 4.722616874293321778e-04 4.702843045823213450e-04 4.872240296078881585e-04 4.739328796274099075e-04 4.697758296189342270e-04 4.726951025448444962e-04 4.702383620487188515e-04 4.893714043332304722e-04 4.549936981586719326e-04 4.413973858507762998e-04 4.540700341348605142e-04 4.672989206245885502e-04
4.799472056351130949e-04 4.556652702291662011e-04 4.564192993571660720e-04 4.468396842705500346e-04 4.683190619610506835e-04 4.657004146670366460e-04 4.505151160201512420e-04 4.434083883405506420e-04 4.357092492876902612e-04 4.333747046066415754e-04 4.468024617795550739e-04 4.704374776057635679e-04 4.662141458117930381e-04 4.583061900113462967e-04 4.304438408570495419e-04 4.683047365235177466e-04 4.699916559729355368e-04 4.470079880526455851e-04 4.642727966635250281e-04 4.719976561968073281e-04 4.677898841850344097e-04 4.478207539782566517e-04 4.666702232797179865e-04 4.688223278362716709e-04 4.616525302488774167e-04 4.425170448837574284e-04 4.486025726690559328e-04 4.650954149322609186e-04 4.765600472240152843e-04 4.461618836345437227e-04 4.449821585436984227e-04 4.538991286399499960e-04 4.612061428239009556e-04 4.623724001796796607e-04 4.760801279813167155e-04 4.380379116094643014e-04 4.513305555994845007e-04
