output_new_topo_ddd_3/finaltopo_bedrock__elevation.asc
ncols 300
nrows 100
xllcorner 0.0
yllcorner 0.0
cellsize 10.0
[rows 34 to 50 of 100, columns 185 to 221 of 300]
1.972255363721594676e+02 1.975049372463194857e+02 1.683727613337464959e+02 1.871034241607097215e+02 2.191876966637074702e+02 2.079484025446848534e+02 1.678600696036253908e+02 1.498434100418143657e+02 1.373251424547077022e+02 1.287234954106374971e+02 1.223650957629400011e+02 1.163558852012167222e+02 1.439575998088637618e+02 1.555669891189317013e+02 1.413072198295286057e+02 1.086298540893300100e+02 1.424488062707458482e+02 1.302230189187883695e+02 9.351570072934636357e+01 1.302110783688957554e+02 1.438142540506261184e+02 1.108059487636194831e+02 1.286407335016261868e+02 1.661795322483446853e+02 1.793839871371048957e+02 1.654323242004968790e+02 1.466631257862076154e+02 1.115487933818651953e+02 8.513679758123124941e+01 6.765787674251032513e+01 9.681157798742704301e+01 1.110065869948335688e+02 8.740329358703466767e+01 9.999458494168864320e+01 8.327688050504924888e+01 7.724912223191380178e+01 4.729583929458591030e+01
1.915259626514703086e+02 1.744137989869379624e+02 1.505593727078625932e+02 1.710522738886430716e+02 2.081096645443359705e+02 2.172039909526808970e+02 2.002620138806450711e+02 1.669754250953703831e+02 1.725105945137071046e+02 1.493213794714380356e+02 1.548033499705086058e+02 1.303580284111921230e+02 1.625115461270317496e+02 1.561234423875595780e+02 1.226826707724729175e+02 1.452200385592620364e+02 1.561885975831150404e+02 1.351640386091507651e+02 9.778543340841258669e+01 1.339754162747586861e+02 1.552429276266850309e+02 1.280140699318888551e+02 1.601710137733359147e+02 1.760654807746788890e+02 1.728606185827034665e+02 1.566467518700497124e+02 1.354612838705043032e+02 1.164945457390920751e+02 1.023281779059181957e+02 7.134313897116832948e+01 1.065909780234740225e+02 1.303679629466601284e+02 1.074964456941143709e+02 1.252612398077662021e+02 9.897665121178917502e+01 6.421665146654056855e+01 6.431874448285348933e+01
1.739221689362515235e+02 1.371733262487220770e+02 1.710874945989832554e+02 1.946113102140801630e+02 2.028897488049214246e+02 2.176050861548097259e+02 2.184472349775827809e+02 2.050146293744555237e+02 2.021935586253334804e+02 1.875100005306763080e+02 1.670177365645879490e+02 1.510529335674189042e+02 1.718536345818896223e+02 1.404433081758546393e+02 1.595072923308540567e+02 1.696259150983608208e+02 1.596743164021908967e+02 1.364086331439597473e+02 1.021859033850626162e+02 1.266171711164957969e+02 1.595561630483575470e+02 1.531429352277643545e+02 1.741409205650834338e+02 1.623915484014057711e+02 1.465266496466801414e+02 1.231026761934803631e+02 1.061650336151483742e+02 8.147691383433129886e+01 7.680966784133512704e+01 1.035915458037069072e+02 9.685243866540108115e+01 1.337245153168499314e+02 1.311305756086107976e+02 1.274482666351289879e+02 8.979846813219833734e+01 8.972172099806270751e+01 9.036101298600109999e+01
1.627883878753920612e+02 1.292637686906703607e+02 1.626640411055892912e+02 1.754375344809562307e+02 1.662203581618621797e+02 2.050640827838297184e+02 2.248302000715844144e+02 2.152128478646345968e+02 2.244032736116788271e+02 2.160964559106435559e+02 2.014947466182519804e+02 1.892050223130772508e+02 1.771493810287743145e+02 1.664765536253882772e+02 1.839020776330549438e+02 1.693597084942230424e+02 1.458600570924855901e+02 1.093518748886327927e+02 1.336790517353562677e+02 1.202313947192205603e+02 1.571020390997567233e+02 1.828050171570788791e+02 1.727133381933492728e+02 1.358769471275195428e+02 1.088544531855869053e+02 9.785582757660985465e+01 8.851978443628142657e+01 1.111132223328920077e+02 8.404133733447677912e+01 1.183059592932584536e+02 1.343299257680241681e+02 1.518942597954643077e+02 1.613270794450666301e+02 1.437485231339062182e+02 1.292505777922244192e+02 1.271523492334214183e+02 1.254781467969172013e+02
1.486556871906492745e+02 1.221335165026504654e+02 1.312054016775571199e+02 1.411318282197960627e+02 1.618041864390019384e+02 2.003578303436969179e+02 2.104301219818825359e+02 1.791997910943418333e+02 2.120728424591515022e+02 2.155690713584993716e+02 2.033511208689935188e+02 2.121633509992874451e+02 2.111491704961850644e+02 1.997723870329226941e+02 1.802491232139135207e+02 1.454116232646591413e+02 1.197442122080680917e+02 1.168313684844500244e+02 1.478817531332706210e+02 1.540517873273027760e+02 1.449388774652929612e+02 1.811609909647231120e+02 1.751133966425051653e+02 1.378964076823696985e+02 1.388776213053107256e+02 1.247672785116059231e+02 9.462607883831563527e+01 1.226977902926743695e+02 9.164285986588745914e+01 1.119938065063736161e+02 1.490829448804071831e+02 1.680299682225245022e+02 1.551138624746336916e+02 1.418593984446773959e+02 1.481573871314013786e+02 1.447315997103979157e+02 1.369403097166805878e+02
1.143490825146596848e+02 1.499472172837587891e+02 1.672948697950143639e+02 1.788166717289325334e+02 1.932904507866216477e+02 2.103228094636614856e+02 1.989181862571651322e+02 1.621209174886530775e+02 1.975187832277509017e+02 1.982717763190824201e+02 1.656563181346643887e+02 1.985102566509098381e+02 2.158474478134488095e+02 1.970021354579577348e+02 1.575564192085401487e+02 1.361699281379685544e+02 1.318936660778732062e+02 1.494672619489747092e+02 1.287223116259586675e+02 1.621163170853527333e+02 1.779906525315619490e+02 1.945974796505352629e+02 1.870333010307867596e+02 1.552424934471777078e+02 1.192084011088536784e+02 1.037677354302814479e+02 1.290448413316475467e+02 1.348513473591764011e+02 1.008452231367222680e+02 1.372591742957771999e+02 1.613306102812466349e+02 1.591500916141498294e+02 1.238907060598484264e+02 1.037684936522399397e+02 1.209873920845846698e+02 1.130189859882230792e+02 1.040001607888981141e+02
1.423598528911576580e+02 1.648616355469579844e+02 1.816561345708417434e+02 1.953777581002676129e+02 1.992305156753256199e+02 2.107177643008587609e+02 1.893857344654153394e+02 1.514235276915112820e+02 1.856689383452122399e+02 1.826960203158489264e+02 1.481709431695283286e+02 1.714285374380194753e+02 2.013520972401015001e+02 2.073180581746125313e+02 1.879536395986152399e+02 1.559955979084260207e+02 1.451277457597474552e+02 1.729714437442644339e+02 1.488248804255123332e+02 1.442025732181832893e+02 1.640535555032404034e+02 1.985982979730548834e+02 1.874264255665430028e+02 1.489303511740377814e+02 1.344719684559317727e+02 1.111083043564094197e+02 1.453882718184741236e+02 1.466424197634329119e+02 1.115765067630190543e+02 1.488009188167137609e+02 1.650604289474488269e+02 1.511344140034990460e+02 1.339679459834074464e+02 1.174624386974486896e+02 8.604116584771577436e+01 1.023475133366069088e+02 7.789300710810539385e+01
1.512612917807436475e+02 1.562015572054317829e+02 1.493161206852466876e+02 1.734131967675270971e+02 1.641604310135329570e+02 1.977756926579710068e+02 1.801385150204212380e+02 1.421968279455909112e+02 1.723531360513623554e+02 1.616151327182949444e+02 1.367206939933817864e+02 1.517110136685357702e+02 1.781887741974352934e+02 2.099656550343401307e+02 2.063763563956551934e+02 1.912148495788430864e+02 1.622478685837009778e+02 1.915397225230889262e+02 1.739846888352747385e+02 1.646815865844624227e+02 1.806216854077097764e+02 2.116642320534570558e+02 2.006329538748092602e+02 1.795969886137280298e+02 1.530140379969684261e+02 1.195904207410620046e+02 1.560132268515827718e+02 1.608543596995037603e+02 1.287616152830934197e+02 1.605488952647536394e+02 1.558817360451181457e+02 1.177281201919615938e+02 1.003700970567294775e+02 8.977582411901326509e+01 8.025555276703870788e+01 7.160608323290605881e+01 6.550724826609463491e+01
1.353050335362966905e+02 1.217689327931036019e+02 1.307404756900316727e+02 1.402450547794855140e+02 1.600689555279350031e+02 1.941067941394385343e+02 1.741042587108695443e+02 1.336038121569768293e+02 1.533344316165205043e+02 1.258220993988472998e+02 1.599806469100910249e+02 1.837209058251236797e+02 1.975160123992754961e+02 1.947533248670408739e+02 2.059630374767126000e+02 2.079744096214641900e+02 1.993712692911168176e+02 2.098560463015035680e+02 2.084603507427968339e+02 2.034577363633943321e+02 2.155943503756531925e+02 2.254202132221181500e+02 1.986526031729931958e+02 1.617429152262148193e+02 1.356546934793162791e+02 1.451414526572490615e+02 1.717312640929103509e+02 1.770549712761697094e+02 1.652130897879647478e+02 1.731028740233665530e+02 1.644282493096571045e+02 1.469964128123422711e+02 1.334033741984432027e+02 1.229066554983705402e+02 1.135539843361081722e+02 1.044635492728995985e+02 9.047044982634582766e+01
1.122788347745303952e+02 1.455130225793302543e+02 1.426322426426391985e+02 1.731371816411958662e+02 1.914700606354205092e+02 2.052870171236885710e+02 1.858545139233744123e+02 1.593431605156542901e+02 1.223716870112891257e+02 1.188978737953657969e+02 1.550168826914685383e+02 1.816138932522676441e+02 1.840532231457469834e+02 1.556736697306702126e+02 1.838527440753747726e+02 1.855307620396797859e+02 1.959512082343574093e+02 1.981879850166764072e+02 2.094361160438192258e+02 2.123949087708217007e+02 2.252751175130634920e+02 2.218765419257782980e+02 1.852741837076087563e+02 1.577834532583819964e+02 1.710896668994241452e+02 1.786768395403681495e+02 1.858815937094464630e+02 1.712785424949301785e+02 1.566659703000115087e+02 1.461993398014287493e+02 1.362467737792804883e+02 1.264041010899992585e+02 1.176481883040547416e+02 1.098267029398092944e+02 1.025861522088067943e+02 9.542129903581783879e+01 8.536333363456519407e+01
1.396709277201942143e+02 1.606753334688179109e+02 1.756158454163322631e+02 1.707318092987298996e+02 2.018694842525517572e+02 1.978337817416031896e+02 1.827347007026785377e+02 1.724357700759756256e+02 1.471102960990649819e+02 1.124101668410036297e+02 1.323624405248860683e+02 1.686866397084452274e+02 1.693370512304553017e+02 1.342118680995888838e+02 1.544548398497793755e+02 1.462033126553685918e+02 1.674305758253975682e+02 1.602990882162010280e+02 1.831971110907549871e+02 1.774113867452369391e+02 2.105433582628771774e+02 2.268361798971633903e+02 2.099416064336460295e+02 1.918596555087054867e+02 1.806716657664748027e+02 1.700426866223683078e+02 1.728360408134289798e+02 1.399441181872550999e+02 1.198349359483470096e+02 1.075173921649191158e+02 9.729586540570736020e+01 8.835604403963083087e+01 8.031720837708161298e+01 7.293653883910147329e+01 6.607482107467885157e+01 5.964429324297014290e+01 5.359263005970756666e+01
1.229465108951946917e+02 1.436521304696787809e+02 1.820192355904863746e+02 2.008884117898519435e+02 1.901593425526471037e+02 1.748430166342778307e+02 1.466393958784127847e+02 1.685606650115241791e+02 1.450711859506805581e+02 1.079426000579438210e+02 1.325053011851949236e+02 1.649529066941587701e+02 1.569082611462065984e+02 1.217026892099311226e+02 1.194356573353430804e+02 1.256030262750162336e+02 1.325115224484866019e+02 1.399234671135131123e+02 1.486744687899208941e+02 1.607044286198350278e+02 1.810715125437235997e+02 2.154092725122433762e+02 2.131158549059201164e+02 1.785384331459603686e+02 1.524918826957600686e+02 1.319315633338599127e+02 1.489696103946979520e+02 1.570045591751580218e+02 1.511478810358646001e+02 1.403078936986429426e+02 1.306931874494479757e+02 1.224803613578544486e+02 1.164424179595475692e+02 1.100314757592474137e+02 1.029317524430410344e+02 9.567810419948200717e+01 7.327823747231175844e+01
1.400592847831893835e+02 1.602919990655281879e+02 1.947460212297086173e+02 1.969489650024558784e+02 1.598286632372887368e+02 1.384237083579827186e+02 1.257643989705627661e+02 1.468139624701454409e+02 1.367994468084334017e+02 1.036344670294738535e+02 1.381861616901902039e+02 1.524802626855267249e+02 1.390862747928573242e+02 1.109647468855120138e+02 1.438574786105469059e+02 1.599337708085436134e+02 1.698005990781252876e+02 1.761875448620691316e+02 1.828937459931294995e+02 1.939632806416958033e+02 2.040512522104847903e+02 2.030390739054039386e+02 2.118790552347006155e+02 1.873136517660971094e+02 1.482736168474164629e+02 1.273701196481371767e+02 1.121303437426397664e+02 1.343945113991837559e+02 1.310470058488687641e+02 1.249888048240976417e+02 1.192451540195974928e+02 1.152355169957993013e+02 1.253492952131064726e+02 1.264227616804746219e+02 1.162151758029070834e+02 1.194852058018186796e+02 1.084223212888960290e+02
1.651524957362735222e+02 1.929296062156715550e+02 2.117761527862290052e+02 2.104328808691549000e+02 1.906285247982470423e+02 1.612909090155401941e+02 1.477284139689801066e+02 1.134759158882705066e+02 1.062488105892011561e+02 9.944271090223880094e+01 1.273802987600853527e+02 1.308372610536535205e+02 1.037517741096600901e+02 1.183310808501315563e+02 1.382088665920233552e+02 1.620958484895778042e+02 1.917252569388879522e+02 1.853177940192759650e+02 1.743234766576138952e+02 1.845083305281665105e+02 1.778424008172818560e+02 1.648922614252101368e+02 1.993968734816550068e+02 2.003424436562259814e+02 1.793542960158740698e+02 1.586932139006308375e+02 1.335218527181515071e+02 1.001157799295184958e+02 9.380308366228688044e+01 8.786589843267718436e+01 8.243320825713354338e+01 7.719325854411160037e+01 1.037713291996153941e+02 1.012625265368748160e+02 8.140774222801911719e+01 1.099004086382855405e+02 1.122722923657180587e+02
1.846166607471644170e+02 2.144993450854992716e+02 2.233995772645177169e+02 2.126221715797988452e+02 2.086601764098706440e+02 1.860358739432324171e+02 1.513566593221441394e+02 1.481494118738256986e+02 1.402295665736530452e+02 1.269415172056527013e+02 9.444748229726899069e+01 9.721099004821560641e+01 1.323478900994645642e+02 1.510697519828405575e+02 1.636448991342077193e+02 1.699571414209790419e+02 1.826398129859493054e+02 1.686339233712261034e+02 1.349969772695046117e+02 1.579014897109910862e+02 1.403119905514683694e+02 1.592726024376856913e+02 1.834087169600383049e+02 2.125070853370104658e+02 1.853400295311970467e+02 1.469135784303090873e+02 1.200037823136834305e+02 1.240850893103322932e+02 1.282832086206196607e+02 1.074053271918541981e+02 1.160582263244898940e+02 1.021326879245950039e+02 6.999557781490153729e+01 6.546755696619246123e+01 6.109337917038976684e+01 8.985829592964346091e+01 9.748281298345523282e+01
2.020531715121821890e+02 2.233726911178225407e+02 2.073791646208873942e+02 1.771211758459427870e+02 2.026145853901363125e+02 1.872916911109619775e+02 1.654219341877694660e+02 1.512526632689038593e+02 1.394517173793346387e+02 1.243776140597306750e+02 9.098567475668841098e+01 1.240969113412704417e+02 1.446441407957765080e+02 1.471829956082105468e+02 1.435719346646655197e+02 1.353096034685001996e+02 1.577994178396990321e+02 1.447009940933508290e+02 1.174322210747602355e+02 1.248783174289129789e+02 1.369116661973247346e+02 1.538182328990477572e+02 1.792361277733525640e+02 2.100134789531495869e+02 1.910169289400052151e+02 1.563890481412005613e+02 1.541568731712881402e+02 1.554072009652566635e+02 1.519350536333191997e+02 1.413884666062765234e+02 1.297140258547032658e+02 9.389726321442863366e+01 9.391745635750638144e+01 9.921760187642442474e+01 8.674798018951329936e+01 5.515995146117833059e+01 8.710093693228667178e+01
2.154394064472010086e+02 2.121017353687919353e+02 1.794239160656894683e+02 1.564248859133504652e+02 1.896053090957576615e+02 1.749166003536084304e+02 1.344631572082458320e+02 1.164930591983614789e+02 1.049337040686586420e+02 9.634022617423343604e+01 8.831177081844741394e+01 1.181783881343444023e+02 1.323079769296076904e+02 1.126400525453293398e+02 1.065379299556663426e+02 1.293079518477528325e+02 1.346480770090665544e+02 1.083214258650518929e+02 1.182987461746780582e+02 1.502233713384367491e+02 1.691374922946734500e+02 1.853408280416605294e+02 2.020461765380778445e+02 1.975009026865760688e+02 1.768814606268721263e+02 1.584007676202501216e+02 1.455014410447270734e+02 1.351530665668497022e+02 1.273395660780256691e+02 1.367962444422704209e+02 1.387340914784239487e+02 1.266685580478993813e+02 1.237628183588434609e+02 1.095793958425904577e+02 7.657989897476905128e+01 5.110109848630249019e+01 7.235022924642615294e+01
