output_new_topo_ddd_3/finaltopo_flow__receiver_node.asc
ncols 300
nrows 100
xllcorner 0.0
yllcorner 0.0
cellsize 10.0
[rows 17 to 33 of 100, columns 222 to 258 of 300]
2.452200000000000000e+04 2.452200000000000000e+04 2.482300000000000000e+04 2.482400000000000000e+04 2.482500000000000000e+04 2.482600000000000000e+04 2.452800000000000000e+04 2.452800000000000000e+04 2.482900000000000000e+04 2.483000000000000000e+04 2.483100000000000000e+04 2.483400000000000000e+04 2.453500000000000000e+04 2.453500000000000000e+04 2.453600000000000000e+04 2.483800000000000000e+04 2.453900000000000000e+04 2.453900000000000000e+04 2.453900000000000000e+04 2.454100000000000000e+04 2.454100000000000000e+04 2.484200000000000000e+04 2.484500000000000000e+04 2.454600000000000000e+04 2.484700000000000000e+04 2.454700000000000000e+04 2.484700000000000000e+04 2.454800000000000000e+04 2.455100000000000000e+04 2.455100000000000000e+04 2.455100000000000000e+04 2.485200000000000000e+04 2.455300000000000000e+04 2.455400000000000000e+04 2.515600000000000000e+04 2.515700000000000000e+04 2.515700000000000000e+04
2.422100000000000000e+04 2.452200000000000000e+04 2.482400000000000000e+04 2.482500000000000000e+04 2.482600000000000000e+04 2.482600000000000000e+04 2.452700000000000000e+04 2.452800000000000000e+04 2.423000000000000000e+04 2.423000000000000000e+04 2.423100000000000000e+04 2.453400000000000000e+04 2.453500000000000000e+04 2.453600000000000000e+04 2.453700000000000000e+04 2.483800000000000000e+04 2.453900000000000000e+04 2.424000000000000000e+04 2.424000000000000000e+04 2.424100000000000000e+04 2.424100000000000000e+04 2.424300000000000000e+04 2.424500000000000000e+04 2.454600000000000000e+04 2.424700000000000000e+04 2.424700000000000000e+04 2.424700000000000000e+04 2.454800000000000000e+04 2.455100000000000000e+04 2.425100000000000000e+04 2.455100000000000000e+04 2.485200000000000000e+04 2.455300000000000000e+04 2.455400000000000000e+04 2.425500000000000000e+04 2.425600000000000000e+04 2.425900000000000000e+04
2.422100000000000000e+04 2.452200000000000000e+04 2.422300000000000000e+04 2.392400000000000000e+04 2.452700000000000000e+04 2.452700000000000000e+04 2.452800000000000000e+04 2.452800000000000000e+04 2.422900000000000000e+04 2.423000000000000000e+04 2.423100000000000000e+04 2.423400000000000000e+04 2.453500000000000000e+04 2.453500000000000000e+04 2.453700000000000000e+04 2.453700000000000000e+04 2.453900000000000000e+04 2.424000000000000000e+04 2.424100000000000000e+04 2.394200000000000000e+04 2.394200000000000000e+04 2.394200000000000000e+04 2.424500000000000000e+04 2.394600000000000000e+04 2.424700000000000000e+04 2.394800000000000000e+04 2.394800000000000000e+04 2.394800000000000000e+04 2.395000000000000000e+04 2.395000000000000000e+04 2.425100000000000000e+04 2.455300000000000000e+04 2.455300000000000000e+04 2.425400000000000000e+04 2.425500000000000000e+04 2.395800000000000000e+04 2.395800000000000000e+04
2.422100000000000000e+04 2.422300000000000000e+04 2.422300000000000000e+04 2.392400000000000000e+04 2.392500000000000000e+04 2.422700000000000000e+04 2.422900000000000000e+04 2.422900000000000000e+04 2.423000000000000000e+04 2.423000000000000000e+04 2.423100000000000000e+04 2.423400000000000000e+04 2.423400000000000000e+04 2.423600000000000000e+04 2.423600000000000000e+04 2.423600000000000000e+04 2.423900000000000000e+04 2.424000000000000000e+04 2.424000000000000000e+04 2.394200000000000000e+04 2.364300000000000000e+04 2.364300000000000000e+04 2.364300000000000000e+04 2.394600000000000000e+04 2.424700000000000000e+04 2.394800000000000000e+04 2.364900000000000000e+04 2.364900000000000000e+04 2.364900000000000000e+04 2.395000000000000000e+04 2.425100000000000000e+04 2.395200000000000000e+04 2.425400000000000000e+04 2.425400000000000000e+04 2.395500000000000000e+04 2.365800000000000000e+04 2.365800000000000000e+04
2.362100000000000000e+04 2.392300000000000000e+04 2.392400000000000000e+04 2.392400000000000000e+04 2.392500000000000000e+04 2.332800000000000000e+04 2.332800000000000000e+04 2.332800000000000000e+04 2.333100000000000000e+04 2.333100000000000000e+04 2.333100000000000000e+04 2.333300000000000000e+04 2.333300000000000000e+04 2.393600000000000000e+04 2.393600000000000000e+04 2.393600000000000000e+04 2.333900000000000000e+04 2.334000000000000000e+04 2.334000000000000000e+04 2.334100000000000000e+04 2.334200000000000000e+04 2.334200000000000000e+04 2.364300000000000000e+04 2.364600000000000000e+04 2.394600000000000000e+04 2.364600000000000000e+04 2.334800000000000000e+04 2.334800000000000000e+04 2.364900000000000000e+04 2.395000000000000000e+04 2.395200000000000000e+04 2.395200000000000000e+04 2.395500000000000000e+04 2.395500000000000000e+04 2.335700000000000000e+04 2.335800000000000000e+04 2.335800000000000000e+04
2.362100000000000000e+04 2.362300000000000000e+04 2.362400000000000000e+04 2.362400000000000000e+04 2.302700000000000000e+04 2.302800000000000000e+04 2.302800000000000000e+04 2.302800000000000000e+04 2.303100000000000000e+04 2.303100000000000000e+04 2.303100000000000000e+04 2.303300000000000000e+04 2.303300000000000000e+04 2.303500000000000000e+04 2.303500000000000000e+04 2.303800000000000000e+04 2.333900000000000000e+04 2.334000000000000000e+04 2.334100000000000000e+04 2.334200000000000000e+04 2.304300000000000000e+04 2.304300000000000000e+04 2.334500000000000000e+04 2.364600000000000000e+04 2.364600000000000000e+04 2.334800000000000000e+04 2.304900000000000000e+04 2.304900000000000000e+04 2.304900000000000000e+04 2.365000000000000000e+04 2.365100000000000000e+04 2.305400000000000000e+04 2.305400000000000000e+04 2.305400000000000000e+04 2.335700000000000000e+04 2.335800000000000000e+04 2.305900000000000000e+04
2.272100000000000000e+04 2.272300000000000000e+04 2.272300000000000000e+04 2.272600000000000000e+04 2.302700000000000000e+04 2.272800000000000000e+04 2.272800000000000000e+04 2.302800000000000000e+04 2.303100000000000000e+04 2.273100000000000000e+04 2.303100000000000000e+04 2.273300000000000000e+04 2.273300000000000000e+04 2.273500000000000000e+04 2.273500000000000000e+04 2.303800000000000000e+04 2.303900000000000000e+04 2.334000000000000000e+04 2.334000000000000000e+04 2.334100000000000000e+04 2.304300000000000000e+04 2.304400000000000000e+04 2.334500000000000000e+04 2.334500000000000000e+04 2.334500000000000000e+04 2.334800000000000000e+04 2.304900000000000000e+04 2.274900000000000000e+04 2.304900000000000000e+04 2.275000000000000000e+04 2.275300000000000000e+04 2.275300000000000000e+04 2.275300000000000000e+04 2.305400000000000000e+04 2.335700000000000000e+04 2.335800000000000000e+04 2.305900000000000000e+04
2.242200000000000000e+04 2.242200000000000000e+04 2.272300000000000000e+04 2.272600000000000000e+04 2.242700000000000000e+04 2.272800000000000000e+04 2.242800000000000000e+04 2.272800000000000000e+04 2.273100000000000000e+04 2.243100000000000000e+04 2.273100000000000000e+04 2.243300000000000000e+04 2.273300000000000000e+04 2.243500000000000000e+04 2.243500000000000000e+04 2.243600000000000000e+04 2.303900000000000000e+04 2.303900000000000000e+04 2.244100000000000000e+04 2.274200000000000000e+04 2.304300000000000000e+04 2.304300000000000000e+04 2.304400000000000000e+04 2.274400000000000000e+04 2.244700000000000000e+04 2.244800000000000000e+04 2.274900000000000000e+04 2.244900000000000000e+04 2.274900000000000000e+04 2.245200000000000000e+04 2.245200000000000000e+04 2.245200000000000000e+04 2.275300000000000000e+04 2.275400000000000000e+04 2.275700000000000000e+04 2.245800000000000000e+04 2.275900000000000000e+04
2.242100000000000000e+04 2.242200000000000000e+04 2.212500000000000000e+04 2.212500000000000000e+04 2.242700000000000000e+04 2.212800000000000000e+04 2.212800000000000000e+04 2.242800000000000000e+04 2.243100000000000000e+04 2.213200000000000000e+04 2.213200000000000000e+04 2.213200000000000000e+04 2.213400000000000000e+04 2.213400000000000000e+04 2.243500000000000000e+04 2.243600000000000000e+04 2.243900000000000000e+04 2.244000000000000000e+04 2.244100000000000000e+04 2.274200000000000000e+04 2.274200000000000000e+04 2.274200000000000000e+04 2.274400000000000000e+04 2.274400000000000000e+04 2.244700000000000000e+04 2.244800000000000000e+04 2.244900000000000000e+04 2.215000000000000000e+04 2.215000000000000000e+04 2.215100000000000000e+04 2.215100000000000000e+04 2.245200000000000000e+04 2.275300000000000000e+04 2.215600000000000000e+04 2.215600000000000000e+04 2.245800000000000000e+04 2.245900000000000000e+04
2.242200000000000000e+04 2.242200000000000000e+04 2.182500000000000000e+04 2.182500000000000000e+04 2.212700000000000000e+04 2.212800000000000000e+04 2.182800000000000000e+04 2.212800000000000000e+04 2.183100000000000000e+04 2.183100000000000000e+04 2.183100000000000000e+04 2.213200000000000000e+04 2.213300000000000000e+04 2.213400000000000000e+04 2.183500000000000000e+04 2.183600000000000000e+04 2.183700000000000000e+04 2.244000000000000000e+04 2.214100000000000000e+04 2.244100000000000000e+04 2.214100000000000000e+04 2.244400000000000000e+04 2.244400000000000000e+04 2.244400000000000000e+04 2.244700000000000000e+04 2.244800000000000000e+04 2.244800000000000000e+04 2.215000000000000000e+04 2.215100000000000000e+04 2.185200000000000000e+04 2.185200000000000000e+04 2.185200000000000000e+04 2.185300000000000000e+04 2.215600000000000000e+04 2.185700000000000000e+04 2.185700000000000000e+04 2.215900000000000000e+04
2.152200000000000000e+04 2.152200000000000000e+04 2.182500000000000000e+04 2.152600000000000000e+04 2.152600000000000000e+04 2.182800000000000000e+04 2.152800000000000000e+04 2.152900000000000000e+04 2.153000000000000000e+04 2.153000000000000000e+04 2.183100000000000000e+04 2.183200000000000000e+04 2.213400000000000000e+04 2.213400000000000000e+04 2.183500000000000000e+04 2.183600000000000000e+04 2.183700000000000000e+04 2.184000000000000000e+04 2.214100000000000000e+04 2.214100000000000000e+04 2.184100000000000000e+04 2.154400000000000000e+04 2.154400000000000000e+04 2.154500000000000000e+04 2.154600000000000000e+04 2.154700000000000000e+04 2.184900000000000000e+04 2.215000000000000000e+04 2.215000000000000000e+04 2.185200000000000000e+04 2.155300000000000000e+04 2.155300000000000000e+04 2.155300000000000000e+04 2.185600000000000000e+04 2.185700000000000000e+04 2.155800000000000000e+04 2.185900000000000000e+04
2.122200000000000000e+04 2.122200000000000000e+04 2.182500000000000000e+04 2.152600000000000000e+04 2.122700000000000000e+04 2.122700000000000000e+04 2.122700000000000000e+04 2.152800000000000000e+04 2.152900000000000000e+04 2.153000000000000000e+04 2.183200000000000000e+04 2.183200000000000000e+04 2.153300000000000000e+04 2.183500000000000000e+04 2.183500000000000000e+04 2.153600000000000000e+04 2.153700000000000000e+04 2.184000000000000000e+04 2.184100000000000000e+04 2.184100000000000000e+04 2.154300000000000000e+04 2.154400000000000000e+04 2.154500000000000000e+04 2.154600000000000000e+04 2.154700000000000000e+04 2.154800000000000000e+04 2.184900000000000000e+04 2.184900000000000000e+04 2.184900000000000000e+04 2.185200000000000000e+04 2.155300000000000000e+04 2.125400000000000000e+04 2.125400000000000000e+04 2.125400000000000000e+04 2.125700000000000000e+04 2.155800000000000000e+04 2.185900000000000000e+04
2.092200000000000000e+04 2.122200000000000000e+04 2.092400000000000000e+04 2.152600000000000000e+04 2.122700000000000000e+04 2.092700000000000000e+04 2.122700000000000000e+04 2.152900000000000000e+04 2.153000000000000000e+04 2.153000000000000000e+04 2.123100000000000000e+04 2.153300000000000000e+04 2.153300000000000000e+04 2.123400000000000000e+04 2.153600000000000000e+04 2.153600000000000000e+04 2.153700000000000000e+04 2.154000000000000000e+04 2.154100000000000000e+04 2.154100000000000000e+04 2.154300000000000000e+04 2.154400000000000000e+04 2.154500000000000000e+04 2.154500000000000000e+04 2.154600000000000000e+04 2.154700000000000000e+04 2.154800000000000000e+04 2.154800000000000000e+04 2.155100000000000000e+04 2.155100000000000000e+04 2.155300000000000000e+04 2.125400000000000000e+04 2.095500000000000000e+04 2.095500000000000000e+04 2.125700000000000000e+04 2.155800000000000000e+04 2.155800000000000000e+04
2.062200000000000000e+04 2.092200000000000000e+04 2.062400000000000000e+04 2.062600000000000000e+04 2.062600000000000000e+04 2.062600000000000000e+04 2.092700000000000000e+04 2.092800000000000000e+04 2.062900000000000000e+04 2.123100000000000000e+04 2.123100000000000000e+04 2.093200000000000000e+04 2.123400000000000000e+04 2.123400000000000000e+04 2.123600000000000000e+04 2.123600000000000000e+04 2.123700000000000000e+04 2.064000000000000000e+04 2.064000000000000000e+04 2.064100000000000000e+04 2.124300000000000000e+04 2.124400000000000000e+04 2.124400000000000000e+04 2.124600000000000000e+04 2.124600000000000000e+04 2.124800000000000000e+04 2.124800000000000000e+04 2.124800000000000000e+04 2.124900000000000000e+04 2.125200000000000000e+04 2.125300000000000000e+04 2.125400000000000000e+04 2.095500000000000000e+04 2.095600000000000000e+04 2.125700000000000000e+04 2.125700000000000000e+04 2.125700000000000000e+04
2.032200000000000000e+04 2.062200000000000000e+04 2.032500000000000000e+04 2.032500000000000000e+04 2.032500000000000000e+04 2.062600000000000000e+04 2.092800000000000000e+04 2.092800000000000000e+04 2.062900000000000000e+04 2.063000000000000000e+04 2.093200000000000000e+04 2.093200000000000000e+04 2.063300000000000000e+04 2.063400000000000000e+04 2.093600000000000000e+04 2.093600000000000000e+04 2.033900000000000000e+04 2.034000000000000000e+04 2.034000000000000000e+04 2.034100000000000000e+04 2.034100000000000000e+04 2.034400000000000000e+04 2.034400000000000000e+04 2.034600000000000000e+04 2.034700000000000000e+04 2.034800000000000000e+04 2.034800000000000000e+04 2.034900000000000000e+04 2.034900000000000000e+04 2.095200000000000000e+04 2.095300000000000000e+04 2.095400000000000000e+04 2.095500000000000000e+04 2.095500000000000000e+04 2.095600000000000000e+04 2.095600000000000000e+04 2.065900000000000000e+04
2.002200000000000000e+04 2.002300000000000000e+04 2.002400000000000000e+04 2.002400000000000000e+04 2.032500000000000000e+04 2.062600000000000000e+04 2.032700000000000000e+04 2.062900000000000000e+04 2.062900000000000000e+04 2.033000000000000000e+04 2.033100000000000000e+04 2.033200000000000000e+04 2.063300000000000000e+04 2.063400000000000000e+04 2.003600000000000000e+04 2.003600000000000000e+04 2.033900000000000000e+04 2.034000000000000000e+04 2.004100000000000000e+04 2.004100000000000000e+04 2.004100000000000000e+04 2.004400000000000000e+04 2.004400000000000000e+04 2.034600000000000000e+04 2.034700000000000000e+04 2.034800000000000000e+04 2.004900000000000000e+04 2.004900000000000000e+04 2.005000000000000000e+04 2.005000000000000000e+04 2.005300000000000000e+04 2.005300000000000000e+04 2.065500000000000000e+04 2.065500000000000000e+04 2.065600000000000000e+04 2.005800000000000000e+04 2.005800000000000000e+04
2.002300000000000000e+04 1.972400000000000000e+04 1.972400000000000000e+04 2.002400000000000000e+04 2.032500000000000000e+04 2.032700000000000000e+04 2.032700000000000000e+04 2.032900000000000000e+04 2.033000000000000000e+04 2.033100000000000000e+04 2.033100000000000000e+04 2.033200000000000000e+04 2.033300000000000000e+04 1.973600000000000000e+04 1.973600000000000000e+04 1.973600000000000000e+04 1.973900000000000000e+04 1.973900000000000000e+04 2.004100000000000000e+04 1.974100000000000000e+04 2.004100000000000000e+04 1.974400000000000000e+04 1.974400000000000000e+04 1.974600000000000000e+04 1.974600000000000000e+04 2.004800000000000000e+04 2.004900000000000000e+04 1.975000000000000000e+04 1.975000000000000000e+04 1.975000000000000000e+04 1.975300000000000000e+04 1.975300000000000000e+04 1.975300000000000000e+04 1.975500000000000000e+04 1.975500000000000000e+04 2.005800000000000000e+04 1.975900000000000000e+04
