output_new_topo_ddd_3/finaltopo_topographic__steepest_slope.asc
ncols 300
nrows 100
xllcorner 0.0
yllcorner 0.0
cellsize 10.0
[rows 17 to 33 of 100, columns 111 to 147 of 300]
2.135055001020583543e+00 4.025883981694141411e+00 3.411737325958742240e+00 3.645204461227300019e+00 2.009978021918814584e+00 7.581237180383283425e-01 6.980548252896227046e-01 6.333019081932235173e-01 5.566174509169485862e-01 5.327046230476554234e-01 4.758736386534355156e-01 3.370360798544643988e+00 3.587503118052473017e+00 1.754902927105186361e+00 3.495843519629488139e+00 3.522804416102326197e+00 1.751410312879418285e+00 3.253348472249423473e+00 2.368624753527909799e-01 3.455511662439478382e+00 3.461715288205648111e+00 3.350106439211288034e+00 1.329175818099784523e-01 1.336443142444753984e-01 3.385082763333042699e+00 3.872094597803200422e+00 3.455633467311721052e+00 3.344682959127157851e+00 1.241992878750693280e-01 1.249104866602794017e-01 3.107441931676677704e+00 2.645921961062351002e+00 3.402827192201047790e+00 3.695904530430519142e+00 3.432975512500003212e+00 3.401008049875776429e+00 3.122784817158958504e+00
3.741911040279165324e+00 3.951790544389431226e+00 2.955906029870312146e+00 3.558889322192012816e+00 3.617282335190216802e+00 3.642532323660449656e+00 3.583664552920703184e+00 3.692675845476867558e+00 3.593853770665637715e+00 3.316235696995607718e+00 3.024130944640748275e+00 2.977031636050043173e-01 2.914329781311778556e-01 2.837889457973007401e-01 3.347812359195586396e+00 3.596803731371801316e+00 3.145569286165442513e+00 2.391116705770326700e-01 3.297409116696847775e+00 3.602222698930602984e+00 3.444613807118998672e+00 3.354534719123445363e+00 4.468028540112541913e-01 2.493520636128995882e+00 3.702732126179904437e+00 3.189673912429233482e+00 3.297797488920279907e+00 3.315216718291014608e+00 4.827966086255600087e-01 3.171739184112510657e+00 1.794076439224316699e+00 3.683421433709818782e+00 3.414688959165048221e+00 3.646326891980811613e+00 2.043845456203295718e+00 1.524671776941828316e+00 1.175448893310136134e+00
3.789372734935460230e+00 3.029782109775153831e+00 3.494279509293309438e+00 2.494765393054990010e+00 3.370934502120053189e+00 3.451686025999492813e+00 3.630284250191459616e+00 3.042673654019943275e+00 3.553113098194680575e+00 3.454166863037460011e+00 3.990942337077320601e-01 3.235296344847728101e+00 3.516953175615654459e+00 2.303154010613460034e+00 2.590166766000890908e-01 2.576557695536138004e-01 2.431663045205999241e-01 2.899011700383007817e+00 1.960629656018354039e+00 3.155981464078396748e+00 3.994429341943951606e+00 4.766814298223878144e-01 2.447647696930304928e+00 3.643325664070493630e+00 3.274904679446820843e+00 3.691221215786426146e+00 1.151739666664907791e+00 5.252653967357905351e-01 1.933494106600780027e+00 2.506518156739310665e+00 3.797742664676317936e+00 3.875084869707257962e+00 3.169339328019154411e+00 3.363694278428083440e+00 3.578836376431472122e+00 3.480059691615680517e+00 3.391377630386961162e+00
3.811065181025460102e+00 3.408851484340564841e+00 2.006481617547760443e+00 1.485397697270496975e+00 1.076929800965015671e+00 9.721443644414478058e-01 8.669929212746426694e-01 3.332774396607078415e+00 3.442319826700713570e+00 4.147829629120793338e-01 3.444660741446625707e+00 2.554437266394752104e+00 2.990239638622796736e+00 3.336550558874435524e+00 7.308091658934869894e-01 3.379820843502412409e+00 3.422435266244900909e+00 7.394157757002807196e-01 3.494362025837486563e+00 3.041935935844292782e+00 3.839770984403185317e+00 4.886054906650357799e-01 3.485194080893458501e+00 3.370253604751012322e+00 3.648530925053390384e+00 1.722711106760216326e+00 3.195202203915532557e+00 6.124240310009085864e-01 3.178319671855517559e+00 2.488843555511421446e+00 3.400170014694184228e+00 3.243927231832154146e+00 2.011872954364231081e+00 3.665618469055914375e+00 3.293262441635671500e+00 3.618003072375071127e+00 3.540047112724208578e+00
4.187243003064475388e+00 3.107259601111634240e+00 3.324967333427727656e+00 3.193078963427234296e+00 3.121170660263660857e+00 3.023926801545812282e+00 3.130109539417174069e+00 4.889732351253058829e-01 4.261060866683390458e-01 2.419711548056727501e+00 3.684025041819246393e+00 3.125923990250518703e+00 3.654715517414251824e+00 1.277755370822148517e+00 1.004363572700128771e+00 3.324125189031030825e+00 3.395630587117463683e+00 7.738454871421908132e-01 3.383697823713168962e+00 3.673095759196473686e+00 2.725751506544796143e+00 5.017118126722692750e-01 2.560178816141899460e+00 3.566183048517572729e+00 3.487274217288737876e+00 3.169348267182331647e+00 3.381305013392953640e+00 6.531762715923662421e-01 2.019102754718524295e+00 3.624816142927798523e+00 3.021675829997985563e+00 3.567958387084646965e+00 2.567795833026446317e+00 1.509273219326571880e+00 3.354312119023148853e+00 2.430183866403901050e+00 4.682334806899740021e-01
3.561104483617969940e+00 3.347946290100392908e+00 2.019588412957520340e+00 1.120831849357927013e+00 9.851687175695588161e-01 8.852883811808084369e-01 6.547393051364195360e-01 3.088185801694899535e+00 1.079758014209428962e+00 2.474005490050461997e+00 3.378589627156125541e+00 3.712251349330122796e+00 1.802940442410956079e+00 3.277455437539592342e+00 1.149386766935145854e+00 3.413823040076044979e+00 3.544459521733853258e+00 8.568065327051556102e-01 3.524428059406693681e+00 3.591244454519119333e+00 2.544939021258386447e+00 5.359169147351906526e-01 2.478389300599539435e+00 3.525210794768869782e+00 3.695553051705212422e+00 2.045135550002450397e+00 1.033763959681712086e+00 1.094189422941978851e+00 3.608100236331674093e+00 3.423684440440924348e+00 3.656926984706077466e+00 3.626467691891997358e+00 3.492946768526313583e+00 5.656410996655424350e-01 5.107836560994470920e-01 4.957485597475130290e-01 3.461691310459559467e+00
3.908789904627701706e+00 3.728202702017040515e+00 3.315924319193388925e+00 3.504808945512502216e+00 2.401704335553773717e+00 1.052935636158686350e+00 3.584054824223380731e+00 3.209679126725649034e+00 1.156592879011466790e+00 3.656775395209038493e+00 3.293928335732207557e+00 3.671106320761007957e+00 3.785855650707199427e+00 3.598145252873411248e+00 1.752920582254736903e+00 3.414628883633043621e+00 3.613311257639133967e+00 9.701958204437687305e-01 3.524365911975931631e+00 3.564139566386978597e+00 2.519646437608298761e+00 5.794376984508744499e-01 2.002902222671579580e+00 3.775749775541263009e+00 3.479197544598811920e+00 2.608908241297378083e+00 1.682833014603122068e+00 1.262568068100679897e+00 3.666033324921315284e+00 3.626350358273438879e+00 2.081045249888259896e+00 1.163052862307389912e+00 6.883312290895348129e-01 3.179834718893373324e+00 1.685594318435241323e+00 3.696843564740034171e+00 2.620754942557293354e+00
2.099266451385810139e+00 3.759233193385790983e+00 3.472784876866721326e+00 3.062095838758223554e+00 3.540729176297049641e+00 1.724626118461347390e+00 3.235582595343775569e+00 2.562300081801602847e+00 2.620156493533298381e+00 3.579540667776668350e+00 3.306322238429120652e+00 3.660956650878091523e+00 3.081526958071077793e+00 3.582398738316071807e+00 3.766177205531789696e+00 3.349891282372042145e+00 3.652038121836852724e+00 1.147309281286024385e+00 3.497208286402499589e+00 3.597278428913207815e+00 2.529199695779217993e+00 6.563181457489349890e-01 3.440087019107210153e+00 3.434446595525079360e+00 3.464348666190079307e+00 3.777086586959267134e+00 2.600417867406548567e+00 1.794659072629716023e+00 3.712643529952122545e+00 3.537368714729225427e+00 2.576179092413415805e+00 1.991737642951819875e+00 1.032687933319471174e+00 3.231181548438576190e+00 2.572830180745688811e+00 3.239906415643334370e+00 3.247309404064580463e+00
1.096020626903924766e+00 2.526765921878044274e+00 3.771646104215801820e+00 3.841743038285623690e+00 3.175536591687120769e+00 3.764817518583737588e+00 3.405000835253887637e+00 3.161139475849154223e+00 3.219687852326501343e+00 3.405744454333052840e+00 2.574902494819026888e+00 2.642769563855659865e+00 2.555523447523118108e+00 3.449228010157584734e+00 3.869940863355930016e+00 3.584201468152547143e+00 3.433047541544592463e+00 2.045484857274530555e+00 3.487598377659766768e+00 3.632147166027624330e+00 2.510102323127651580e+00 8.278569405668093628e-01 1.553243063177573102e+00 2.155753961064752477e+00 3.809134792331002384e+00 3.683385970230728557e+00 3.684082076447845022e+00 4.121544533803446875e+00 3.866835682412383957e+00 3.642083402597907416e+00 2.705949379034689350e+00 2.578721064029852794e+00 1.571407080491135755e+00 3.425428567094050525e+00 3.042041060707785682e+00 3.426177063317465521e+00 3.683575803310861652e+00
6.179705977684717411e-01 3.275800567045970890e+00 2.126745774922775389e+00 3.724697165581605240e+00 3.827543244610819961e+00 3.523443363360906577e+00 3.541368819410567692e+00 3.838172910256310022e+00 4.033629569198072140e+00 3.328406413533409047e+00 1.967126763497127007e+00 1.157495967050809371e+00 3.268887598809752326e+00 3.499059046513763427e+00 1.773543948217132904e+00 3.636102205111625629e+00 3.357826080801168622e+00 3.440402518716260349e+00 3.231126470996163125e+00 3.880210082557963069e+00 2.089371726243388405e+00 1.251180875343578691e+00 2.583481964101100647e+00 3.838254032142600636e+00 3.862617077308632130e+00 2.867805816005338126e+00 2.297246800773971920e+00 3.242419031379810690e+00 3.200847645050004520e+00 3.648784814909744600e+00 3.772399619193303799e+00 3.780500880191878466e+00 2.145668397529578719e+00 3.274267884981722609e+00 2.023049684277236970e+00 1.539228049748177840e+00 1.033191400219300338e+00
2.480035238074074666e+00 5.540969716036304726e-01 3.190402199799856842e+00 2.052382033704863940e+00 2.586813644724709427e+00 3.549782001047083302e+00 3.358122342472520838e+00 2.071238510188851301e+00 1.286280780581525063e+00 3.531028994376439023e+00 3.282414195646524036e+00 9.015027866056676276e-01 3.561025977802131592e+00 3.292782786138971574e+00 1.148597367793172452e+00 2.457047155886396439e+00 3.637692370278563292e+00 3.653615937897779720e+00 3.525978745516504809e+00 3.683242074340049133e+00 3.599835135181579382e+00 1.794619284752576593e+00 3.774219584015273909e+00 3.755522039952950308e+00 2.721419644831439832e+00 3.426976269562757693e+00 2.473618836491628503e+00 1.286099853408708693e+00 3.499772761030112811e+00 3.107377017348134984e+00 3.282644956458852903e+00 3.737572960168449754e+00 3.815735095273274258e+00 3.366427057606771633e+00 3.496294379323463541e+00 3.610628294504575564e+00 3.672120560423192792e+00
3.615885253998664339e+00 3.604828703503270226e+00 5.030500736716100318e-01 1.952109047077618786e+00 2.536688737410627059e+00 3.850398607706114085e+00 3.944048583689723220e+00 3.037264183183390198e+00 3.601604880835298950e+00 1.071995419117926840e+00 3.387218209720205486e+00 3.205647039061500614e+00 8.210304113371132972e-01 3.210107700955958876e+00 7.379193824135905633e-01 1.175799544865614665e+00 1.261585154229436512e+00 1.744579685800931701e+00 2.591534086398795012e+00 3.092450312016677749e+00 3.463445933278336053e+00 3.846437111334966907e+00 3.777830122457604745e+00 3.057873379009420578e+00 2.368610554240063948e+00 3.230825600963164845e+00 3.426178813956573865e+00 9.343437178198741311e-01 3.429971501541234424e+00 3.166777678348492664e+00 1.973526521164564063e+00 3.158411213869301459e+00 3.808852529964934952e+00 3.906613657492200353e+00 4.000893992573187674e+00 3.219136963899955628e+00 3.082073599704861611e+00
3.585975281702272532e+00 3.475888123230401305e+00 3.447107327708661906e+00 4.636210557162053769e-01 3.192006647768340422e+00 1.814948297322536819e+00 3.907594800909251376e+00 3.437520061755626966e+00 3.374694084532907645e+00 3.359853244112136483e+00 8.753655655482418529e-01 3.243800100257735242e+00 3.276684756830897438e+00 5.110840513416547992e-01 3.018314390657150348e+00 3.149621654794358960e+00 3.240952481592182632e+00 3.336567323091895965e+00 3.450325720660091022e+00 3.767525000233781896e+00 4.107105158329517280e+00 3.986768546182022810e+00 4.033797656092047212e+00 3.353973835332064279e+00 1.429512220023022806e+00 3.046482377194851487e+00 2.369495969748757425e+00 5.902051134784276343e-01 3.325888155335414265e+00 3.462270656238507716e+00 1.208200337260480373e+00 3.367295756146555075e+00 3.978082246210607131e+00 2.099916748069134087e+00 1.277444647567132385e+00 3.547842319672132483e+00 3.752434273076131976e+00
1.273260522159217034e+00 3.310140672906101145e+00 3.363729990817714288e+00 2.988403326967139062e+00 4.203738466618602843e-01 2.478736624930553578e+00 3.453418504028883174e+00 3.461323187679482771e+00 1.722084151747942160e+00 3.196322940585829997e+00 7.767495197831522091e-01 3.380207874137312274e+00 3.455584596315293133e+00 4.881059321349809355e-01 9.017108257163560792e-01 9.503118014367402111e-01 1.055869166814923599e+00 1.713985685144007176e+00 3.687776679856099804e+00 3.810543923379524411e+00 2.152932585960604772e+00 1.846677524459213959e+00 4.121841438881341801e+00 2.902710921234913144e+00 2.379151093219886270e+00 9.155797285226355831e-01 8.386624461598723990e-01 3.111923844965656549e+00 5.547321699363015890e-01 9.772923750934040532e-01 3.158570623208470263e+00 3.060886208378209350e+00 3.970488013632737623e+00 2.094896715504748208e+00 1.509338715301241418e+00 7.868781793931333146e-01 7.428002632675572148e-01
2.039263356832958785e+00 8.721526739413434370e-01 7.331212867012311118e-01 6.986094723490339220e-01 3.539937989364319026e-01 3.367591001815902985e+00 3.727519015566512106e+00 3.374448460700460561e+00 3.604070803787124078e+00 1.373097139407458922e+00 7.255043335253759107e-01 3.308143110448798829e+00 3.380539559798846572e+00 4.149946712799986170e-01 1.980958546182570501e+00 3.454339791526050085e+00 3.530451569270815160e+00 3.374727550760892480e+00 3.084504299094367408e+00 3.958341074190369291e+00 1.024269540945465407e+00 3.374747718996244039e+00 3.901145798844122936e+00 3.978791098941177662e+00 3.246346091502237741e+00 2.636281423476768193e+00 3.309166179835790533e+00 3.345587889495771794e+00 3.298368136326786271e+00 4.458208669169124727e-01 1.920735961240447320e+00 3.356040841083921755e+00 3.563256214303256453e+00 3.699438639512615090e+00 2.639851960585159585e+00 3.292775012626900200e+00 3.087068687476390405e+00
3.758121296316304871e+00 3.733552652550682360e+00 2.053646328372590979e+00 3.393764703679806871e+00 2.383574655086347693e+00 3.478444848911455001e-01 2.510973271437272558e+00 3.740390809567281316e+00 3.027850895823149369e+00 3.408380851443240545e+00 6.116572951415590875e-01 3.102952341886718646e+00 4.028138053210881253e-01 3.302057072297869045e+00 3.565068397663627042e+00 3.546983806591049060e+00 3.356162362157005141e+00 3.856362072022278653e+00 3.430684087299077589e+00 3.893153632300118350e+00 9.246271991278746105e-01 1.577057465908432210e+00 2.176209027689779418e+00 4.148302136616021762e+00 3.714360796674931908e+00 3.541950106681836186e+00 3.915501288677978309e+00 3.779180091638070671e+00 3.394373478472101802e+00 4.345308224548972698e-01 3.290793430783279128e+00 3.523662998858609008e+00 3.335690104323276284e+00 3.544501518507138016e+00 3.771273888731315083e+00 2.108685882872421757e+00 1.192598957144087146e+00
3.228027271383347774e+00 3.630808097836553561e+00 3.727673805095804482e+00 3.165678405643354676e+00 3.348807570147021906e+00 3.186327154300452769e+00 3.259223581094135014e-01 3.556683855377792636e+00 3.437035037335841370e+00 2.430767681858195139e+00 5.749794578029238101e-01 2.973101739490318973e+00 3.901983574400884613e-01 2.719955497918438603e+00 3.667488713113465248e+00 3.176384927025591942e+00 2.026234735416308386e+00 2.072209793292216773e+00 3.471975743179990026e+00 3.763662368691558235e+00 7.209318853031078111e-01 3.240312932411975932e+00 3.698999656565541638e+00 3.463806387140882848e+00 4.421904707578468319e+00 4.446141244605835041e+00 2.354247572146058953e+00 1.194074074482057268e+00 1.038536661035672548e+00 3.912365518250233154e-01 3.081469073548623872e+00 1.491196174860223600e+00 2.466566151201794899e+00 3.016912063252712439e+00 3.941195232294504525e+00 3.865731950057503585e+00 2.118005431062639055e+00
