output_new_topo_ddd_3/finaltopo_topographic__steepest_slope.asc
ncols 300
nrows 100
xllcorner 0.0
yllcorner 0.0
cellsize 10.0
[rows 17 to 33 of 100, columns 37 to 73 of 300]
1.235390689985539359e-01 1.231936402565864397e-01 1.231123839266359682e-01 2.976695389821560234e+00 7.085045128629652300e-01 3.418202752309370762e+00 3.598704466705846539e+00 2.976012610747848619e+00 3.624083520209595122e+00 6.657027064658024296e-01 3.389995223560597903e+00 3.131286525344256777e+00 3.230774211453953715e+00 2.023967311217347742e+00 3.342707435694479923e+00 3.758440966159545926e+00 7.177229546225618595e-01 3.432780092987229636e+00 2.004655678053623546e+00 3.808064420546508622e+00 3.489747922506941880e+00 3.645274889733277845e+00 3.287067938970483105e+00 7.018420063332784231e-01 3.821919946622287512e+00 3.282691390243391627e+00 3.231218156727854840e+00 3.485766727698091927e+00 2.485700346564433172e+00 2.937769603376116923e+00 3.235976307041113387e+00 3.278483861100292440e+00 3.626387225097892131e+00 3.729423607326102452e+00 2.145162773858564353e+00 2.523349744193637889e+00 3.424034919889175299e+00
3.344803817223496623e+00 3.365361651669805276e+00 7.423782710241582095e-01 3.183482299936116533e+00 3.247761247421002029e+00 7.803045474363875522e-01 3.710792421978831523e+00 3.579237270927528414e+00 3.592041548585159116e+00 3.607278556562215410e+00 7.460728701657746154e-01 1.511628860157745224e+00 3.543691781386627326e+00 3.569567574375213326e+00 3.129147226420758710e+00 3.674424520175763487e+00 7.819220438805117857e-01 3.451677271512691991e+00 3.227263739460889180e+00 3.670531222335244426e+00 3.000205413081341810e+00 3.537080609234695139e+00 9.121450036535491135e-01 3.376447388150808138e+00 1.534182433541284585e+00 3.790450899573863719e+00 3.777196048226741709e+00 4.133533509590591848e+00 3.783358146801782951e+00 4.013900381198300948e+00 3.733289243436030969e+00 3.766036193417355182e+00 2.708007108076446734e+00 3.366757453359424002e+00 1.541590267333027953e+00 1.641865648671994471e+00 1.986902912262372922e+00
3.653782917029253952e+00 3.337691762060670531e+00 1.193481402834957850e+00 1.097749970904078776e+00 3.185437242679043379e+00 3.388857431226581785e+00 8.924678072005131080e-01 3.713606181907270987e+00 3.344280147429960159e+00 3.381705782585149311e+00 1.132632167433294423e+00 1.892243255785169387e+00 1.984187974192782589e+00 3.444239837370727919e+00 3.748125754181290681e+00 2.039980745040974597e+00 1.488948958289701308e+00 1.365022551547022012e+00 2.057055620382283401e+00 3.702847231029676500e+00 3.590368126651216407e+00 1.452603299040041263e+00 1.653508845691507689e+00 3.323699400455577546e+00 3.687828913179552526e+00 3.196443057436601176e+00 3.954768663008564555e+00 1.878280517249518722e+00 2.486025789299812772e+00 3.960452345691675369e+00 3.610744899478617320e+00 2.529787487496400367e+00 1.740443181558518182e+00 3.357868291150117646e+00 7.484531405598733311e-01 1.343802648852015169e+00 3.795259214844341589e+00
3.572891958103324939e+00 3.448616183321704831e+00 1.688720685455824322e+00 3.367395393819444305e+00 1.400967577850282364e+00 3.157515338110729708e+00 3.599436419298451817e+00 1.063000739689196950e+00 3.701974959694996237e+00 3.226552401770273359e+00 2.572680358358829356e+00 1.966911803076268894e+00 2.442201900691641558e+00 3.433609447110174351e+00 3.570923673917016927e+00 2.037439924797448842e+00 3.585508596103823997e+00 3.533857882000165596e+00 3.485854522347810569e+00 3.262652721587426807e+00 3.128660127784057554e+00 3.360345227690089587e+00 2.499230192381864502e+00 3.165676674443804295e+00 3.642341495062230372e+00 3.732606080883277944e+00 3.973569130802965699e+00 1.070396488005104674e+00 3.812102389426678339e+00 3.375046347642071343e+00 2.618103569099628380e+00 1.513416921914142677e+00 1.165948945278187265e+00 6.316909538646655609e-01 3.364768065982053802e+00 3.217362753278264709e+00 3.500660397326674111e+00
3.502404816919732600e+00 3.140598377600303692e+00 3.646558493714644467e+00 3.326634010250181461e+00 3.685484619459842293e+00 2.085321902701006813e+00 3.379464669466250459e+00 3.807810519236215718e+00 1.568020393825525716e+00 3.806945149126707229e+00 3.352908086942020027e+00 3.417978266040441415e+00 3.340618537773064389e+00 3.070809523286862852e+00 3.486563230740020725e+00 3.318550508655107478e+00 3.677318280112883642e+00 3.953452785382293833e+00 3.630213045227254298e+00 3.902321737422593806e+00 4.124359920781325073e+00 3.957181810524705856e+00 2.794012901224266265e+00 3.781983251273913549e+00 3.750132782535052112e+00 2.085150632394578540e+00 3.636702378670679359e+00 8.619024422569978583e-01 2.576446412922209106e+00 4.028207986487117864e+00 3.070955251240254036e+00 3.197940096386705733e+00 3.314077707830242137e+00 5.300240435070037170e-01 3.427610636100828945e+00 2.566413576830573362e+00 3.216678036048256306e+00
3.661500757979425202e+00 3.798918369317070276e+00 3.661489308370251106e+00 3.605795286440035774e+00 3.526645045515443222e+00 3.557851160386974243e+00 3.381684902695459627e+00 3.251763076581567713e+00 3.872019293124194128e+00 3.606255322639643435e+00 3.606014893469957627e+00 3.955105551266098196e+00 3.997610167968582484e+00 4.030649932856580797e+00 3.477497836694152689e+00 3.658733780317600104e+00 3.695976099626532729e+00 1.787694351905311452e+00 3.265812434160285438e+00 2.672207106298893020e+00 1.836425976885763367e+00 3.821515697160086322e+00 3.214115069856315454e+00 3.889487449395254703e+00 2.647978595144443670e+00 1.532738963277287869e+00 3.426158448898660058e+00 7.569125980326945058e-01 3.166153581566812925e+00 3.645942849087762561e+00 2.728299478767576058e+00 3.680109449975260905e+00 1.988286931192699614e+00 4.724169835472068479e-01 1.718413097176971771e+00 3.674834074271049467e+00 3.297150122747758427e+00
7.849519322472786609e-01 9.820637678856541930e-01 1.095889935768245449e+00 1.783385996842866916e+00 4.053293129741307510e+00 3.120930657980545586e+00 3.409427780316624190e+00 3.964444099475875394e+00 3.626172623313859589e+00 3.399248010480155457e+00 3.734337726951401759e+00 2.099399950054957831e+00 1.824387120435598364e+00 3.840285672902768788e+00 3.309050292330374621e+00 2.593696178779504535e+00 2.520854724947499736e+00 1.242157234749483141e+00 3.353723094560169038e+00 1.220721748775619897e+00 3.233538897235701093e+00 2.500695652639478794e+00 3.271475195480026521e+00 3.953785125733324524e+00 2.103895742289949577e+00 1.189281836611753906e+00 3.279648557532504949e+00 6.974362594830907369e-01 3.839804664003514834e+00 2.753743083755894716e+00 2.023196739052627979e+00 2.972980870926895225e+00 3.492066767991998777e+00 4.626025970086317107e-01 3.151286239276918089e+00 2.542098000548401071e+00 3.585949945046725151e+00
3.497179058424423115e+00 2.054491656292873003e+00 3.606005327199402366e+00 3.630354581535552239e+00 3.326498473224316577e+00 2.553909145857957252e+00 3.718652645351248509e+00 1.554028510953006759e+00 3.742611163975331667e+00 3.501125840130864475e+00 2.527744850684042532e+00 1.058886540676968524e+00 3.492046333243986389e+00 3.300168632470215080e+00 3.306940288048350940e+00 2.406789489302136431e+00 1.970985261386201115e+00 8.870972174214792894e-01 1.055191225322002380e+00 2.943010772162578892e+00 1.999838445290765820e+00 2.483201167871415205e+00 3.343279959667240675e+00 3.673937103423183803e+00 3.524590871094765987e+00 9.250575681137405137e-01 3.111882769607950738e+00 6.448559735541408156e-01 3.572738396902285452e+00 3.246339905080374511e+00 1.376445125055289376e+00 3.504839655489154548e+00 3.033716076632451575e+00 4.209557289921664891e-01 1.145765123889228132e+00 2.033230401175356583e+00 3.456994375137564468e+00
3.632327556149403058e+00 3.785073527664165827e+00 3.445332299751325600e+00 3.185920494294137484e+00 3.642155606387760258e+00 3.567590234097427704e+00 8.722727657047433247e-01 2.465326412848004800e+00 3.415530667102763207e+00 3.723077687352390974e+00 1.967447376270454074e+00 8.695172548214600283e-01 3.389842433922017229e+00 2.459990775944961960e+00 3.695993335569907945e+00 2.341341236988881747e+00 1.981111175481524267e+00 2.995027733591614005e+00 5.181514789172875224e-01 8.513851014236678560e-01 1.150452443836745386e+00 2.039086262022961282e+00 3.502921613742810969e+00 3.898991308133227474e+00 2.149873096695718466e+00 7.864157143041075049e-01 3.128239669440053383e+00 6.322651886893791984e-01 2.975099250689426267e+00 1.218543228037081594e+00 3.127746577809333850e+00 3.477096069087656449e+00 4.042187022548311415e-01 2.453359758100842392e+00 3.488959127096130430e+00 3.255920887371208661e+00 3.569573043063770879e+00
3.133350054607743296e+00 3.285922867233507016e+00 3.508653726109666415e+00 2.588701562625542074e+00 3.531990059539764193e+00 7.280450313735552514e-01 2.437414592558144300e+00 1.963384885899751353e+00 3.379833272075265516e+00 3.974352061956675009e+00 2.114887893620919890e+00 6.914036697124591457e-01 3.364438560373196108e+00 3.668003355050120540e+00 1.707956062216205328e+00 1.961027245377311656e+00 3.130358412621824016e+00 4.769094257239182011e-01 3.415091768032714192e+00 3.661078980407057593e+00 3.727169301447001537e+00 3.574458311194938620e+00 3.412461635203977384e+00 3.487502138553514985e+00 3.470858248446393901e+00 3.695029577886893346e+00 4.744827939376662918e-01 2.827112769508175916e+00 1.100034128360197760e+00 3.241672945912675630e+00 3.260856615110293344e+00 3.890855997357339224e-01 2.489406418301967960e+00 3.627145086948878827e+00 3.259158443740977962e+00 3.619620313547257329e+00 1.176179928364771810e+00
3.395738834727906497e+00 3.595573921113951688e+00 2.054733798040627946e+00 3.279244547577900626e+00 6.390953845838708292e-01 3.667424266558604984e+00 3.621930670249299489e+00 3.357968894804554072e+00 3.170383091459311853e+00 3.762523163311271457e+00 3.648655772909806139e+00 2.599914068229657094e+00 6.008375760502545626e-01 5.467826427424123947e-01 3.121280369819150913e+00 3.179521529695514825e+00 4.390407865004615218e-01 2.437347302649442327e+00 2.632885265689110188e+00 3.353331316614533542e+00 3.172380188591489514e+00 3.283107856158655746e+00 3.654770708071321650e+00 2.072967802627229794e+00 3.176472959459240464e+00 3.683760379153881992e+00 3.608474351138143188e+00 4.516276085262043716e-01 2.770896988076783973e+00 3.452060049806941477e-01 3.726756996717582870e-01 3.612237811757366135e+00 3.696765842378459954e+00 3.300575744410024548e+00 3.033319157198223870e+00 3.989064995881945297e+00 9.899182875734678921e-01
3.645760289227779616e+00 2.051070102620606406e+00 3.085134978514717741e+00 5.532577190188504579e-01 3.339260642583651961e+00 3.571331638562621702e+00 3.378016764671629257e+00 3.343301538983219690e+00 3.884507243627950857e+00 3.429089148668833964e+00 3.686768907272445439e+00 3.864902077278036696e+00 2.578064055373749941e+00 2.441104510278960138e+00 5.076788347866697526e-01 4.178202362405471493e-01 3.402711587178115060e+00 3.630683486118092773e+00 3.379700251915259468e+00 3.380902378328389357e+00 2.639204129348985184e+00 3.266558598942049141e+00 2.608719961229510886e+00 1.349714981963576532e+00 3.498225420785709527e+00 3.305580847189471871e+00 3.519934440818320631e+00 3.345407111806554035e+00 2.682675039397750538e-01 3.121807962732918718e+00 3.651676630704565607e+00 3.762420381860696494e+00 3.201003625163766575e+00 3.776458484062549026e+00 2.475337867589584739e+00 3.177043095126218741e+00 3.444748979598587280e+00
3.548213012483980133e+00 1.533176502618952997e+00 3.055916786348960468e+00 5.225132599168403891e-01 2.642350738465398585e+00 3.324101012514097508e+00 1.968704352052814910e+00 3.527448183613041799e+00 1.801402577730206955e+00 3.672373492777208703e+00 3.181987314863059080e+00 3.535914478617625090e+00 3.525841576725996518e+00 3.679094256275735830e+00 3.447538163647950960e+00 3.168243854999424625e-01 3.620306772104027182e+00 3.641751086083691469e+00 3.132867658022707058e+00 3.423473937357091490e+00 1.517088330523783668e+00 3.330832687391772406e+00 3.802890389300225049e+00 9.821975880160640493e-01 1.964859171453532838e+00 3.496478275902879851e+00 3.749818099337582034e+00 3.412315141132965746e+00 2.635748890764773034e-01 1.992581393680123325e+00 3.605391699608189615e+00 3.381732809770445769e+00 3.624861442414288426e+00 2.018503812416029941e+00 1.985523209876110862e+00 3.020423026636784858e+00 3.642983149798311615e+00
3.491918506073480977e+00 4.511473387011938896e-01 4.915864748689372510e-01 3.580995209668894397e+00 3.448583788626351510e+00 3.195897058296844673e+00 1.682981832550099366e+00 1.277980731877042864e+00 3.650294440945837771e+00 3.288438010872117623e+00 2.633354767305843502e+00 3.270073747565425570e+00 3.004029097702903162e+00 3.615912463522128473e+00 3.687593854891184186e+00 3.051027866296806002e-01 1.704015701262965532e+00 3.934008703516076455e+00 3.489417172986442051e+00 2.454378512349056685e+00 1.063492249179404325e+00 3.581002599479529813e+00 3.296265227500457140e+00 3.462690235080388756e+00 7.499572605066276987e-01 3.405519106564868448e+00 3.690477196153561401e+00 2.625052136177196127e-01 3.011107693307965238e+00 3.420642219590630528e+00 2.989720002163682278e+00 3.654708579775134414e+00 1.994482205716123335e+00 1.222557663158924779e+00 2.313914203568066430e+00 3.624175097333831363e+00 3.259673267086809378e+00
4.403400283367311374e-01 3.195778280422531203e+00 3.588167928844525623e+00 3.582725778049187237e+00 3.421524480775568922e+00 3.584910957086077765e+00 7.848310278900455517e-01 2.003352293750450208e+00 3.699863535134112258e+00 3.551079191554171732e+00 1.368932034987168089e+00 3.617053378173442191e+00 2.395711009496126476e+00 3.865027729462973127e+00 2.073050769423200990e+00 2.986785627601215021e-01 3.597975974659052500e+00 3.136134216354742321e+00 3.602709046280462957e+00 1.667822294751795109e+00 9.738300086930250510e-01 3.681295968204878477e+00 3.271155670958716843e+00 3.628682236634006131e+00 7.079994191315499563e-01 3.304630811083579367e+00 3.184643761714113452e+00 8.546140399789997621e-02 9.195897041560101293e-02 3.333084582940323948e+00 3.729757203503341945e+00 3.353232245548773527e+00 9.248182127763694693e-02 9.095106551660450678e-02 9.237556901762360162e-02 9.302138823495909037e-02 9.288288383395411352e-02
4.267129952186272668e-01 2.589766785805430516e+00 3.321941974883033222e+00 3.502209836799983655e+00 3.615195712034195985e+00 7.079663538581330018e-01 3.397593130509467763e+00 3.461305418567792280e+00 3.322568704271616991e+00 3.234524909431593986e+00 3.285148392787009097e+00 9.791740366126603368e-01 3.490495171329663915e+00 3.138471074919184201e+00 3.692285179918814997e+00 2.971317370448886552e-01 3.597321114716359514e+00 3.348430415922480474e+00 3.556230965414792333e+00 7.270207738004927922e-01 3.215423654217448579e+00 3.301527196960859278e+00 3.645699559498191800e+00 2.399437661225302776e+00 8.377823731275560459e-02 8.513024852753617311e-02 8.609895184271323942e-02 2.905226776082214801e+00 3.113641212203733577e+00 9.252905416039895747e-02 9.122192952301019786e-02 9.254383498697364707e-02 2.872644918791127822e+00 2.426490174247966536e+00 3.676799798061615832e+00 3.447866302582818232e+00 4.650483106173098347e-01
3.017748230466831050e+00 3.419735432438229417e+00 3.406619566358627171e+00 3.576666366636372718e+00 5.756343119145598264e-01 1.452778903497390584e+00 2.026842635415017746e+00 3.639414865979895719e+00 3.783775722019094623e+00 3.828549852798100339e+00 2.529636993901072994e+00 3.170353416417077685e+00 8.365541299178625989e-01 3.374108729363046955e+00 3.885401107693081890e+00 2.976083161602886551e-01 3.177636523562907378e+00 2.526968500844867016e+00 3.272534555056581862e+00 7.032107656509836158e-01 3.213912798501840307e+00 2.516583274201033227e+00 3.232493068343999632e+00 8.577660552215840561e-02 2.345304454623568180e+00 3.655978908855679776e+00 3.544987734929358592e+00 7.680757597727116970e-01 3.071563637390997137e+00 3.589169786788412697e+00 2.553075198259517009e+00 3.450843348692637313e+00 1.002311278313251064e+00 3.304754106419271587e+00 3.079461958800683075e+00 3.739854711584598590e+00 3.496297231694126317e+00
