output_new_topo_ddd_3/finaltopo_bedrock__elevation.asc
ncols 300
nrows 100
xllcorner 0.0
yllcorner 0.0
cellsize 10.0
[rows 17 to 33 of 100, columns 222 to 258 of 300]
1.170167591527810487e+02 8.578367868303698174e+01 9.058730344825391967e+01 9.552416461888201127e+01 1.007050580816584784e+02 1.330375182961052758e+02 1.474083524468698556e+02 1.302822368590071846e+02 1.478760404210525223e+02 1.748106781342501961e+02 2.092827425878342069e+02 1.986919532263802921e+02 1.631214045796712355e+02 1.789546963619062296e+02 1.719169181552960879e+02 1.553331510561595223e+02 1.213072904405394610e+02 1.514156800971647954e+02 1.663565718829258344e+02 1.628467329941709352e+02 1.514191629693947618e+02 1.855863740078075637e+02 1.729193082151659553e+02 1.340507985619663884e+02 1.375463841434668950e+02 1.055192645541601593e+02 1.302454433862721714e+02 1.621911548536650969e+02 1.463946054854251031e+02 1.247061692705338061e+02 9.474278099347823456e+01 1.291230993182038560e+02 1.553346846139322679e+02 1.749169827469067968e+02 1.797247636193439178e+02 1.822460441804593074e+02 1.938694807676206153e+02
8.336749997767468301e+01 1.136421081283435512e+02 1.255011939554066629e+02 1.325754314210174982e+02 1.348235696430175778e+02 1.089915221976653612e+02 1.152811689761348504e+02 1.479281834364364556e+02 1.702497656273190501e+02 1.872806736467545647e+02 2.069876703489787531e+02 2.041044189026897016e+02 1.695826268746544656e+02 1.452380805502938301e+02 1.373167896711194942e+02 1.299532285855011935e+02 1.492793545980607348e+02 1.181235501627414948e+02 1.461379844673589901e+02 1.267250785075795392e+02 1.603552494993095650e+02 1.784427824874745170e+02 1.708533710617131760e+02 1.432256563305379586e+02 1.088370323780938378e+02 9.719923519573352166e+01 1.160931073619546794e+02 1.484304350356706834e+02 1.303613645398521044e+02 9.185809711980857628e+01 1.214127986101507162e+02 1.060165340856572556e+02 1.259829941535305124e+02 1.623362598265969154e+02 1.857083541752294593e+02 2.029861944909379190e+02 1.924498698197006661e+02
1.120549318440009046e+02 9.567453103405199499e+01 1.302506870615629282e+02 1.538410478936336574e+02 1.575629756136551975e+02 1.358952539603533580e+02 1.489458521655733705e+02 1.284817416668599606e+02 1.391708835516735974e+02 1.567629451579041415e+02 1.959264591572398331e+02 2.042647851530138041e+02 1.692787828415176250e+02 1.774978224012896248e+02 1.471934623026371014e+02 1.663051031959531372e+02 1.687022417086984944e+02 1.399317106864059781e+02 1.149705951036008571e+02 1.127963736541918109e+02 1.432005245909204234e+02 1.462161234161759467e+02 1.561704971516752209e+02 1.210275223387248928e+02 1.191225331129531355e+02 8.919537610232983127e+01 1.191844052194835228e+02 1.352003695537566728e+02 1.209301185277441419e+02 8.983632762209121836e+01 1.247217681095695241e+02 1.383343018454809510e+02 1.203445115136052266e+02 1.370316863855058216e+02 1.620020611639576487e+02 1.798606314329807105e+02 1.661914960064115689e+02
1.292817068439082391e+02 1.150301138970688868e+02 1.110255780998205779e+02 1.317495235859070988e+02 1.675086618452512255e+02 1.712090911189955591e+02 1.745955076225293965e+02 1.668708641058590558e+02 1.753750689026520604e+02 1.873997173506901959e+02 2.053054956405297560e+02 2.139138231706486977e+02 2.039356961009119971e+02 1.968909590209944440e+02 1.643101017917273907e+02 1.939818705666665437e+02 1.894957495775569498e+02 1.680693680098933100e+02 1.516267218806454196e+02 1.423347824969750093e+02 1.097707198795556991e+02 1.400441423468997471e+02 1.530696376487938437e+02 1.286869949120787453e+02 9.180061886392623194e+01 1.158693064187549879e+02 8.669143919212308447e+01 1.144617327940015770e+02 8.700517112509292872e+01 1.182531357389060958e+02 1.149149894468571489e+02 1.512795354967449555e+02 1.562691969065633089e+02 1.433864755748071218e+02 1.737797009520497795e+02 1.616887451376869649e+02 1.291164836542014882e+02
1.397389567455784629e+02 1.389028103506188927e+02 1.317421363202087150e+02 1.624156901117423786e+02 1.798047739638571159e+02 1.744344820681807278e+02 1.631283420279274026e+02 1.741484806898274655e+02 1.809881289053926423e+02 1.727421346665234694e+02 1.862878786736052348e+02 1.874865486127354757e+02 1.999312560626273978e+02 2.091975266856508426e+02 2.012508246245848227e+02 2.106428044836087281e+02 1.933975874857749773e+02 1.716880249871663580e+02 1.557941524959937851e+02 1.457660780716893782e+02 1.334724005370917155e+02 1.067404882137975619e+02 1.399287440304229335e+02 1.264744405296450793e+02 9.365904722076115263e+01 1.248318643844158657e+02 1.117907262185917148e+02 8.419272953392001568e+01 1.078521896008387557e+02 1.238656360911056709e+02 1.510587819000641048e+02 1.684341696333521554e+02 1.842640081214547081e+02 1.769186367753941624e+02 1.657690924404338659e+02 1.445420461322274264e+02 1.088264241333065456e+02
1.581020726502120510e+02 1.714622411088361957e+02 1.701423111358336087e+02 1.806791069641420791e+02 1.747918453678512662e+02 1.561264976048225890e+02 1.232403037626587547e+02 1.570197960217207935e+02 1.637023568127351041e+02 1.324121689706543066e+02 1.630796749102335355e+02 1.472060437658956005e+02 1.782704435801235263e+02 1.851591664251373572e+02 1.984467894181302938e+02 2.066769739667497845e+02 1.792032088501813689e+02 1.411882293802523236e+02 1.206058965717166274e+02 1.116975353453295554e+02 1.037562987821738716e+02 1.292084360892976633e+02 1.286700721890846637e+02 9.633761264954725334e+01 1.262926974094818604e+02 1.207650456448646992e+02 8.232544753645680657e+01 1.107298675478711800e+02 1.307586610555937341e+02 1.548863519892981913e+02 1.696758788190608982e+02 1.707057826133000447e+02 1.631493242759270572e+02 1.721515649868826472e+02 1.527384664259197677e+02 1.117070456269129863e+02 9.372519454329969335e+01
1.654764326047733505e+02 1.702963440723231656e+02 1.822144765486169433e+02 1.788910033769482766e+02 1.586146824265815951e+02 1.227525458984470674e+02 1.052915465559915873e+02 1.417893401430320068e+02 1.489337700051485740e+02 1.145416308972557715e+02 1.469383471397361518e+02 1.257055866813274321e+02 1.581590574234896565e+02 1.459486855945799277e+02 1.785705467136658342e+02 1.931517142584921203e+02 1.598858792297674825e+02 1.396968525508315224e+02 1.539058657926364049e+02 1.455719492360995844e+02 1.311857426102661464e+02 1.009110806115993313e+02 9.900824049067385602e+01 1.310175928081189056e+02 1.455352291162786287e+02 1.349110175365437385e+02 1.139656242493228007e+02 8.046431289306190138e+01 1.193375065545558300e+02 1.513332206341901269e+02 1.525890797032061243e+02 1.398173632678497711e+02 1.230456156830178998e+02 1.600312837382533644e+02 1.613963275247048443e+02 1.405369831716633655e+02 1.173723138019066994e+02
1.426718148617441670e+02 1.342022289597360611e+02 1.692383414062675229e+02 1.641266330673835512e+02 1.283274898855184745e+02 1.249752423326610540e+02 9.364690438205883538e+01 1.301087784714425766e+02 1.378607541780681913e+02 1.037889083483012769e+02 1.343241503904162926e+02 1.099739452064109031e+02 1.422076179242971534e+02 1.246581938559019420e+02 1.607183667523619306e+02 1.832052748462716920e+02 1.876931015708393886e+02 1.739195390598811457e+02 1.659231512975857470e+02 1.448732955572814944e+02 1.104480393676036414e+02 1.329799742292582323e+02 1.112843239096017243e+02 1.467362656514522143e+02 1.545877963380625317e+02 1.375008916416036300e+02 1.138979360290878873e+02 7.917992211637256617e+01 1.044305041681900548e+02 1.336906238357847201e+02 1.240361239660314254e+02 1.011147669199721975e+02 1.267127797838044074e+02 1.605125868956016006e+02 1.587671569627211454e+02 1.257262596530305956e+02 1.118854685217264517e+02
1.093712415266143267e+02 1.463449939612372646e+02 1.624690474783967034e+02 1.502384526040360129e+02 1.344719118241864351e+02 9.865472688282437730e+01 8.503957382325756953e+01 1.211960999710132683e+02 1.289904311330829216e+02 9.465207999113395942e+01 1.148416366235109081e+02 9.821260926456477591e+01 1.249953028458970579e+02 1.089366357422562146e+02 1.304491136795738839e+02 1.704210189951101029e+02 1.938980923889048995e+02 1.637174097909918089e+02 1.381012275665598565e+02 1.208186768595026592e+02 1.460256433809689440e+02 1.572472473025659099e+02 1.283681098482857408e+02 1.589026122490334672e+02 1.465305327904669070e+02 1.070079835144209568e+02 8.936801095409774121e+01 7.790378852935779719e+01 1.069177800120990440e+02 1.095081474591467554e+02 8.690858875639725056e+01 1.225442459320587147e+02 1.482899932645231615e+02 1.554575336235655527e+02 1.417283099045732229e+02 1.249607375253674633e+02 8.911245993685847111e+01
1.440457954670629022e+02 1.569908276529711486e+02 1.462735809895225714e+02 1.138351346681593270e+02 1.308191679964485559e+02 1.007762413741963883e+02 7.705268580323063077e+01 1.129901170752406330e+02 1.242327614696322229e+02 1.082854038617232106e+02 8.256254477874486497e+01 8.805787702740485656e+01 9.371970537162134463e+01 1.262968535198684776e+02 1.497935139940042006e+02 1.700307575978854118e+02 1.901419511976195622e+02 1.866942780555596926e+02 1.634341152168086637e+02 1.296843479591473169e+02 1.649715904609051904e+02 1.760737948990563950e+02 1.654112969671464271e+02 1.727163172701638985e+02 1.576406015174116249e+02 1.389923458939749423e+02 1.233502898854716818e+02 1.063958334503816303e+02 7.610096549203304050e+01 7.485609665242438382e+01 1.043467063923732070e+02 1.239525599871572723e+02 1.443851222381167076e+02 1.415118132423697830e+02 1.048637237627943790e+02 1.134571608406859440e+02 1.005044927771231897e+02
1.386797532293757911e+02 1.494060673205378293e+02 1.332703732086295361e+02 9.304461710171749189e+01 1.093685449857502476e+02 1.040184965131252852e+02 7.069492546087344920e+01 1.008059638303990226e+02 1.045118206515789865e+02 7.666741478520795283e+01 8.646080508187480973e+01 1.167800807222140094e+02 1.257703056985336332e+02 1.044683394057309869e+02 1.194358249869665798e+02 1.399854313994912047e+02 1.786805431472774615e+02 1.916070352036432212e+02 1.575554941335372803e+02 1.420696749150608298e+02 1.759592820083784943e+02 1.751646472201589972e+02 1.625675637764068995e+02 1.529602995511185952e+02 1.436292640302112318e+02 1.340537987067261838e+02 1.182693119771817578e+02 8.407594850797634933e+01 1.096334012601809320e+02 1.043205461646522707e+02 7.310889780862567022e+01 9.611645797333171970e+01 1.247587835744715505e+02 1.363668496468119145e+02 1.046129967609701623e+02 7.997410218346803390e+01 9.203153564210039406e+01
1.000869350006055356e+02 1.338354031297438098e+02 1.398907796555283198e+02 1.121881139635491849e+02 7.474793084144087629e+01 9.117310093535212445e+01 6.457568348808703718e+01 6.790442588119434220e+01 7.132783634006877094e+01 1.023758429747119862e+02 1.175854515210038898e+02 1.038633077139478047e+02 1.363195837165048374e+02 1.388085572808877259e+02 1.188273228963373924e+02 1.395341342652949663e+02 1.799317555138898115e+02 2.040906930209678478e+02 1.775294891451372905e+02 1.624731142050737844e+02 1.810289726871069433e+02 1.471897891214038907e+02 1.268288751916477963e+02 1.153017194789556186e+02 1.066428229003139876e+02 9.929759808137740151e+01 9.247295313523224536e+01 1.184221726030266240e+02 1.313159999113638037e+02 1.023916445953451273e+02 1.027505818040835948e+02 7.136601784252516723e+01 1.049753878426767670e+02 1.207372071911090927e+02 1.138399464842529483e+02 9.472856936498979508e+01 6.330000866477640642e+01
8.247163497092113005e+01 1.196516225139272649e+02 1.351224719995141470e+02 1.224005778253759615e+02 9.523727900267519431e+01 6.046362957623971113e+01 9.007084469973099772e+01 1.014424632684831522e+02 1.050968220142649443e+02 8.582655400878043395e+01 1.200741056487455154e+02 1.357516357277834231e+02 1.275287834101300177e+02 1.586446626135347628e+02 1.345220998185335191e+02 1.565921620141565995e+02 1.944795075678598550e+02 2.215219429267338853e+02 2.110097200938933781e+02 1.999530102999283656e+02 1.971633831601576503e+02 1.637607170301693316e+02 1.446227729009468135e+02 1.501332533465019878e+02 1.269246723250208504e+02 1.333220243308359159e+02 1.093370355377937102e+02 1.277651282677178131e+02 1.509973864055685340e+02 1.377426737878427332e+02 1.077390730313107809e+02 8.875212724390618746e+01 6.963353569679189548e+01 1.008912000560633118e+02 9.809838875983923856e+01 6.501393154447487177e+01 9.689567162786559607e+01
7.155691935997657538e+01 1.063336266570034780e+02 1.035950154979380642e+02 1.057489527422525839e+02 8.820736856179138385e+01 5.770949267476181177e+01 6.532647954615258357e+01 1.000011442596988189e+02 1.211598402642035524e+02 1.199863190948004927e+02 1.031066168231040905e+02 1.386228743908948218e+02 1.597809308953270317e+02 1.752932392577386054e+02 1.561557174429711665e+02 1.881112231141506186e+02 2.097479049773965301e+02 2.190665878426886763e+02 2.075646229259115785e+02 2.095212294797535435e+02 2.118142708195873922e+02 1.979331241801527881e+02 1.835765629477206460e+02 1.778835633532764859e+02 1.633969477942106607e+02 1.577795708189474624e+02 1.460907196671861357e+02 1.567602372997599502e+02 1.707346337674332801e+02 1.577069699124540421e+02 1.243272485625542032e+02 1.054535948458199357e+02 9.164805754201040600e+01 6.792528107276781668e+01 6.672509071520886437e+01 9.955527472050111726e+01 1.124399688683080427e+02
6.222997298950977552e+01 9.446186036080722204e+01 7.928921805256712219e+01 8.374716959254561743e+01 5.406344105724620874e+01 8.567244751568587446e+01 9.768219231248285439e+01 7.726614553255512874e+01 1.015349934871809978e+02 1.315854301961551585e+02 1.346112617845572288e+02 1.255048003472016234e+02 1.467835643415859010e+02 1.847012747038532439e+02 1.954590869536556852e+02 2.111492953884234396e+02 2.181117425905455320e+02 2.009399824276128754e+02 1.701765143709516792e+02 1.760015354191967560e+02 2.026404859702440149e+02 2.156994226917884987e+02 2.033078328486188582e+02 1.856787447973672158e+02 1.649653125781501615e+02 1.496477263740759724e+02 1.368291435853847133e+02 1.405900945677374239e+02 1.553273672991686567e+02 1.676245113742836281e+02 1.533521962624286061e+02 1.384373505710711640e+02 1.194406918692466775e+02 8.819597290062371542e+01 9.275722370670386852e+01 1.169482162935883167e+02 1.162564608325188686e+02
5.398442908682219610e+01 7.890211447378106868e+01 7.815184951742244834e+01 5.044696966545661354e+01 8.292081584918690851e+01 7.848477559466748232e+01 1.122625719953313563e+02 1.017283633385191735e+02 9.308264846201601017e+01 1.057216549751644266e+02 1.230558328375949628e+02 1.481358140578924463e+02 1.787904480504258231e+02 2.022143603736193143e+02 2.224586482138277859e+02 2.334960603204116865e+02 2.089394811551489397e+02 1.704480479466291172e+02 1.496351350484306693e+02 1.502492510822881684e+02 1.857789775049531329e+02 2.000590823347998537e+02 1.720154602557981605e+02 1.707867044248387458e+02 1.343851509116847751e+02 1.135572640648480700e+02 9.798190464441699987e+01 1.016668447502354411e+02 1.273444566033745389e+02 1.434712300803220444e+02 1.432331910814806122e+02 1.301165777916455681e+02 1.349597165336861622e+02 1.246653591055397925e+02 1.278243194803501979e+02 1.279823851918717708e+02 1.132617508949995084e+02
4.627014191070705351e+01 4.554905212036298678e+01 4.693938562517355706e+01 7.977698328655132798e+01 9.895472801304086374e+01 1.137592573556133999e+02 1.292184748579328755e+02 1.346300712407941091e+02 1.315524021790927520e+02 1.419457633301297221e+02 1.569613007698003457e+02 1.754587726791682769e+02 1.984215108507436014e+02 2.158767992022548015e+02 1.926594286669576377e+02 2.189792496059239966e+02 2.025965210774682248e+02 1.830092703395056333e+02 1.665564239180797301e+02 1.330355418285340647e+02 1.693879318662656317e+02 1.833288567556634518e+02 1.529935144236280280e+02 1.646042792895279945e+02 1.494923383375903541e+02 1.382927002970387491e+02 1.060322352042375229e+02 8.108068620526763937e+01 8.956728651686339049e+01 1.211398710977343143e+02 1.215299579123698948e+02 9.132360759033323916e+01 1.202076706058217042e+02 1.221383629723587063e+02 1.322078554258513918e+02 1.177175803881854534e+02 7.896008367768010316e+01
