output_new_topo_ddd_3/finaltopo_topographic__elevation.asc
ncols 300
nrows 100
xllcorner 0.0
yllcorner 0.0
cellsize 10.0
[rows 68 to 84 of 100, columns 74 to 110 of 300]
6.097830718930151761e+01 8.747599158787758711e+01 8.459128082699295703e+01 7.388069127231807443e+01 4.257815163649718926e+01 4.783460123854985113e+01 8.176854310350888966e+01 9.013307764170696146e+01 1.195056419349531183e+02 1.201983531702611430e+02 1.002127017393679012e+02 1.197056872409905566e+02 9.390575407717345513e+01 1.102780773849440976e+02 8.895386248964045706e+01 1.205878775372114120e+02 1.222806068080441833e+02 1.296090779841048004e+02 1.313943438483866544e+02 1.052780307503289379e+02 1.132165983478922442e+02 1.217327436022279272e+02 1.328363757021351148e+02 1.527730676920848225e+02 2.015003115104575784e+02 2.315504680997745197e+02 2.213157109182789952e+02 2.134351218241206425e+02 2.026147302781557471e+02 1.709401172433990723e+02 1.327325158421485298e+02 1.213595417172322044e+02 1.328745194819442474e+02 1.027191191635593981e+02 1.276279583315361492e+02 1.182971883103041648e+02 8.868113617551566108e+01
1.011633186750991058e+02 1.100003155755531736e+02 1.004440223945521780e+02 6.689963274998154930e+01 4.146920698681758211e+01 7.468007941058925780e+01 9.307929314080524819e+01 8.640247441676896756e+01 9.063951508971450721e+01 9.157561948125351137e+01 7.328785250598581058e+01 9.482163702122127802e+01 7.872613184648389506e+01 7.654771634256198354e+01 1.041653613087870553e+02 1.107920362503370058e+02 8.577093939142788770e+01 9.089946343330704792e+01 9.622760100269567829e+01 1.121918476126922997e+02 1.348627981236367077e+02 1.521468337201920349e+02 1.578329535962916168e+02 1.919245550818184256e+02 2.109705642614256931e+02 2.168521065634657816e+02 1.886861153323085887e+02 2.061649578349276339e+02 1.946494833363461510e+02 1.820675959431836759e+02 1.661926303562711098e+02 1.432183349999912707e+02 1.084436278774097673e+02 1.348218955891731525e+02 1.331091178682083580e+02 9.785335595019974164e+01 1.213255501351324881e+02
1.274796826618708536e+02 1.145360037268768423e+02 9.748897710519565862e+01 7.599618008461452234e+01 4.036009570553505910e+01 7.208839364442589215e+01 7.735515596510055047e+01 4.927290307207364606e+01 5.230117061413644564e+01 5.535259777300034756e+01 5.843690404224019375e+01 6.166639529227825278e+01 6.525328618347985810e+01 6.955910132633812282e+01 7.400590304183543822e+01 7.866305759773582906e+01 1.031950596030139309e+02 1.259235303845216123e+02 1.220892288189985067e+02 1.261214705732325569e+02 1.562131830314288266e+02 1.814455402694352131e+02 1.991771336950722002e+02 2.156290258163647593e+02 2.169809349605297086e+02 2.022859531843030823e+02 1.695050860240483530e+02 1.828293221309613443e+02 1.626637794877042893e+02 1.707617659342316472e+02 1.675420364583224568e+02 1.461198224972238791e+02 1.130729546743135785e+02 1.469569600118413177e+02 1.412659722036859193e+02 1.046045373365162590e+02 1.360715604733779287e+02
9.813322581916992249e+01 9.935141558176816545e+01 6.273243018688202000e+01 6.874998803209814469e+01 3.925485970736673380e+01 4.210004275129215756e+01 4.499550462380251759e+01 7.625747278221680858e+01 8.604944047351912673e+01 8.085499076693791665e+01 8.432209101559487863e+01 9.599154900357908105e+01 7.298181891533575083e+01 9.996273212671907515e+01 1.073865898896267481e+02 1.140880492956503502e+02 1.293480480147619289e+02 1.498541860788128020e+02 1.581670485211035952e+02 1.659100774610278677e+02 1.790528092284824879e+02 1.915759284751865721e+02 2.086239324164084223e+02 2.254934100442962404e+02 2.054452787651173367e+02 1.792363534669597129e+02 1.639091280121814691e+02 1.517942261738994034e+02 1.441416660571953798e+02 1.375418356531948518e+02 1.511471910672523791e+02 1.200826172282622224e+02 1.450528197452891277e+02 1.623710100633318518e+02 1.574222123491191780e+02 1.298883927388661732e+02 1.157518573849184946e+02
8.606662979010930314e+01 9.647928389585240438e+01 7.346492632908149290e+01 3.778492681213626270e+01 7.004422018098071590e+01 7.831359884250889536e+01 8.112183340790512887e+01 6.726211447302854651e+01 9.253321683115430574e+01 1.162483360694006933e+02 1.214444247004693409e+02 1.247650542491203396e+02 1.103949607660475039e+02 8.559370904387999701e+01 9.548653528301085203e+01 1.063971252173955833e+02 1.188379034246025299e+02 1.358794067459472785e+02 1.609193161649872650e+02 1.918129662023222863e+02 1.824775204983076264e+02 1.530361998258954657e+02 1.787809660868557557e+02 2.062012534475112204e+02 2.155388256256950967e+02 2.029064107893494224e+02 1.921132625528009896e+02 1.841275808338393176e+02 1.774267803790227731e+02 1.611686997441044582e+02 1.283921297507945098e+02 1.516593429345072082e+02 1.371354401114786583e+02 1.700085757724640416e+02 1.784728100119647252e+02 1.611162371238814615e+02 1.264065532844632145e+02
5.122955988723425236e+01 7.476120698976409074e+01 6.763921008198059326e+01 3.674376802162666422e+01 7.349732091726291117e+01 9.331687128186575819e+01 1.071420548898748848e+02 1.067293495799390826e+02 1.217896486897379447e+02 1.383178217558283620e+02 1.377044246805494652e+02 1.469454677789815662e+02 1.366302678611359056e+02 1.258842301824587224e+02 1.338425106612897935e+02 1.449412316726896108e+02 1.575106030048711432e+02 1.698793009349565466e+02 1.819545000636433087e+02 1.953402580045066372e+02 1.699518337925302092e+02 1.292770066390614829e+02 1.481277107339804786e+02 1.879351355754565134e+02 1.922239419234919069e+02 1.680382944201227531e+02 1.679691150162523172e+02 1.799268746594353559e+02 1.902973802914531234e+02 1.629829124663082496e+02 1.640627272048457428e+02 1.730346971331971133e+02 1.703850054783907240e+02 1.602566499268487803e+02 1.918420818527517611e+02 1.762369712220174165e+02 1.399688555370975109e+02
7.305817681317375900e+01 4.126344324495124027e+01 3.528622332775940862e+01 6.604100047964934106e+01 7.064112867268036666e+01 6.142635223258197641e+01 9.735431094360117754e+01 1.209674907952842347e+02 1.373772713132569265e+02 1.275879501360525978e+02 1.038069986728926892e+02 1.268479011571594555e+02 1.349400959987424642e+02 1.424195088328978613e+02 1.532812909940398924e+02 1.672805667560479890e+02 1.841149042158062059e+02 1.752969916920639832e+02 1.520724145822637468e+02 1.745064425306530893e+02 1.562619945521117302e+02 1.166996065495811052e+02 1.535398847850492245e+02 1.776803641390015969e+02 1.728238271022036940e+02 1.290410667968007203e+02 1.260524777317258867e+02 1.584812943395941431e+02 1.631983805507743739e+02 1.724328406474577093e+02 1.681191163619388362e+02 1.573462425747403870e+02 1.708569977846017593e+02 1.908978317859013316e+02 2.029684306687853734e+02 1.891539393061607939e+02 1.775744353191852554e+02
6.559203078960086941e+01 6.767819137741028612e+01 3.426784522395852406e+01 6.138787099961840710e+01 3.732192649151558328e+01 6.810881283905851546e+01 7.156029643353629410e+01 1.087637672671696691e+02 1.219479322386975610e+02 9.330514595508644504e+01 8.377711225956949193e+01 9.141222515004658078e+01 9.987859038158629232e+01 1.094262761465954270e+02 1.207058700439570060e+02 1.409510081263401275e+02 1.746849493632300891e+02 1.619130511364703580e+02 1.255983599230060435e+02 1.580552828346398542e+02 1.455973148065746727e+02 1.074969677533865280e+02 1.434749550979013293e+02 1.457131607585611732e+02 1.662380391290811019e+02 1.414103013670334406e+02 1.038624873967507085e+02 1.390419160954866982e+02 1.228873797076092416e+02 1.533652451857943504e+02 1.499632817608493838e+02 1.160201076635066073e+02 1.503654950775365933e+02 1.718385531044481809e+02 1.800393472568464972e+02 1.676729618807296163e+02 1.759979381278636197e+02
9.868324834793773448e+01 8.527475073940728123e+01 6.580405653659896359e+01 3.283076638413125892e+01 6.224659535985237824e+01 4.199839002143154687e+01 7.571372726362179151e+01 9.932999610353212461e+01 1.081604201974540445e+02 7.407856330905667619e+01 1.072825963753697636e+02 1.242920560718209373e+02 1.360713812254749371e+02 1.460163417078669852e+02 1.565433699081106624e+02 1.694790069988312666e+02 1.705617638343101987e+02 1.469542732877607989e+02 1.102325030053580974e+02 1.445054079965696303e+02 1.364458428238193335e+02 9.927346175958822982e+01 1.333125257186907788e+02 1.206712632606888320e+02 1.505347160476026147e+02 1.327212270497797419e+02 9.386104491152218543e+01 1.256498017074707008e+02 1.015646337953509288e+02 1.364077025660487834e+02 1.339992555452115539e+02 9.770066430102710342e+01 1.160009109894187276e+02 1.540770190622204723e+02 1.593560112883619126e+02 1.260877102006621442e+02 1.501293272764418134e+02
8.498211400730512821e+01 8.117279026636342110e+01 6.370676712183863089e+01 3.186402406581845170e+01 6.737180430969173983e+01 7.480741874976719430e+01 4.686879785660944719e+01 8.213315500931315682e+01 9.770339138604420270e+01 6.816487695943125402e+01 1.023000519118294420e+02 1.150210325229944459e+02 1.469503698963262082e+02 1.572248175195654767e+02 1.604507160388731108e+02 1.725958640962115282e+02 1.587247666648175084e+02 1.205983226960038621e+02 1.000171804334808883e+02 1.343772329439618716e+02 1.284535077571338206e+02 9.179455095709556645e+01 1.244631983729073710e+02 1.037382057049542539e+02 1.373254839559779441e+02 1.252312775270993086e+02 8.511541813835511050e+01 1.060840455354931038e+02 8.585295777964779518e+01 1.216189344191712820e+02 1.215177579757116035e+02 8.590750319372517652e+01 1.208888035243472672e+02 1.476899363468318995e+02 1.457777525580908673e+02 1.081121389041278036e+02 1.146604054385352072e+02
4.943589065148443495e+01 6.104161148712137219e+01 3.048946232413310753e+01 5.423608589343982800e+01 6.929282422455764845e+01 9.530857135578371242e+01 8.252112464098935618e+01 5.186977492354361630e+01 8.253843897878155644e+01 6.247904063935745711e+01 7.917431377927451308e+01 1.143207192311856346e+02 1.270282160673230010e+02 1.249675495976136403e+02 1.248322105654082037e+02 1.603741184503622037e+02 1.550000399383655463e+02 1.267612786754384899e+02 9.180166961132913173e+01 1.262037056586590325e+02 1.214339894804382567e+02 8.490050914594142739e+01 1.160179161268926009e+02 9.144589129951260986e+01 1.275187497792343976e+02 1.346925753126061238e+02 1.103866850018602008e+02 7.379754729183251527e+01 7.396534627774610726e+01 1.095410493474552851e+02 1.111606490252252968e+02 7.713721470433485194e+01 9.741250280648267790e+01 1.355720029539243399e+02 1.461628305934679020e+02 1.136593999221501292e+02 8.998027210608599091e+01
6.366404646315605476e+01 2.912252052522428514e+01 5.969965498081709399e+01 8.023046544806348379e+01 1.017004810681685854e+02 1.163337538407136691e+02 1.048498464761685085e+02 7.672986164039667756e+01 5.700031099538347235e+01 8.812565046766989951e+01 7.070727470859876007e+01 1.025073720401576338e+02 9.151458902869779877e+01 1.006480325834078826e+02 1.255019459799024446e+02 1.580263100493200454e+02 1.427359950486327023e+02 1.047311974931169800e+02 8.429328499363508342e+01 1.191501504375840028e+02 1.165534473837287948e+02 7.846929136369705304e+01 1.010866117962301018e+02 8.055688865356395922e+01 1.181736109783048221e+02 1.368930418284174664e+02 1.186499151891618595e+02 9.554412704517142174e+01 6.350925152286092157e+01 9.775690353170593028e+01 9.447827049257706733e+01 6.973055790561966205e+01 9.637745247705116469e+01 1.331112666375861977e+02 1.386831474837908047e+02 1.145511725715096816e+02 7.962151832807076346e+01
5.713839001419888319e+01 2.817562227345248616e+01 3.610073378116722154e+01 7.246750547872946413e+01 9.863009567459407378e+01 1.191241358965332608e+02 1.246517962210266433e+02 1.042598466784956628e+02 6.808253344092580051e+01 1.035450706897260460e+02 1.050592018190661179e+02 7.944366556979581162e+01 1.122483118540851876e+02 1.334285268643449456e+02 1.359686925567268361e+02 1.546552211310372513e+02 1.367959129406711725e+02 1.116671476182531109e+02 7.769594452757985437e+01 1.142286736428775953e+02 1.271106073990654011e+02 1.061346471632886050e+02 6.978247966295572269e+01 7.069631124291430524e+01 1.082863094124374612e+02 1.249749354712800482e+02 9.094033277567191931e+01 7.036890346110132555e+01 5.794044670548797171e+01 8.191304867072658169e+01 6.006604657372012923e+01 9.487788245079100591e+01 1.177317883860938394e+02 1.357317582084611729e+02 1.189487334554857227e+02 9.075349859722520307e+01 7.386822263163136881e+01
2.684308990207084733e+01 5.854038809824254486e+01 6.937309785499741110e+01 4.864197689540064573e+01 6.886806340043926866e+01 1.057850500006278907e+02 1.299094500768442231e+02 1.202545622448620151e+02 8.636692509789023120e+01 1.206734459761064358e+02 1.283577394129669358e+02 9.977756120704117393e+01 9.739577219762018956e+01 1.370257258894330619e+02 1.639628284754886636e+02 1.451864672418840883e+02 1.072302650099773729e+02 8.653654501415081768e+01 7.146750430612461003e+01 1.075113393528203289e+02 1.314901357453786375e+02 1.202387391663779397e+02 9.478293145675249320e+01 6.172826342001569344e+01 9.846306849311555709e+01 1.227303426125018575e+02 1.193650755753133694e+02 1.065938313766774428e+02 8.696518839586319416e+01 5.087864586468007388e+01 7.710908681720059121e+01 9.545803682446512539e+01 1.029567747153270005e+02 1.152158450707251944e+02 9.148831650963522577e+01 6.594135857362037711e+01 9.352456596466006999e+01
4.399173205086270855e+01 5.557153726149432771e+01 8.961526816433989495e+01 8.528559561789431598e+01 6.547079984951862741e+01 8.320464391593142750e+01 1.232403751540831252e+02 1.373447149026151806e+02 1.274320429681123272e+02 1.417526240572381084e+02 1.507223923534677965e+02 1.372856908257072917e+02 1.146524483183891761e+02 1.488836529316223789e+02 1.588158984353198662e+02 1.402053487604250392e+02 1.202890380141383275e+02 9.862673494035325916e+01 6.598533070037589710e+01 8.564744585299669666e+01 1.214213981370430702e+02 1.167189322454155729e+02 7.839802100141316998e+01 5.713412909079674051e+01 7.560202677999424736e+01 1.030210647871534633e+02 1.194630607030007070e+02 1.227181568679144874e+02 1.022969189875087181e+02 8.031408030249248498e+01 4.541193133653266045e+01 7.326583740203253114e+01 6.507936041130412264e+01 9.939793741963399043e+01 9.450674711731601008e+01 6.083610119315011389e+01 6.349372362948830073e+01
7.955837210202729182e+01 8.130426890194195266e+01 1.076724899354738341e+02 1.134173186001241760e+02 1.059346116610269775e+02 1.186588262044664077e+02 1.365946650329512124e+02 1.512771828919170503e+02 1.438118721201668961e+02 1.574657511684881399e+02 1.687167082184164713e+02 1.645247070305806005e+02 1.521533711979929819e+02 1.595422685593982237e+02 1.468141090512984590e+02 1.097525382638404352e+02 8.887586808309089292e+01 7.346531749071559148e+01 6.090629104090278645e+01 8.629145194110962791e+01 1.222739046320179028e+02 1.299794023355817956e+02 1.089668461036973071e+02 7.632001596890367523e+01 5.095026143745293723e+01 7.033878690282425339e+01 9.638113749787970619e+01 9.323867776784635453e+01 9.339706357253848523e+01 8.594175089453592875e+01 6.756522234914325509e+01 4.012018992283791619e+01 7.198382769265181480e+01 8.343898170433635642e+01 8.356259523433907077e+01 5.590719871418986742e+01 8.777595137837109007e+01
1.067311926460636613e+02 1.164010257336221343e+02 1.234360101088919066e+02 1.142164478458061723e+02 1.235800318638780624e+02 1.294898713937175501e+02 1.356185512732548659e+02 1.251911973243976774e+02 1.083312390902349449e+02 1.409411340322558885e+02 1.385578278115233672e+02 1.679171722785757481e+02 1.501901558789670901e+02 1.367524379152689278e+02 1.375780216094579771e+02 1.279797623512423570e+02 1.116273762254654827e+02 9.079936966045757174e+01 5.638891844324512448e+01 9.185050952060208829e+01 1.224874958581645501e+02 1.471106427903852136e+02 1.252250228497753710e+02 1.035029936676838105e+02 8.089368492919898301e+01 4.505998722143112900e+01 7.482687918210027078e+01 8.557897120549888825e+01 5.817824919512757731e+01 6.605880575402579780e+01 3.675851093036551021e+01 6.739160523464478558e+01 4.460004979024871830e+01 4.776797108531809499e+01 5.097237348470122242e+01 8.278608654702496494e+01 7.546990143793483696e+01
