output_new_topo_ddd_3/finaltopo_flow__link_to_receiver_node.asc
ncols 300
nrows 100
xllcorner 0.0
yllcorner 0.0
cellsize 10.0
[rows 17 to 33 of 100, columns 148 to 184 of 300]
1.083350000000000000e+05 4.896700000000000000e+04 1.083360000000000000e+05 4.896900000000000000e+04 1.083400000000000000e+05 1.083420000000000000e+05 1.089430000000000000e+05 1.083490000000000000e+05 4.897400000000000000e+04 4.957400000000000000e+04 1.089520000000000000e+05 4.957600000000000000e+04 1.089550000000000000e+05 4.927800000000000000e+04 4.927900000000000000e+04 1.083650000000000000e+05 1.083670000000000000e+05 4.898300000000000000e+04 1.083710000000000000e+05 4.898500000000000000e+04 4.928600000000000000e+04 4.898700000000000000e+04 4.928700000000000000e+04 4.958800000000000000e+04 4.958900000000000000e+04 4.959000000000000000e+04 1.089830000000000000e+05 1.083890000000000000e+05 4.929400000000000000e+04 4.899500000000000000e+04 4.929500000000000000e+04 1.089940000000000000e+05 4.929800000000000000e+04 1.084010000000000000e+05 4.900000000000000000e+04 1.084020000000000000e+05 4.900200000000000000e+04
4.866700000000000000e+04 1.077390000000000000e+05 4.836900000000000000e+04 1.077400000000000000e+05 4.867000000000000000e+04 4.867100000000000000e+04 1.077490000000000000e+05 1.077510000000000000e+05 4.837500000000000000e+04 1.077520000000000000e+05 1.077540000000000000e+05 1.083560000000000000e+05 4.897800000000000000e+04 1.083590000000000000e+05 1.083610000000000000e+05 4.868200000000000000e+04 4.868300000000000000e+04 1.077710000000000000e+05 4.838500000000000000e+04 1.077750000000000000e+05 4.838700000000000000e+04 1.077760000000000000e+05 4.868800000000000000e+04 4.868900000000000000e+04 4.839100000000000000e+04 1.077840000000000000e+05 1.077860000000000000e+05 4.869400000000000000e+04 4.869500000000000000e+04 4.839600000000000000e+04 4.869600000000000000e+04 1.077960000000000000e+05 1.083980000000000000e+05 4.870000000000000000e+04 1.078050000000000000e+05 4.840200000000000000e+04 1.078060000000000000e+05
4.776800000000000000e+04 4.806900000000000000e+04 4.777000000000000000e+04 4.807000000000000000e+04 1.077430000000000000e+05 1.071460000000000000e+05 4.807400000000000000e+04 1.071530000000000000e+05 4.777600000000000000e+04 1.071540000000000000e+05 4.807700000000000000e+04 4.777900000000000000e+04 4.778000000000000000e+04 1.071620000000000000e+05 1.071640000000000000e+05 4.808300000000000000e+04 4.808400000000000000e+04 4.808500000000000000e+04 1.071750000000000000e+05 4.808700000000000000e+04 4.778800000000000000e+04 4.808800000000000000e+04 1.077790000000000000e+05 1.071850000000000000e+05 4.779200000000000000e+04 1.071860000000000000e+05 1.071910000000000000e+05 4.779500000000000000e+04 4.809600000000000000e+04 4.779700000000000000e+04 4.809700000000000000e+04 4.809800000000000000e+04 1.078000000000000000e+05 1.078020000000000000e+05 4.810200000000000000e+04 4.780300000000000000e+04 4.810300000000000000e+04
4.746900000000000000e+04 4.747000000000000000e+04 1.065450000000000000e+05 4.717200000000000000e+04 1.065460000000000000e+05 4.717400000000000000e+04 1.065500000000000000e+05 4.747600000000000000e+04 4.717700000000000000e+04 4.747700000000000000e+04 1.065610000000000000e+05 4.718000000000000000e+04 1.065620000000000000e+05 4.748100000000000000e+04 4.748200000000000000e+04 1.071680000000000000e+05 1.071700000000000000e+05 4.748600000000000000e+04 4.748700000000000000e+04 4.748800000000000000e+04 1.065810000000000000e+05 4.719000000000000000e+04 1.065820000000000000e+05 4.719200000000000000e+04 1.065860000000000000e+05 4.749300000000000000e+04 4.749500000000000000e+04 1.065950000000000000e+05 4.719700000000000000e+04 1.065960000000000000e+05 4.749800000000000000e+04 1.066000000000000000e+05 1.066020000000000000e+05 4.750200000000000000e+04 4.750300000000000000e+04 4.720400000000000000e+04 4.750400000000000000e+04
4.716900000000000000e+04 4.717000000000000000e+04 4.687200000000000000e+04 1.059490000000000000e+05 4.657400000000000000e+04 1.059500000000000000e+05 4.687500000000000000e+04 4.687700000000000000e+04 4.657800000000000000e+04 4.657900000000000000e+04 4.658000000000000000e+04 1.059620000000000000e+05 4.688100000000000000e+04 4.688200000000000000e+04 4.688300000000000000e+04 4.688500000000000000e+04 4.688600000000000000e+04 1.065740000000000000e+05 4.718700000000000000e+04 4.718800000000000000e+04 4.689000000000000000e+04 1.059850000000000000e+05 4.659200000000000000e+04 1.059860000000000000e+05 4.689300000000000000e+04 1.065890000000000000e+05 1.059950000000000000e+05 4.689700000000000000e+04 4.659800000000000000e+04 4.689800000000000000e+04 1.060000000000000000e+05 4.690000000000000000e+04 4.690100000000000000e+04 4.690300000000000000e+04 4.690400000000000000e+04 4.660500000000000000e+04 4.690500000000000000e+04
1.059410000000000000e+05 1.059440000000000000e+05 1.059460000000000000e+05 4.627400000000000000e+04 4.597500000000000000e+04 4.627500000000000000e+04 4.627600000000000000e+04 4.627800000000000000e+04 4.597900000000000000e+04 1.053600000000000000e+05 4.628000000000000000e+04 4.628100000000000000e+04 1.059650000000000000e+05 1.059670000000000000e+05 1.059690000000000000e+05 4.628600000000000000e+04 1.059740000000000000e+05 4.658700000000000000e+04 1.053810000000000000e+05 1.053830000000000000e+05 1.053850000000000000e+05 4.599200000000000000e+04 1.053860000000000000e+05 4.629300000000000000e+04 4.629400000000000000e+04 4.599600000000000000e+04 1.053970000000000000e+05 4.599800000000000000e+04 1.053980000000000000e+05 4.629900000000000000e+04 4.630000000000000000e+04 4.630100000000000000e+04 4.630200000000000000e+04 4.630400000000000000e+04 4.630500000000000000e+04 1.054150000000000000e+05 4.600700000000000000e+04
4.567200000000000000e+04 4.567300000000000000e+04 4.567400000000000000e+04 4.567500000000000000e+04 1.047550000000000000e+05 4.537700000000000000e+04 1.047560000000000000e+05 4.537900000000000000e+04 1.047600000000000000e+05 4.568000000000000000e+04 4.598100000000000000e+04 1.053650000000000000e+05 4.568300000000000000e+04 1.047700000000000000e+05 1.047750000000000000e+05 4.538700000000000000e+04 1.047760000000000000e+05 1.047810000000000000e+05 1.047830000000000000e+05 1.047850000000000000e+05 4.569200000000000000e+04 4.539300000000000000e+04 4.569300000000000000e+04 1.053890000000000000e+05 1.053910000000000000e+05 1.047970000000000000e+05 4.539800000000000000e+04 1.047980000000000000e+05 4.569900000000000000e+04 1.054010000000000000e+05 4.570100000000000000e+04 1.054050000000000000e+05 1.054070000000000000e+05 4.570500000000000000e+04 1.054120000000000000e+05 4.570700000000000000e+04 4.570800000000000000e+04
1.047460000000000000e+05 1.047480000000000000e+05 1.047500000000000000e+05 4.537500000000000000e+04 4.507700000000000000e+04 1.041590000000000000e+05 4.477900000000000000e+04 1.041600000000000000e+05 4.508000000000000000e+04 1.047630000000000000e+05 4.508200000000000000e+04 4.538300000000000000e+04 1.047690000000000000e+05 4.508500000000000000e+04 1.041770000000000000e+05 4.478800000000000000e+04 1.041780000000000000e+05 4.509000000000000000e+04 4.509100000000000000e+04 4.509200000000000000e+04 4.509300000000000000e+04 1.041910000000000000e+05 4.479500000000000000e+04 1.041920000000000000e+05 1.041970000000000000e+05 4.509800000000000000e+04 4.479900000000000000e+04 4.509900000000000000e+04 1.048010000000000000e+05 4.540100000000000000e+04 1.048050000000000000e+05 4.510300000000000000e+04 4.510400000000000000e+04 4.510600000000000000e+04 4.510700000000000000e+04 1.048160000000000000e+05 4.540800000000000000e+04
4.417400000000000000e+04 4.417500000000000000e+04 1.035520000000000000e+05 1.041540000000000000e+05 1.035590000000000000e+05 4.417900000000000000e+04 1.035600000000000000e+05 4.448000000000000000e+04 1.041630000000000000e+05 4.478200000000000000e+04 1.041670000000000000e+05 1.041700000000000000e+05 4.478500000000000000e+04 1.035770000000000000e+05 4.418800000000000000e+04 4.418900000000000000e+04 4.448900000000000000e+04 1.041820000000000000e+05 1.041840000000000000e+05 1.041860000000000000e+05 4.479300000000000000e+04 4.449500000000000000e+04 4.419600000000000000e+04 4.449600000000000000e+04 1.035990000000000000e+05 4.419900000000000000e+04 1.036000000000000000e+05 4.450000000000000000e+04 4.450100000000000000e+04 4.450200000000000000e+04 4.480300000000000000e+04 1.042090000000000000e+05 1.036120000000000000e+05 1.042140000000000000e+05 1.042160000000000000e+05 4.480800000000000000e+04 4.451000000000000000e+04
4.387500000000000000e+04 1.029550000000000000e+05 4.357700000000000000e+04 4.357800000000000000e+04 4.387900000000000000e+04 1.029630000000000000e+05 4.358100000000000000e+04 1.029640000000000000e+05 4.358300000000000000e+04 1.029680000000000000e+05 1.029700000000000000e+05 1.029750000000000000e+05 4.358700000000000000e+04 1.029790000000000000e+05 4.358900000000000000e+04 1.029800000000000000e+05 4.389000000000000000e+04 1.029840000000000000e+05 1.035860000000000000e+05 1.029910000000000000e+05 4.359500000000000000e+04 4.389600000000000000e+04 4.359700000000000000e+04 4.389700000000000000e+04 4.389900000000000000e+04 4.360000000000000000e+04 4.390000000000000000e+04 1.030040000000000000e+05 4.390200000000000000e+04 1.030080000000000000e+05 4.360500000000000000e+04 1.030120000000000000e+05 1.030140000000000000e+05 1.030160000000000000e+05 1.036180000000000000e+05 4.420900000000000000e+04 4.391100000000000000e+04
4.357500000000000000e+04 4.327700000000000000e+04 4.327800000000000000e+04 4.327900000000000000e+04 1.029600000000000000e+05 4.328100000000000000e+04 1.023670000000000000e+05 4.298300000000000000e+04 1.023680000000000000e+05 4.328400000000000000e+04 4.298600000000000000e+04 4.328700000000000000e+04 1.023790000000000000e+05 4.298900000000000000e+04 1.023800000000000000e+05 4.299100000000000000e+04 1.023840000000000000e+05 4.329200000000000000e+04 4.299400000000000000e+04 4.329500000000000000e+04 1.023950000000000000e+05 4.299700000000000000e+04 1.023960000000000000e+05 4.329800000000000000e+04 4.300000000000000000e+04 1.024020000000000000e+05 4.330100000000000000e+04 4.330200000000000000e+04 1.024080000000000000e+05 4.300500000000000000e+04 1.024120000000000000e+05 4.330600000000000000e+04 4.330700000000000000e+04 4.330800000000000000e+04 4.301000000000000000e+04 1.024220000000000000e+05 1.030240000000000000e+05
4.267700000000000000e+04 1.017590000000000000e+05 4.267900000000000000e+04 1.023600000000000000e+05 4.298000000000000000e+04 1.023640000000000000e+05 4.268300000000000000e+04 1.017710000000000000e+05 4.238500000000000000e+04 1.017720000000000000e+05 4.238700000000000000e+04 1.017760000000000000e+05 4.268900000000000000e+04 1.017830000000000000e+05 4.239100000000000000e+04 1.017840000000000000e+05 4.269200000000000000e+04 1.017910000000000000e+05 4.239500000000000000e+04 1.023920000000000000e+05 4.269700000000000000e+04 1.017990000000000000e+05 4.239900000000000000e+04 4.240000000000000000e+04 1.018020000000000000e+05 4.270100000000000000e+04 4.300200000000000000e+04 1.024070000000000000e+05 4.270400000000000000e+04 1.018120000000000000e+05 4.270600000000000000e+04 4.300700000000000000e+04 1.024170000000000000e+05 1.018230000000000000e+05 4.241100000000000000e+04 4.241200000000000000e+04 1.018260000000000000e+05
4.177800000000000000e+04 4.207900000000000000e+04 1.017600000000000000e+05 4.238000000000000000e+04 1.017630000000000000e+05 1.017660000000000000e+05 1.017680000000000000e+05 4.208500000000000000e+04 1.011750000000000000e+05 4.178700000000000000e+04 1.011760000000000000e+05 4.208800000000000000e+04 1.017800000000000000e+05 4.209100000000000000e+04 4.179200000000000000e+04 4.209200000000000000e+04 1.017870000000000000e+05 4.179500000000000000e+04 4.179600000000000000e+04 1.011940000000000000e+05 1.017960000000000000e+05 4.209900000000000000e+04 1.012030000000000000e+05 4.180100000000000000e+04 4.210100000000000000e+04 1.018050000000000000e+05 1.018080000000000000e+05 4.240400000000000000e+04 1.018110000000000000e+05 4.210600000000000000e+04 1.018150000000000000e+05 4.210800000000000000e+04 1.012230000000000000e+05 4.181100000000000000e+04 4.181200000000000000e+04 1.012260000000000000e+05 4.211300000000000000e+04
4.147900000000000000e+04 1.011600000000000000e+05 4.178000000000000000e+04 4.178100000000000000e+04 1.011650000000000000e+05 1.005710000000000000e+05 4.148500000000000000e+04 1.011720000000000000e+05 4.148700000000000000e+04 1.005790000000000000e+05 4.118900000000000000e+04 1.005800000000000000e+05 1.005850000000000000e+05 4.119200000000000000e+04 4.119300000000000000e+04 4.149300000000000000e+04 1.005930000000000000e+05 4.119600000000000000e+04 1.005940000000000000e+05 4.149700000000000000e+04 1.006010000000000000e+05 1.012000000000000000e+05 4.150100000000000000e+04 4.120200000000000000e+04 4.150200000000000000e+04 4.120400000000000000e+04 4.120500000000000000e+04 1.006120000000000000e+05 4.180600000000000000e+04 1.012150000000000000e+05 4.150800000000000000e+04 4.121000000000000000e+04 1.006250000000000000e+05 4.121200000000000000e+04 1.006260000000000000e+05 4.151300000000000000e+04 4.151400000000000000e+04
1.005600000000000000e+05 4.118000000000000000e+04 1.005630000000000000e+05 4.088200000000000000e+04 4.088400000000000000e+04 4.088500000000000000e+04 1.005720000000000000e+05 4.118600000000000000e+04 1.005760000000000000e+05 4.088900000000000000e+04 9.998300000000000000e+04 4.059100000000000000e+04 4.089200000000000000e+04 4.089300000000000000e+04 9.999100000000000000e+04 4.059500000000000000e+04 4.059600000000000000e+04 9.999400000000000000e+04 4.089700000000000000e+04 1.005970000000000000e+05 1.000030000000000000e+05 4.060100000000000000e+04 4.060200000000000000e+04 1.000060000000000000e+05 4.090300000000000000e+04 4.090400000000000000e+04 4.090500000000000000e+04 4.090600000000000000e+04 4.060800000000000000e+04 1.000180000000000000e+05 1.000230000000000000e+05 4.061100000000000000e+04 4.061200000000000000e+04 1.000260000000000000e+05 4.091300000000000000e+04 1.006290000000000000e+05 1.006310000000000000e+05
4.058000000000000000e+04 9.996300000000000000e+04 4.058200000000000000e+04 9.996700000000000000e+04 9.997000000000000000e+04 9.997200000000000000e+04 4.058600000000000000e+04 9.997600000000000000e+04 4.058800000000000000e+04 9.998000000000000000e+04 4.029100000000000000e+04 4.029200000000000000e+04 9.998600000000000000e+04 4.059300000000000000e+04 4.029500000000000000e+04 4.029600000000000000e+04 9.939700000000000000e+04 3.999800000000000000e+04 9.939800000000000000e+04 9.940300000000000000e+04 4.000100000000000000e+04 9.940400000000000000e+04 4.030200000000000000e+04 4.030300000000000000e+04 4.060400000000000000e+04 4.060500000000000000e+04 4.060600000000000000e+04 1.000150000000000000e+05 4.030800000000000000e+04 4.030900000000000000e+04 4.001100000000000000e+04 9.942400000000000000e+04 4.031200000000000000e+04 4.031300000000000000e+04 4.001500000000000000e+04 4.001600000000000000e+04 9.943400000000000000e+04
3.998100000000000000e+04 9.936500000000000000e+04 3.998300000000000000e+04 9.936900000000000000e+04 9.937200000000000000e+04 9.937400000000000000e+04 3.998700000000000000e+04 9.937800000000000000e+04 3.969000000000000000e+04 3.969100000000000000e+04 9.938400000000000000e+04 3.999200000000000000e+04 3.999300000000000000e+04 9.938900000000000000e+04 9.939200000000000000e+04 3.999600000000000000e+04 3.969800000000000000e+04 3.939900000000000000e+04 3.969900000000000000e+04 3.940100000000000000e+04 9.880400000000000000e+04 3.970200000000000000e+04 4.000300000000000000e+04 9.940900000000000000e+04 3.970600000000000000e+04 4.000600000000000000e+04 3.970700000000000000e+04 4.000800000000000000e+04 4.000900000000000000e+04 9.942100000000000000e+04 3.971100000000000000e+04 3.971200000000000000e+04 4.001300000000000000e+04 9.942900000000000000e+04 3.971500000000000000e+04 3.971600000000000000e+04 3.971700000000000000e+04
