output_new_topo_ddd_3/finaltopo_bedrock__elevation.asc
ncols 300
nrows 100
xllcorner 0.0
yllcorner 0.0
cellsize 10.0
[rows 0 to 16 of 100, columns 185 to 221 of 300]
5.314107292220282552e-02 5.072597115239857457e-01 5.443513797549786037e-01 5.312772308385508291e-01 1.452948629362674771e-01 7.992430981428251258e-01 7.104444015108027921e-01 6.572145933945738872e-01 8.032489970638132526e-01 9.183707450135256689e-01 7.493023098122407744e-01 2.825724381153460474e-01 3.315173585244576282e-01 5.838773886357403464e-01 1.293634949659294708e-01 3.344185878392779143e-01 7.807912998630350820e-01 4.361984828805369752e-01 8.232011040355992071e-01 8.377901947828958473e-02 4.194843743703055017e-01 1.181741794313930782e-01 4.100388158802293903e-01 3.479648060476946414e-01 1.226294994856187426e-01 2.141221934371906332e-01 4.788061667139004163e-01 6.646861291929483384e-01 7.270250222595999734e-01 9.542650276338874304e-01 6.062107223354979979e-01 2.761549713161604025e-01 7.068189708417654815e-01 4.876198977310410854e-01 9.225825126461290049e-01 7.081545493866081564e-02 7.124206480068665526e-01
2.717672272872781605e+02 2.750011379610178892e+02 2.848784748617766809e+02 2.625991956068683635e+02 2.447885161629600361e+02 2.425233841538749289e+02 2.317731400802362600e+02 2.450410990156943001e+02 2.527261933738046480e+02 2.445388330599278959e+02 2.388275603024546569e+02 2.520624443001348709e+02 2.570123860317222011e+02 2.257716454525240408e+02 2.021879607881221830e+02 2.088040998322969131e+02 2.150980633965179436e+02 2.026247570395714774e+02 1.858696839074368086e+02 2.005744714246151261e+02 2.204536740907211936e+02 2.566682089704510759e+02 2.581213297859700901e+02 2.437164595694771947e+02 2.395848135125633291e+02 2.506564908306668542e+02 2.503392868418847854e+02 2.646525500000224724e+02 2.667220195666555469e+02 2.531189929438525610e+02 2.530030932868974389e+02 2.548745532283006980e+02 2.221713960788559064e+02 1.967716854032422020e+02 1.803089135090166053e+02 1.942430604613097671e+02 2.077360850743106653e+02
2.344744179529926669e+02 2.392030258045409425e+02 2.671004420215588198e+02 2.476007932637799911e+02 2.074103135583281983e+02 2.157498298788945306e+02 1.932616424162875433e+02 2.257651104224593723e+02 2.201654439346849585e+02 2.093464205705162442e+02 2.010766410114877090e+02 2.323690855490271190e+02 2.366344594234525971e+02 2.197869256647435918e+02 2.076954259830650358e+02 1.739784365487181503e+02 1.881327743633212606e+02 1.683949153350170320e+02 2.050259426115127894e+02 2.331519506657245984e+02 2.510372736781107790e+02 2.645734936800220680e+02 2.450886143745518950e+02 2.072587044404148742e+02 2.024386568876171850e+02 2.227124735312630719e+02 2.132057834212379532e+02 2.502611410875105378e+02 2.522587848167519837e+02 2.161806510621783275e+02 2.178296236939908965e+02 2.418482661426250218e+02 2.420841254134651876e+02 2.167818196133781612e+02 1.796527225764343427e+02 1.594262345017795042e+02 1.807592776137801422e+02
2.143866940213150372e+02 2.195593556718230559e+02 2.550587958338978467e+02 2.484483510957350347e+02 2.169395009562872758e+02 1.814312141663515376e+02 1.757635301738754379e+02 2.120350229466968131e+02 2.186544750957480971e+02 1.842826324765610764e+02 1.802630673844863054e+02 2.158125958269661169e+02 2.201420950761288680e+02 1.832316690758711673e+02 1.925409736100506279e+02 1.862083670728040659e+02 1.543172700643644930e+02 1.861835367551829847e+02 2.087786669609659214e+02 2.320964732556678598e+02 2.571005115831563330e+02 2.485980796486013276e+02 2.337981563866053989e+02 2.167806742593203353e+02 1.823779059113961125e+02 1.881301724049341431e+02 2.137082386753075696e+02 2.480056842333752058e+02 2.476036240986167911e+02 2.146074911268268863e+02 1.916182268248135756e+02 2.218849597302408085e+02 2.359453387185591851e+02 2.285027899537228109e+02 2.077075318636381382e+02 1.826193471629227361e+02 1.460852446773504312e+02
2.009015404085219814e+02 2.202458341375375994e+02 2.540927442565401293e+02 2.378162376147706425e+02 1.994792228298049110e+02 1.791316509959842449e+02 1.634037124090276905e+02 2.011507287605855936e+02 2.203332378456992728e+02 1.978831354386804549e+02 1.649957440651475622e+02 2.011299604995796813e+02 2.208429377586317912e+02 1.954048029773471171e+02 1.577482622811932913e+02 1.709642126442581684e+02 1.473633586272529783e+02 1.590512951936450463e+02 1.771951308049536635e+02 2.185468841496240202e+02 2.395124269242428454e+02 2.130457623656364206e+02 1.974920410410155682e+02 2.055378870485992309e+02 1.715660142162727482e+02 1.958888926831896811e+02 2.297219112690087002e+02 2.421570176757888078e+02 2.294996549998352293e+02 2.149798615995843534e+02 1.798515344178087219e+02 1.864416295206415555e+02 2.174543403852925110e+02 2.167236581306310939e+02 2.007271585329837649e+02 1.928629115409544283e+02 1.689223945322566180e+02
2.263963142037425484e+02 2.482552181804846612e+02 2.630120943236873927e+02 2.346630298518553559e+02 2.096001146131748101e+02 1.880916470460890935e+02 1.553040802447711428e+02 1.916325413252075691e+02 2.079629251891187494e+02 1.759461234517220873e+02 1.566859701744029678e+02 1.764299290442702670e+02 2.110990411801312234e+02 2.027193743596008346e+02 1.733088227431708788e+02 1.391725662134796266e+02 1.728238748541398877e+02 1.933013241072948460e+02 2.098661372570358310e+02 2.275931312677757319e+02 2.269240876503367019e+02 1.922168804903016905e+02 1.774222597050940919e+02 1.961003630189428861e+02 1.646172710558819290e+02 1.994481473941883110e+02 2.260225679817218918e+02 2.285388570882051624e+02 1.923236090447205697e+02 2.019219860759320966e+02 1.973451492188969212e+02 1.665277377677135462e+02 2.023560700035266393e+02 2.007091804456558748e+02 1.635232861596215628e+02 1.732296580071627261e+02 1.640481317283956457e+02
2.368981786983032976e+02 2.413333459478478176e+02 2.519741820535493844e+02 2.216818011525953125e+02 1.788567435455856014e+02 1.604245103446387475e+02 1.485888498185560991e+02 1.761080679992079467e+02 1.922690455236285629e+02 1.840262058139978194e+02 1.500320834176028200e+02 1.841804161760347824e+02 2.088412491956804047e+02 1.926658626029809227e+02 1.542577974954515412e+02 1.341857148102635335e+02 1.691680485499265103e+02 1.924540544969156315e+02 2.123765486485837073e+02 2.243066296443415979e+02 2.127235851573790626e+02 1.997749065158062649e+02 1.639712502439712978e+02 1.811922397188726279e+02 1.581387398058460576e+02 1.757245938755625048e+02 2.153611219570160245e+02 2.262105330455564740e+02 2.011357797347524468e+02 1.671808989280619642e+02 1.812318506311504791e+02 1.591906891573063376e+02 1.949827718860392451e+02 1.977452301357815827e+02 1.638655318296875976e+02 1.383040536052604921e+02 1.547348738604154903e+02
2.160795710099430380e+02 2.045570197440957827e+02 2.398399612722886332e+02 2.321245792099634286e+02 2.123323365792938660e+02 1.955743667391487008e+02 1.745134902131820809e+02 1.405066173639885960e+02 1.766769778490047145e+02 1.774918249758763977e+02 1.437359360427763875e+02 1.630350877184776834e+02 1.978958143585175549e+02 1.910556072320538590e+02 1.549728649954626860e+02 1.295567845517212504e+02 1.429417195710429098e+02 1.603131212092305589e+02 1.990723205312515347e+02 2.054501033280572244e+02 1.759929339572549054e+02 2.001768550191511054e+02 1.837105750948435912e+02 1.499155100606299413e+02 1.830270576926495210e+02 2.070686473096762938e+02 2.259489554471545887e+02 2.174755047232635832e+02 1.786773901101932438e+02 1.614313178229761547e+02 1.492699127390456226e+02 1.736906806432588439e+02 1.908194058191250235e+02 1.906390199883958019e+02 1.814457277345395312e+02 1.547768061543262377e+02 1.212506032988545286e+02
1.799093937831363235e+02 2.048796424654217958e+02 2.383228834537248417e+02 2.352064452996359307e+02 2.178259039024859760e+02 2.014422257962993115e+02 1.729452849155585454e+02 1.351687370972418307e+02 1.684923630233547556e+02 1.641428242443124077e+02 1.380413179029789319e+02 1.580640284451074820e+02 1.941203003349456822e+02 1.905778171275089505e+02 1.608518995605375608e+02 1.253439168336235383e+02 1.494838610576576343e+02 1.837776573757306267e+02 2.052929251466818243e+02 1.920500286034020974e+02 1.550828746331119987e+02 1.886001865859509508e+02 1.800893881033770469e+02 1.451724278077202257e+02 1.710881975517836224e+02 2.068111233159434050e+02 2.329024949954989552e+02 2.268269039836404772e+02 2.090583214587936425e+02 1.959848742326233264e+02 1.773895285819041590e+02 1.418032571016084376e+02 1.676582746469894118e+02 1.560544728561475551e+02 1.655820320502736251e+02 1.359029597834893082e+02 1.117874628829468975e+02
1.965747040092299187e+02 2.134897531671316244e+02 2.302028522166841356e+02 2.220755432870209916e+02 1.847954226096607897e+02 1.690909775492313258e+02 1.639229201156905447e+02 1.301037981226904208e+02 1.536359708569394797e+02 1.304825723271203231e+02 1.656954369206355295e+02 1.883395206032798512e+02 2.022611133798980916e+02 1.804313868168476915e+02 1.414752787452431164e+02 1.212561112409767503e+02 1.469018968299522783e+02 1.828060147970535070e+02 1.931267735001555366e+02 1.802033251955995183e+02 1.435804170853838571e+02 1.765347732543016832e+02 1.684207547828788449e+02 1.406618418746476209e+02 1.747249772820125884e+02 1.875905710250709717e+02 2.204138310730761532e+02 2.083944127290393737e+02 1.928653590255478321e+02 1.995569749484496356e+02 1.917260124637790852e+02 1.705779153246179192e+02 1.347472908919082499e+02 1.301011896596870088e+02 1.488134627795300560e+02 1.176473373320860532e+02 1.368032501348944265e+02
1.868638110806045063e+02 1.798181059217311031e+02 2.164854352124730781e+02 2.168082786120205867e+02 1.815859661260614644e+02 1.557780648299920756e+02 1.420135125779661394e+02 1.323232724710747163e+02 1.231304111120867333e+02 1.501872812717483612e+02 1.723135284513181205e+02 1.979484636216664626e+02 1.895702067281567622e+02 1.775217492110960791e+02 1.425262142253257025e+02 1.173708803880322193e+02 1.540086712527626673e+02 1.787273176803427361e+02 1.599189703461437091e+02 1.673417525947618856e+02 1.339165463037720087e+02 1.592605740380878956e+02 1.346773251701323488e+02 1.673419307523494410e+02 1.599093678863173693e+02 1.946440149262282944e+02 2.060319616572793109e+02 1.869395956492854225e+02 1.522171188852977366e+02 1.745923679219634153e+02 1.869839925020887392e+02 1.846020696509968388e+02 1.707771725648779295e+02 1.477891936811351172e+02 1.237780423575248534e+02 1.494537370419223521e+02 1.470098196929901917e+02
1.554086250798053754e+02 1.797376686813178708e+02 2.142045101903969737e+02 2.139619368548783598e+02 1.938948583874873179e+02 1.785020656270883421e+02 1.737893258303340644e+02 1.607855852775616086e+02 1.444819063001257007e+02 1.184735028761222253e+02 1.603527520719937343e+02 1.858596862820220394e+02 1.535445865565584995e+02 1.629839224327977831e+02 1.486892756500242569e+02 1.135731559228294287e+02 1.498040154743633536e+02 1.634614262760618146e+02 1.340435632152452570e+02 1.513253145393995567e+02 1.250937345999861918e+02 1.288575471752120620e+02 1.619796439785122857e+02 1.851624090546432342e+02 1.926686800910015052e+02 1.895322950901159800e+02 1.763584684971476122e+02 1.593804105434950031e+02 1.343294967084833331e+02 1.376672657114540073e+02 1.620723287201979019e+02 1.772191280810569936e+02 1.895477041952747186e+02 1.754357779383997809e+02 1.611099603796300528e+02 1.560268717764476207e+02 1.345757791663852743e+02
1.524000373785573004e+02 1.728638761297742406e+02 2.094019958627019093e+02 2.025185253592344168e+02 1.629895756853741204e+02 1.453366882127481858e+02 1.603997921666343132e+02 1.480849308103966564e+02 1.138709231185373056e+02 1.467883034098548478e+02 1.707211058383201134e+02 1.816862475824074181e+02 1.618159936557171363e+02 1.294022510060494824e+02 1.424164689199563156e+02 1.098482347887899238e+02 1.414138588208521412e+02 1.452436421871209689e+02 1.169294349715412125e+02 1.202528755144941357e+02 1.537311212697283054e+02 1.530101319833827631e+02 1.530333517565545378e+02 1.886298755905538940e+02 1.886645770616274262e+02 1.690410849037334344e+02 1.378516695336351745e+02 1.563911264605534654e+02 1.505768405154947516e+02 1.176593132180108228e+02 1.249097656240407588e+02 1.510535902993380546e+02 1.668852442991026805e+02 1.792130658553748503e+02 1.677386440790706104e+02 1.306928706123643167e+02 1.098487488327546941e+02
1.830130949756188272e+02 2.025311240520504441e+02 2.226581661336230411e+02 2.148107755926730249e+02 1.856779951097784647e+02 1.479595601004924390e+02 1.275904217876185953e+02 1.190107258341989933e+02 1.107746139916917372e+02 1.360396280443963519e+02 1.708242219927805934e+02 1.708057696617200065e+02 1.330499000585345186e+02 1.158850733674156288e+02 1.329978318622767972e+02 1.061913635388184360e+02 1.092422638849512566e+02 1.123819946430221250e+02 1.456570461926909843e+02 1.461271529544613657e+02 1.724361328954269368e+02 1.849101645133729619e+02 1.881580687520129800e+02 1.972843544270628797e+02 1.757652368513980434e+02 1.377681287482004677e+02 1.165949583438808901e+02 1.245692685798850476e+02 1.476265533089334099e+02 1.389557775122650582e+02 1.047552094080254790e+02 1.137301564063453583e+02 1.312448173541083918e+02 1.664097999898763760e+02 1.779513294325556956e+02 1.582491169795753763e+02 1.301197784337315397e+02
1.936105154393564760e+02 1.999476615227962952e+02 2.314283707997940098e+02 2.237206479729501609e+02 1.983130131525678621e+02 1.780101862190732618e+02 1.621320445047798842e+02 1.411795766144072388e+02 1.079579325780807579e+02 1.337687365788476086e+02 1.703263548961943457e+02 1.795149657640325245e+02 1.585661724223861313e+02 1.227526436605804179e+02 1.028799516638235758e+02 1.294197109662144385e+02 1.416336167111143425e+02 1.477443030084424436e+02 1.622873947960397629e+02 1.788935138830026972e+02 1.825285811905506250e+02 1.733810761755766521e+02 1.843744640403873518e+02 1.801832894337740925e+02 1.638652310586354020e+02 1.578740125492081745e+02 1.329268118630020297e+02 9.960565644383659389e+01 1.362427087000197048e+02 1.474307065448222716e+02 1.256595016362683594e+02 9.386304607908913056e+01 1.145133205315240446e+02 1.534886432270338332e+02 1.760490112903005979e+02 1.558962910203364345e+02 1.282903275913968741e+02
1.649688904749157246e+02 1.912311565986103119e+02 2.242893623875343394e+02 2.105370220243440826e+02 1.756976586836829028e+02 1.730556850484711902e+02 1.645895856605264100e+02 1.306304233641639030e+02 1.051635660982815921e+02 1.411953012885991541e+02 1.722866287344581053e+02 1.716559118850673542e+02 1.706346968941068099e+02 1.538759840687411042e+02 1.341442462810347251e+02 9.966750909925113433e+01 1.302846133768750860e+02 1.423864231963422924e+02 1.449055181511348280e+02 1.772923776901679958e+02 1.677359330367799544e+02 1.338745249772872228e+02 1.654684015936439039e+02 1.627646880190720253e+02 1.254781693901715443e+02 1.338632907804527861e+02 1.149250855175718584e+02 9.085497216785634578e+01 1.265034734426572101e+02 1.302761267289288583e+02 1.036966773181853227e+02 8.780505851668284834e+01 1.250574691060668897e+02 1.470528187115264700e+02 1.600819904420778528e+02 1.318772702505862924e+02 1.054919325005360804e+02
2.006365507192613791e+02 2.147095340380929542e+02 2.186810147330019731e+02 1.953668843048632766e+02 1.585344257257993377e+02 1.382594593782548884e+02 1.522875206991260768e+02 1.353006573910807049e+02 1.024116272406524502e+02 1.271014387992091343e+02 1.538549279172891033e+02 1.356938383665475101e+02 1.576932991109920295e+02 1.605458446354707860e+02 1.422733239018641029e+02 1.238127034180305515e+02 9.647350120593627310e+01 1.080904181061707447e+02 1.345676356927297377e+02 1.680679279936515229e+02 1.524328674521104006e+02 1.161073761308082339e+02 1.458353520697648662e+02 1.577547796544666028e+02 1.369742530294562641e+02 9.968694258304695666e+01 1.122131265925660273e+02 8.331126691465948397e+01 1.178318295331246048e+02 1.151759017886068932e+02 7.961850728735331018e+01 1.121992596273571507e+02 1.303613537330172107e+02 1.124994106287549300e+02 1.440315688153021938e+02 1.520545351743318179e+02 1.383746315502784228e+02
