output_new_topo_ddd_3/finaltopo_topographic__elevation.asc
ncols 300
nrows 100
xllcorner 0.0
yllcorner 0.0
cellsize 10.0
[rows 51 to 67 of 100, columns 259 to 295 of 300]
9.570650939786212064e+01 1.140808515179303697e+02 1.559955632060420783e+02 1.810200624733356278e+02 1.718366019638694979e+02 1.704531876361496643e+02 1.530545493920119782e+02 1.203231469447660942e+02 1.528260479061866022e+02 1.686925118806776425e+02 1.471468118400194101e+02 1.521620427778038902e+02 1.256248645105779929e+02 1.306412185119637854e+02 1.540817279115839824e+02 1.441266544576790238e+02 1.701904845356402802e+02 2.020590594857492022e+02 1.955483105534700030e+02 1.788371963501500659e+02 1.524203336462929315e+02 1.305081986164879879e+02 1.543092228376793287e+02 1.261767725021171316e+02 1.234432436855422850e+02 1.611264909124143117e+02 1.639062998368204376e+02 1.289067665823973527e+02 1.487257031834220129e+02 1.754761255246175438e+02 1.875270265901477273e+02 1.622015756051546305e+02 1.270447805231165006e+02 1.508584139098755372e+02 1.256498424455063514e+02 1.565774816451090885e+02 1.691219218728801650e+02
1.136587131217200692e+02 1.473557344260673858e+02 1.687572690568619862e+02 1.845824363675448865e+02 1.798775614228599409e+02 1.808877237654317867e+02 1.738386003190443319e+02 1.618490202520365528e+02 1.739027839110448213e+02 1.908269513967312037e+02 1.833084274411579599e+02 1.765621807847649904e+02 1.466048633642930383e+02 1.559161664370190579e+02 1.659733624267125265e+02 1.808951893469070455e+02 1.944401264338442843e+02 1.920102015279337877e+02 1.729603725412718802e+02 1.415555208101487210e+02 1.480874165931951154e+02 1.148946007799883375e+02 1.314165998154365127e+02 1.095448668071028919e+02 1.441409092346028444e+02 1.672537502583140565e+02 1.572342548346202307e+02 1.199234935946530101e+02 1.243536385795656543e+02 1.435526018550064009e+02 1.620546648334311897e+02 1.468431725167987452e+02 1.165884541958838412e+02 1.201490266668450033e+02 1.491173108699879890e+02 1.407076435065738167e+02 1.743422120788106611e+02
1.523584254857656788e+02 1.662062060462725412e+02 1.747005891569855294e+02 1.531720057248413696e+02 1.453959212047930976e+02 1.486856795655035910e+02 1.818439972729165106e+02 1.825546834937613880e+02 1.732975548339072986e+02 1.785061888145084765e+02 1.915115466800646118e+02 1.959625340905918449e+02 1.864242475444001741e+02 1.924943553766819093e+02 1.970421877172790914e+02 1.951872814666477609e+02 2.044290442993951729e+02 1.799209621026736556e+02 1.387005629175245076e+02 1.206674433905480441e+02 1.384248548274292716e+02 1.314541882578921559e+02 9.883140777801891375e+01 1.227618584219450923e+02 1.411536550508900234e+02 1.482148568429371380e+02 1.574049340743506491e+02 1.407808427788410768e+02 1.079679528406486355e+02 1.366229251311248163e+02 1.406234622475698472e+02 1.118597073830903241e+02 1.431284785008176073e+02 1.534924650076822843e+02 1.380470166129366589e+02 1.677140593958645240e+02 1.577245661678576312e+02
1.767458437129125173e+02 1.686254560305835355e+02 1.632746505742055945e+02 1.284153381519226684e+02 1.200129955425109642e+02 1.541733396712947979e+02 1.773889825180315256e+02 1.662772376578703870e+02 1.361688476214125387e+02 1.407429387241263612e+02 1.790991880625250303e+02 1.945908235462523237e+02 2.050319411853875238e+02 2.070343819383950859e+02 1.768145386894449018e+02 1.608779920263892791e+02 1.887192277355558474e+02 1.875817492446340395e+02 1.692130565695818518e+02 1.427569776989926140e+02 1.057109104103634678e+02 1.254205620280817755e+02 1.213415820010971942e+02 9.043172920117838487e+01 1.199242056981072437e+02 1.104487646370958629e+02 1.388459452718271052e+02 1.307220359267058143e+02 1.012925843665566674e+02 1.042532642372449629e+02 1.072880306631737994e+02 1.384644169970834469e+02 1.335022366218757952e+02 1.683939590100363830e+02 1.635219120436944706e+02 1.672966559127995367e+02 1.913506996439054433e+02
1.585225226984950098e+02 1.337734841408494617e+02 1.467147743148438508e+02 1.353685339919396142e+02 1.076773250440810727e+02 1.325572248622672191e+02 1.535264172401106748e+02 1.397912317862403029e+02 1.158722003608713607e+02 1.414461037897781068e+02 1.746801455005122534e+02 1.603269628927502595e+02 1.779009947037010306e+02 1.905598374649385107e+02 1.774238806662124546e+02 1.408592673922715903e+02 1.619716927449167940e+02 1.757840543140063687e+02 1.697127721634057878e+02 1.538458802527733837e+02 1.283770685169015735e+02 9.309813237971039257e+01 1.116967817762200781e+02 8.495941315311389985e+01 8.744093012290397837e+01 8.996232238610903664e+01 1.205531846997087797e+02 9.746063096888727273e+01 1.291825656035051679e+02 1.284785071852535907e+02 1.246051907518634323e+02 1.435905590804747760e+02 1.588628162475478973e+02 1.872409960626842746e+02 1.989220889045368210e+02 2.042771349062550428e+02 2.174029767373924074e+02
1.690216894055721184e+02 1.330224306767092912e+02 1.129232747629556712e+02 1.037737252893061424e+02 9.952734082125286363e+01 1.337263328126469446e+02 1.377775744533255136e+02 1.025011694855936923e+02 1.368383587765707716e+02 1.622037346419298274e+02 1.731223365827133307e+02 1.406243743805592317e+02 1.400272439288818873e+02 1.713020347514478772e+02 1.758887749821299735e+02 1.560401499612082716e+02 1.243271803420462760e+02 1.575895391204498139e+02 1.363068507838561061e+02 1.349395635128524304e+02 1.285678944766944767e+02 1.099896672054180726e+02 8.177198384223561334e+01 1.055507647803941609e+02 1.235857414013656665e+02 1.236506243553622113e+02 9.364572444422736908e+01 1.180911356255727185e+02 1.351128681731858308e+02 1.616740370446419206e+02 1.519117020646352785e+02 1.765194907098671990e+02 1.919485713684117059e+02 2.064572155837019807e+02 2.089545144281022147e+02 2.104879028252062767e+02 2.243733954194784133e+02
1.804309612545637833e+02 1.638311952215526333e+02 1.472493862558843318e+02 1.251577488059144798e+02 9.193488749468657772e+01 1.262134948333503104e+02 1.283391114339690375e+02 9.464718683564989021e+01 1.293241771254066350e+02 1.502079901429786162e+02 1.660857018177659938e+02 1.535559625853906027e+02 1.194607059182549023e+02 1.541048277255705727e+02 1.553719065065158134e+02 1.286621131410171586e+02 1.154140411447849601e+02 1.486202901949796740e+02 1.340050400380292785e+02 9.802059504337314877e+01 1.080068272632317559e+02 7.869307019783714452e+01 1.106901049716155256e+02 1.307247258468526354e+02 1.514098779738096709e+02 1.447316868763749653e+02 1.117714238008603616e+02 1.460953882528144447e+02 1.685459039659077689e+02 1.856391227760912557e+02 1.888326774511549218e+02 1.956708552817431723e+02 1.873903544559421448e+02 1.958868054450669831e+02 1.756942633780546146e+02 1.746794526098734650e+02 2.093122016420905709e+02
1.804583145667869815e+02 1.666715245635817837e+02 1.484713503929389162e+02 1.127175850517667186e+02 8.659117107662797252e+01 1.125057016187203658e+02 1.126948942841743957e+02 8.754336112186837227e+01 9.903132732139683014e+01 1.165070736110088063e+02 1.538415780794257444e+02 1.483915291335850384e+02 1.101388136701855558e+02 1.333718485670842426e+02 1.378746370114868114e+02 1.037466540955106069e+02 1.358794187451837274e+02 1.428178133642941816e+02 1.247636330546157808e+02 1.052843019006704424e+02 7.567208507505753801e+01 1.074158326543982866e+02 9.853660059004509719e+01 1.195579361092124202e+02 1.570205820095104627e+02 1.641680466818861817e+02 1.522372406284016790e+02 1.636780871575635388e+02 1.772317796179942491e+02 1.933732814662010071e+02 1.996806380187893524e+02 1.824016170683234463e+02 1.494164388984054312e+02 1.672345636491859864e+02 1.501613931457241620e+02 1.843422348005960600e+02 1.938320783869128263e+02
1.611741011543298328e+02 1.328706460271534127e+02 1.378260982083826036e+02 1.194449403244357910e+02 8.618174967324817715e+01 7.934802014974027884e+01 7.923193867108028599e+01 1.128919227168833856e+02 1.327805502887710816e+02 1.482171736494052539e+02 1.637831419603240590e+02 1.600848592245698114e+02 1.351074642301885547e+02 9.819624473402303977e+01 1.190489407345322093e+02 9.683873723716722282e+01 1.300043704270649130e+02 1.287287874875643467e+02 9.313927843918864369e+01 7.272498746692140514e+01 1.035941895638661947e+02 1.226703294157165374e+02 1.337214145259058569e+02 1.518944357741941076e+02 1.721651002328821960e+02 1.808485703601284342e+02 1.661899715581048440e+02 1.548054558853680192e+02 1.431876902985059701e+02 1.797802572242025292e+02 1.831829781015545393e+02 1.542394420933775336e+02 1.323914822237359203e+02 1.333402728476622485e+02 1.675206069399778244e+02 1.795198668258828150e+02 1.682156180680799196e+02
1.260801308115540991e+02 1.147476897644716729e+02 1.047308175820529925e+02 9.684301513499455893e+01 1.176815831618620791e+02 1.047988136696715031e+02 7.366769403401751504e+01 1.100405676896434528e+02 1.292671372091554929e+02 1.446985689064662779e+02 1.497233846491569125e+02 1.606957069449921391e+02 1.488876137670845026e+02 1.242215577357882239e+02 8.749958883545599519e+01 1.108814218573077994e+02 1.137912722596495456e+02 1.181417084705892222e+02 1.002097536957082440e+02 7.070090274780604034e+01 8.333254242378896492e+01 1.011047206063735757e+02 1.277966847883313761e+02 1.632287549514840350e+02 1.779031593709199512e+02 1.714313496362256046e+02 1.350429648783809000e+02 1.186528492554635079e+02 1.411124088919317501e+02 1.741550658919502723e+02 1.634191697365716038e+02 1.342380109806779274e+02 1.192779688191260732e+02 1.524245704671233455e+02 1.681468147338083838e+02 1.576358647234467014e+02 1.315305729434858790e+02
1.612955147279797927e+02 1.496247157141659727e+02 1.409181941431984058e+02 1.329175103277570145e+02 1.270929878449829005e+02 9.098804439724287363e+01 7.046474116598700732e+01 9.819300525829639525e+01 9.440959234115716470e+01 1.204090953821122127e+02 1.119368214949325591e+02 1.468836374668891551e+02 1.461699468872072600e+02 1.378985681948097692e+02 1.166357284007425505e+02 8.078174386243851757e+01 7.633857675060576753e+01 9.859854197813727694e+01 6.787946351097292563e+01 1.004927731615380395e+02 1.176717803792092241e+02 1.338360356584745716e+02 1.515059356642308614e+02 1.647243696100323120e+02 1.468651565460308177e+02 1.664957327252440678e+02 1.424041491242133191e+02 1.062278209658062309e+02 1.416558930751245668e+02 1.665167071253005702e+02 1.469916940657197131e+02 1.093905863885338334e+02 1.403851581066417964e+02 1.440471131333737276e+02 1.471733938311641623e+02 1.219433690143132480e+02 1.570686406328459555e+02
1.598698123374789191e+02 1.465374527360320656e+02 1.492886824078607333e+02 1.384549248131999946e+02 1.390407296627073492e+02 1.211813146072894085e+02 9.977150713338517107e+01 6.603183746194071091e+01 7.610166139943089547e+01 8.689178332436925700e+01 1.229655270470008617e+02 1.341922953122719946e+02 1.119962802085479296e+02 1.340138541197676432e+02 1.309174190434249567e+02 1.151634019740641719e+02 1.021883371851940865e+02 7.017111596332824774e+01 6.590854003767978497e+01 9.694856538939838231e+01 1.146563706646051770e+02 1.348152530055588443e+02 1.500499130910621659e+02 1.390723998201723077e+02 1.208889232068946313e+02 1.545633358531925410e+02 1.355801485937860207e+02 9.797130422344791612e+01 1.227015584641598309e+02 1.448015830987046684e+02 1.303183667074414984e+02 1.032545813555793757e+02 1.301501844802968719e+02 1.080305249120970643e+02 1.134275805788723801e+02 1.378927573522553018e+02 1.589796963351599857e+02
1.263013437612202097e+02 1.087544474713019866e+02 1.249355040959767678e+02 1.027473337785740171e+02 1.294213235690112356e+02 1.262862847583602388e+02 9.914742428947957364e+01 6.313509432362234719e+01 9.774094880152291864e+01 1.195010703709563842e+02 1.312869108157810558e+02 1.202490094567598220e+02 8.480510216071387219e+01 1.198067801934891179e+02 1.261553293152063304e+02 1.086364949726510361e+02 9.465959414390066229e+01 9.967736152869414923e+01 9.008552650643473214e+01 6.338415200018187790e+01 8.149152070279673410e+01 1.219448242425656304e+02 1.355266928579174817e+02 1.017935164192313096e+02 1.356053526802386671e+02 1.536434362044835495e+02 1.285532159000160846e+02 9.069267675150783248e+01 1.244301512981748488e+02 1.293233523926581654e+02 9.472568939904169838e+01 1.203109463779851609e+02 1.006150640713141513e+02 1.255833059634808961e+02 1.506390763607931262e+02 1.669302256011420695e+02 1.828959416018762738e+02
1.545756312045427876e+02 1.277038823022669618e+02 9.209069397160250503e+01 8.224881277647965305e+01 1.058366413048703407e+02 1.070428553940747634e+02 8.024029019418509279e+01 6.027055175524173336e+01 9.644597310287370817e+01 1.140657372050456502e+02 1.067309413166601502e+02 1.035713800157424629e+02 6.922283214749666058e+01 1.047026111004621072e+02 1.049261776854523163e+02 7.817334845716437997e+01 5.583955542498235758e+01 8.553095584521173578e+01 6.085401185440768757e+01 9.352243188180089817e+01 1.146840935269549817e+02 1.326501432358463148e+02 1.266161260303168916e+02 9.213321081039630656e+01 1.264957466044332790e+02 1.246035521273711311e+02 1.190597111800843351e+02 8.391117734862265820e+01 1.134124468727688395e+02 1.165287891325002931e+02 8.908018532474721951e+01 9.365192013429147266e+01 1.194327531899063217e+02 1.531561347354374050e+02 1.750123486375273103e+02 1.796507986017587086e+02 1.680382626925918998e+02
1.408309931154236381e+02 1.259155811402945773e+02 1.139576457579293987e+02 1.012065314151959399e+02 7.084594536761194661e+01 8.774763927831745036e+01 5.622776375727629983e+01 8.234205767489248728e+01 8.691614763826257217e+01 8.583960686790480565e+01 6.786921254874921772e+01 7.938984599560694733e+01 5.894027438828386778e+01 9.315684421481969935e+01 8.526632693088680526e+01 5.336416758818240424e+01 8.288710691886562643e+01 5.834247427852537982e+01 9.138220379922620396e+01 8.588901270291516710e+01 1.236574681504664994e+02 1.401932601320922060e+02 1.088917142412177128e+02 8.371774302342208784e+01 1.158283481903020657e+02 1.014054886272308522e+02 1.055465084654652372e+02 7.742955591432871643e+01 8.074235595806358390e+01 8.414499682065934394e+01 1.089035032334715822e+02 1.315018909441395749e+02 1.487734843848751893e+02 1.709934619145721797e+02 1.827467032397170215e+02 1.667706006012849969e+02 1.320335355337540193e+02
1.037637642827012172e+02 9.024954183242115846e+01 8.221877060193669706e+01 7.493428511762577671e+01 8.801293235912052637e+01 6.031363702837046503e+01 8.366205212270548941e+01 5.338501218737884813e+01 5.141844939831032235e+01 4.946580037147011666e+01 4.753273901525663092e+01 4.561492687208469476e+01 7.351101659358890572e+01 8.472153847844168695e+01 5.090829522793011108e+01 7.844136155249832143e+01 9.502855802084104653e+01 9.729042270531371628e+01 1.127616597932732532e+02 1.215165153438272938e+02 1.365658187559424732e+02 1.393665253454939830e+02 1.118245821980723633e+02 7.636509606522263027e+01 1.000331198267879529e+02 1.003124795299509628e+02 7.326429024435486781e+01 1.071730964833443238e+02 1.164983158699287173e+02 1.228545338540248082e+02 1.390307889921643891e+02 1.569699109413405722e+02 1.618863066855944624e+02 1.742865212674426232e+02 1.648177610717900166e+02 1.378656945803140559e+02 1.226953102868408934e+02
1.079116943268810473e+02 1.254048162404194215e+02 1.174710696578019196e+02 9.003421147530646351e+01 6.484013642847521908e+01 9.033381332338896641e+01 1.006838720634919184e+02 7.953821671070411981e+01 8.772170697949363216e+01 8.533699097918801613e+01 8.087217973256254311e+01 6.973207936435441923e+01 4.293430176746903726e+01 8.005249696863039333e+01 7.965022396592596010e+01 4.846863953986650841e+01 7.500521672373440651e+01 1.104619956862797352e+02 1.270394151541893564e+02 1.199627094187956544e+02 1.322036626512635848e+02 1.272816924333819202e+02 9.170782988279786707e+01 9.184685260330466861e+01 6.633055479001883725e+01 6.915941345269956742e+01 1.024397558171430518e+02 1.206610022270674136e+02 1.249715489274016704e+02 1.382801077415223006e+02 1.563650826549458372e+02 1.555944506385236252e+02 1.278729600913132032e+02 1.525988569747703423e+02 1.406305037800346724e+02 1.131078628096238390e+02 1.489123229619836479e+02
