output_new_topo_ddd_3/finaltopo_bedrock__elevation.asc
ncols 300
nrows 100
xllcorner 0.0
yllcorner 0.0
cellsize 10.0
[rows 17 to 33 of 100, columns 185 to 221 of 300]
2.049904380388618392e+02 2.151128771463560270e+02 2.007504554174983866e+02 1.705580234296781157e+02 1.664061495083978457e+02 1.547681436651765239e+02 1.200529561898098052e+02 1.095754983654985040e+02 9.971699394156401297e+01 1.273186283820462279e+02 1.295532949212764606e+02 1.083654056430633403e+02 1.293505507177720233e+02 1.396202176000174120e+02 1.145834512351757155e+02 9.337111119609822651e+01 1.259795965368581960e+02 1.423522190849376727e+02 1.580215155732340691e+02 1.652729661694419008e+02 1.314957136228313175e+02 1.044287681355759929e+02 1.107409530849933503e+02 1.407866463889678244e+02 1.450378925738041289e+02 1.194979739201076683e+02 8.267066212945537984e+01 7.616083033098846045e+01 1.091932193511399589e+02 1.017379765171710488e+02 7.437386283208756765e+01 1.033809036962457668e+02 1.074944796159622626e+02 9.204582055587171396e+01 1.281616223553804446e+02 1.476642252007396507e+02 1.354808585246167922e+02
1.909341365354529216e+02 1.995711391530289234e+02 1.671665187535008101e+02 1.507738020781133343e+02 1.337186698227822887e+02 1.591838796572071431e+02 1.466719122714055459e+02 1.285466119666051839e+02 9.772301455514823942e+01 9.607931957591813443e+01 9.469731433651921293e+01 9.332709322174426347e+01 9.194792720728865731e+01 1.198705131391550509e+02 9.030900047499319783e+01 1.164283278470579575e+02 1.229131266679278269e+02 1.385246325745475815e+02 1.575470346794502063e+02 1.622268489488711225e+02 1.538995261486649042e+02 1.283128791615409341e+02 9.104425040985746875e+01 1.170426594925709480e+02 1.313259250222768912e+02 1.288740641712493016e+02 1.036886712776289130e+02 6.942118178020477615e+01 9.520748689276595655e+01 6.776557450295433682e+01 6.925839662594960089e+01 7.080828678050872327e+01 7.239154231321366240e+01 1.020417235188619145e+02 1.017352318274002130e+02 1.260103433539545108e+02 1.156759286055808786e+02
1.879804443527764590e+02 1.879826101906393774e+02 1.508279489491937397e+02 1.302769042645944069e+02 1.164817402102020907e+02 1.381172261991825110e+02 1.332094444674224860e+02 1.001081642782579451e+02 1.285360507674195958e+02 1.086233386988118212e+02 1.290054133922349138e+02 1.188902547324119041e+02 1.222898294628985099e+02 8.999699872440758952e+01 8.865435149506242851e+01 8.730854191144021570e+01 8.616096005493886878e+01 1.090839441160539423e+02 1.331980816201213145e+02 1.287965472051654672e+02 1.598455667290048154e+02 1.428823136176619073e+02 1.171172385942240624e+02 8.038279097039500698e+01 1.065727191137215044e+02 1.130200742528939486e+02 9.604631949092608068e+01 6.415337731885804828e+01 6.563672028925613233e+01 9.771742926377552863e+01 8.890463066212299736e+01 1.068679828565186796e+02 1.059332098499100141e+02 7.466691735267538377e+01 7.628236535177477151e+01 1.066039873303179206e+02 8.097563969371223891e+01
1.862226167565557091e+02 1.918139918888175828e+02 1.744806402758320871e+02 1.535829323675096987e+02 1.351605504401206304e+02 1.042387576414952264e+02 1.025243621227400865e+02 1.322333485281974390e+02 1.473235734809737778e+02 1.240650260501813591e+02 1.559750738659821820e+02 1.536446920940231564e+02 1.377405975312380235e+02 1.041069718420672103e+02 1.232153805247391603e+02 1.223763685763279625e+02 1.159490309484812798e+02 8.454760052700139283e+01 9.980218299948668914e+01 1.367769907741449629e+02 1.557593180727143931e+02 1.425992218709232020e+02 1.296450924253066432e+02 1.062505029140407942e+02 7.087668996190633663e+01 9.263552328863818275e+01 6.213512916043533352e+01 8.939093120424115568e+01 1.002104364055839909e+02 1.159013991143900739e+02 1.236531714464171472e+02 1.349957534140576172e+02 1.260746183769333157e+02 9.534053555564295834e+01 1.082644757467604535e+02 7.860465189908745742e+01 1.108811529231827109e+02
1.795580655556798604e+02 1.698210265873537423e+02 1.458477778756941348e+02 1.300719167026775835e+02 1.067194615747448552e+02 1.362515607388980072e+02 1.386319874185349192e+02 1.273094425263333136e+02 1.608492160010434588e+02 1.449920705057428449e+02 1.737907768528397128e+02 1.660583527766145835e+02 1.293390127945893369e+02 1.399366324271933593e+02 1.418709401690214804e+02 1.293353253092911928e+02 1.145511450590358606e+02 8.341378431105981406e+01 1.034970141724754598e+02 1.401791893379337921e+02 1.441537853380943659e+02 1.076493498394619053e+02 1.173199958934340401e+02 1.120721119213606869e+02 9.260248467314950460e+01 6.197162826113895306e+01 6.105206049702599813e+01 6.010997689868890603e+01 9.291198709430531721e+01 1.108907564991162644e+02 1.195632102527999194e+02 1.351334258126113639e+02 1.425609127953047448e+02 1.328986235221807419e+02 1.292682878500775416e+02 9.920425510885968379e+01 1.036573902741454134e+02
1.521616180247245609e+02 1.340254654252844091e+02 1.403743807390881102e+02 1.095155527476196937e+02 1.106013437608782937e+02 1.432236837450745952e+02 1.617604771974552591e+02 1.636296736679036030e+02 1.798809440680381044e+02 1.831601504409255483e+02 1.948115753531371297e+02 1.825089794574614643e+02 1.650539050710264917e+02 1.556635174563453461e+02 1.229665501578816986e+02 9.664686087998605046e+01 8.181623660230467010e+01 1.136083174398658997e+02 1.339556068941361389e+02 1.517645009355066463e+02 1.476128667366980096e+02 1.179348019495561033e+02 8.279535587294569154e+01 9.480524701287812661e+01 6.332765036898679512e+01 9.548111063315499791e+01 9.748310668316510430e+01 8.994108170654340029e+01 5.898271703662506127e+01 9.033979781693487610e+01 8.297886250115945472e+01 1.198416000482043984e+02 1.326238358341721835e+02 1.452193670124279947e+02 1.474067404516711974e+02 1.377291285977353255e+02 1.419284425941499990e+02
1.163523535532999063e+02 1.143383888713285899e+02 1.123334021615194160e+02 1.426885786021252329e+02 1.430327517219537867e+02 1.163553672834790547e+02 1.501027907316199332e+02 1.583132578886481951e+02 1.903036488332373608e+02 1.973251429674554061e+02 2.077870470169340535e+02 1.843553515330307562e+02 1.618105108010775552e+02 1.465265454555886038e+02 1.410234028517128309e+02 1.157582268483408683e+02 8.070372391879693907e+01 1.005256409089163867e+02 1.372342659804072582e+02 1.461670716402621224e+02 1.294723859867694102e+02 1.012482670841537669e+02 9.484953970750144947e+01 6.469714055682739229e+01 8.724774177714982670e+01 1.151085288785128427e+02 1.178819782349180088e+02 8.369884780105898869e+01 9.023020807922738129e+01 5.785513052576589388e+01 8.872405702933929206e+01 1.045959444212565472e+02 9.635258370250990367e+01 1.311759222458765350e+02 1.379695340489983266e+02 1.485136737919867471e+02 1.519695024041041904e+02
1.256066807188307877e+02 1.464746964711171415e+02 1.279257036707164303e+02 1.606950783043845377e+02 1.525906317373645891e+02 1.493917380377348820e+02 1.224570735352750006e+02 1.561960565501747453e+02 1.735831408635588673e+02 1.640710394341288065e+02 1.958494557846823625e+02 1.707585217588608941e+02 1.303896803602125090e+02 1.088038271073129692e+02 1.224428425227856820e+02 1.122967554412972504e+02 7.959016466210373153e+01 1.155116955683049866e+02 1.442661815313776117e+02 1.348675374796869733e+02 9.595438649547922694e+01 7.840185560992189551e+01 6.606452935974424179e+01 9.583792942939126647e+01 1.018861724787032017e+02 1.353323687060880616e+02 1.355197907303328009e+02 1.200879423499343801e+02 1.092472063253611338e+02 8.993575951634012711e+01 5.675118139246184512e+01 7.179578933511199068e+01 9.981752932335371042e+01 1.096652911611056851e+02 1.011983429879410323e+02 1.232205817075941496e+02 1.171019008892784115e+02
1.352995462273537726e+02 1.671015436224745372e+02 1.492236351243155639e+02 1.799829608003453814e+02 1.856036125338461602e+02 1.595229570712217253e+02 1.556477892779567753e+02 1.288508077512320256e+02 1.402449142001341329e+02 1.762899488959849634e+02 1.875510827663731561e+02 1.699509020214265149e+02 1.453126191105652083e+02 1.214500537749528348e+02 8.844159260712066839e+01 8.337309693847753067e+01 7.847947837433559926e+01 1.108873477766447451e+02 1.308049272303009616e+02 1.420602991001879047e+02 1.265188406588264911e+02 1.011670371745696571e+02 6.702298348579968490e+01 9.252739613222586001e+01 1.271336922251504689e+02 1.491372104838114581e+02 1.436886508443246839e+02 1.252480840350076932e+02 1.098288403016617707e+02 9.005297013220751978e+01 5.599232755097587955e+01 6.189567043489712717e+01 6.796419829574165306e+01 7.431666527042284542e+01 8.106458643850733381e+01 8.881166510916744983e+01 9.849431806688595259e+01
1.470559945425520993e+02 1.830390386296536747e+02 1.884584804016253372e+02 2.006227828884001667e+02 2.049040375771905929e+02 1.883959892972378611e+02 1.667234059960349555e+02 1.339197630236640748e+02 1.691067366422770419e+02 1.857203079347233086e+02 1.689623604509760639e+02 1.393778735205371504e+02 1.211388646243651834e+02 9.679495378760987023e+01 1.223281349825175681e+02 1.186595112487897268e+02 1.075917261652185886e+02 7.692211719574162032e+01 1.108855775635596217e+02 1.277756373940659245e+02 1.275213312620637822e+02 9.363034279043861829e+01 6.797989596924104205e+01 1.022415622285336951e+02 1.290169646944898716e+02 1.470569686715798809e+02 1.335365730508433444e+02 9.348555502671187867e+01 7.563546224668807838e+01 6.485357052193644734e+01 5.522596345027784537e+01 8.406519276748062452e+01 9.903057101503149795e+01 1.095871689642983284e+02 1.175521884237165580e+02 1.261640096444688908e+02 1.351564268666633097e+02
1.684199341736651547e+02 2.000264187226045749e+02 2.125444488865416020e+02 2.026897683420118597e+02 1.937012864604338915e+02 1.768254735570081948e+02 1.417223417368793434e+02 1.700681282784505299e+02 1.840289558285297176e+02 1.775509501533961725e+02 1.519620554817166749e+02 1.141681176901086303e+02 1.060123759411950033e+02 1.324525865216856459e+02 1.446989419714478800e+02 1.289525559369251368e+02 9.473968622980333976e+01 1.068991156581877249e+02 7.535537074975442806e+01 1.086119023356348237e+02 1.215899791019084546e+02 1.043120615081300855e+02 6.893895704713143857e+01 8.116424368772236164e+01 9.869130979091741551e+01 1.377447103255514094e+02 1.446205187483230361e+02 1.253610648409175070e+02 1.090713557341730109e+02 9.688043486599180198e+01 8.414871775931906939e+01 5.414111598866249864e+01 8.031583755575081796e+01 1.145998901371959278e+02 1.276724511207729762e+02 1.425110503946864640e+02 1.476780283558113354e+02
2.058794863972348708e+02 2.171909186054106158e+02 2.036994819862457291e+02 1.680507686338760038e+02 1.584154398090005600e+02 1.500106524433162747e+02 1.757196637535022603e+02 1.927889990718302613e+02 1.874396390506032333e+02 1.500733083597556856e+02 1.291314937735001820e+02 1.457138291051581689e+02 1.182317866495330634e+02 1.524146256044392942e+02 1.541291944029368324e+02 1.189705309008136283e+02 1.285838215718779622e+02 1.245265944410150070e+02 1.073655767401079686e+02 7.379517570849031927e+01 1.046959030762830167e+02 1.013989695086901861e+02 6.989625243347137484e+01 1.031267180333942974e+02 1.275122318557025096e+02 1.494057824644278298e+02 1.543385168322115817e+02 1.206317403978830782e+02 9.461193093513739427e+01 7.735249725930616194e+01 6.497438517648589595e+01 5.339079893622878359e+01 8.821241418243918986e+01 1.026516194542957834e+02 9.398288479687788310e+01 1.304216151264991481e+02 1.323466553569087125e+02
2.148569149107480882e+02 2.219799977164071265e+02 1.871676850792873381e+02 2.027151685264323362e+02 1.920629751883137999e+02 1.597510626673315244e+02 1.776309718325136942e+02 2.106556794942876820e+02 2.017394430725587426e+02 1.667758224278575483e+02 1.497673591118296486e+02 1.657026427700227771e+02 1.386596582449786865e+02 1.659746642114730832e+02 1.672086736911474532e+02 1.505400382958862338e+02 1.348264499734387414e+02 1.196931055708676865e+02 1.127885334692868184e+02 1.014813092626757935e+02 7.225852091454501647e+01 7.127722364793493171e+01 9.900666203411631727e+01 8.955513001437968512e+01 1.105319357623307042e+02 1.487149737984145474e+02 1.613130805953975653e+02 1.418376916994888575e+02 1.258033905189190733e+02 1.110471467710257230e+02 8.910375440491463905e+01 5.261646805827901119e+01 8.163800874550169340e+01 6.936396860356016703e+01 1.029658345039175344e+02 1.268673909193499583e+02 1.188463803027373302e+02
2.155017254591730307e+02 2.336935548370773574e+02 2.130373021516887775e+02 2.295473269161190899e+02 2.048998520080267269e+02 1.700568980644921737e+02 2.056191769812444647e+02 2.247171295843237715e+02 2.170200301621285348e+02 2.014852600420522606e+02 1.874981862891046092e+02 1.862023428842096564e+02 1.720586670976501296e+02 1.642819400282402853e+02 1.588641392802489634e+02 1.256311897972123290e+02 1.173324835139948306e+02 8.280725754290422458e+01 7.930526218923229465e+01 7.589435039805417205e+01 1.021642998134294373e+02 7.726139611855113287e+01 9.427419054818211919e+01 1.231074055007023560e+02 1.422820086867579050e+02 1.584359445831032644e+02 1.452133821141346175e+02 1.168021016465429369e+02 1.175429421504166498e+02 1.100252510222852749e+02 1.028010057871275080e+02 8.464209536183646776e+01 5.153321231981015416e+01 7.986972176018342395e+01 7.922026394385594017e+01 1.133478709305782672e+02 1.075333504957594783e+02
2.205825301031539993e+02 2.376306418508656577e+02 2.437282189957102503e+02 2.321604030683735687e+02 1.948156039529192185e+02 1.958187956880196054e+02 2.196923984557399763e+02 2.215683507892821638e+02 2.091468084143655517e+02 2.098463013789905176e+02 1.935914031121194796e+02 1.772821556199944553e+02 1.554878403521368284e+02 1.288265751543977728e+02 1.335187872047313249e+02 1.212997655231226446e+02 8.796493935035697120e+01 1.106475496799957909e+02 8.136442687032580068e+01 1.093716863904149790e+02 1.168250482520205793e+02 8.392178103993957450e+01 1.159712629877683412e+02 1.224872516332222148e+02 1.567732462989920919e+02 1.568378844722990948e+02 1.293911982494271058e+02 9.130027583495719057e+01 8.266247838501512035e+01 7.493473143265103431e+01 9.592742897652119893e+01 8.560838142710622378e+01 5.342871652650332237e+01 5.045413779636604090e+01 8.211797087551114771e+01 1.005966090148586858e+02 9.760288414247575872e+01
1.873543917017230171e+02 2.219513486067275494e+02 2.318551024086712573e+02 2.409134882363214558e+02 2.312023018498939280e+02 2.289967911135801444e+02 2.220553692738418476e+02 2.024243544251736751e+02 1.710968709439312079e+02 1.859425120286619801e+02 1.639814507377627422e+02 1.446394794559193144e+02 1.266862237230005093e+02 1.019776897535540883e+02 9.751439839167886703e+01 9.320344742833944451e+01 1.206552793871357778e+02 1.198016125220895560e+02 8.530503745775837388e+01 1.201380862546735386e+02 1.252207540192598145e+02 9.111031995565841157e+01 1.112443593707589287e+02 1.473713365821881212e+02 1.675987106034342276e+02 1.456612398030152065e+02 1.080394166194229797e+02 1.240747780223561421e+02 1.161550799951682080e+02 9.828081645677850986e+01 6.447629801241595260e+01 5.773623735321705652e+01 8.519243378095418961e+01 7.927417592317783601e+01 4.939591348640936985e+01 8.209284246878122815e+01 8.771740899716701279e+01
1.703575003821224527e+02 2.052108444548651107e+02 1.955435374639040447e+02 2.201881388711549903e+02 2.341628064913251421e+02 2.220400475497017396e+02 2.020565415642439291e+02 1.728314842903212423e+02 1.500851256191527909e+02 1.529940710154293697e+02 1.546386513926089492e+02 1.283940471027779324e+02 1.088444948384736932e+02 1.352458340810692050e+02 1.303663573915400491e+02 1.006359512125132056e+02 1.336890027542694952e+02 1.253606685970877379e+02 8.935640654759926349e+01 1.253903334947715820e+02 1.335209752607352982e+02 9.956673009127258922e+01 1.343104951085816765e+02 1.616544360642582774e+02 1.680363478171626355e+02 1.325130399352839845e+02 1.412935745810502794e+02 1.332912221239235464e+02 1.167275595764840688e+02 9.655594360365726914e+01 6.265164896881797318e+01 9.187123701642715901e+01 9.706881797761077735e+01 6.598364157560823173e+01 7.826061231945440966e+01 4.834241860193672835e+01 7.539646257507369853e+01
