output_new_topo_ddd_3/finaltopo_soil__depth.asc
ncols 300
nrows 100
xllcorner 0.0
yllcorner 0.0
cellsize 10.0
[rows 0 to 16 of 100, columns 148 to 184 of 300]
0.000000000000000000e+00 0.000000000000000000e+00 0.000000000000000000e+00 0.000000000000000000e+00 0.000000000000000000e+00 0.000000000000000000e+00 0.000000000000000000e+00 0.000000000000000000e+00 0.000000000000000000e+00 0.000000000000000000e+00 0.000000000000000000e+00 0.000000000000000000e+00 0.000000000000000000e+00 0.000000000000000000e+00 0.000000000000000000e+00 0.000000000000000000e+00 0.000000000000000000e+00 0.000000000000000000e+00 0.000000000000000000e+00 0.000000000000000000e+00 0.000000000000000000e+00 0.000000000000000000e+00 0.000000000000000000e+00 0.000000000000000000e+00 0.000000000000000000e+00 0.000000000000000000e+00 0.000000000000000000e+00 0.000000000000000000e+00 0.000000000000000000e+00 0.000000000000000000e+00 0.000000000000000000e+00 0.000000000000000000e+00 0.000000000000000000e+00 0.000000000000000000e+00 0.000000000000000000e+00 0.000000000000000000e+00 0.000000000000000000e+00
5.867989624347273031e-02 5.522224658393198871e-02 5.900806482283724869e-02 5.665660023979438020e-02 6.125574954610244621e-02 5.810983664544804722e-02 5.442493942416462560e-02 5.995677883560789762e-02 5.952667754607032791e-02 5.998016826761018438e-02 5.608950609145432753e-02 5.545976151113586605e-02 5.248248926440118867e-02 5.171723743611923718e-02 5.179295670642335842e-02 5.227433555946614518e-02 5.793943648135146257e-02 5.671954760131242557e-02 5.621714360199945443e-02 5.825376176673370543e-02 5.818889266686599199e-02 5.938365945794113476e-02 5.952035877098041383e-02 5.623604169707812489e-02 6.016764148543632396e-02 5.936877591425522571e-02 5.926361590944700247e-02 5.398459328682338187e-02 5.805291719286140295e-02 5.908302307986573049e-02 5.612377114494256081e-02 5.877480882718882915e-02 5.461461417917956584e-02 6.065952582104403717e-02 5.998481332470321364e-02 5.613456394820393047e-02 5.782615887264072607e-02
6.013423728413259950e-02 5.365949919176699057e-02 5.659340971924912284e-02 5.608662324493836338e-02 5.630738966374983223e-02 5.813043398838749209e-02 5.638021850963046561e-02 6.093115374073199142e-02 5.927602580404398025e-02 5.704475490940133509e-02 5.488661483603557434e-02 5.359181458740296805e-02 5.655289634477157767e-02 5.624247716865710123e-02 5.845534561218115877e-02 5.624891421095745692e-02 5.323313820911473870e-02 5.674335389344086628e-02 5.702949051412436327e-02 6.056000223226364748e-02 5.971128079816839102e-02 5.648902604246768683e-02 5.681943473363074842e-02 5.516198656669935030e-02 5.642038540382365852e-02 5.876621203943931809e-02 6.202189429513582652e-02 5.649855333016942649e-02 5.907033189575203180e-02 5.465957991794426207e-02 5.742860242846941493e-02 5.710885292717687856e-02 5.813327567337361196e-02 5.870451040022681144e-02 6.024916946380604044e-02 5.583755892044352243e-02 5.958943276461164257e-02
5.653812783135719888e-02 6.246686377342330898e-02 5.384468764252027528e-02 5.442338823445495161e-02 5.366611828745591201e-02 5.644388435032013374e-02 5.592704947143564698e-02 5.676427728915098975e-02 5.329975746452295104e-02 5.485574504838439808e-02 5.306791284298633532e-02 5.173606727583090342e-02 5.590026026537411874e-02 5.716596005715512269e-02 5.803824307293042190e-02 5.272005581743297031e-02 5.966948440338115667e-02 5.352553344128460622e-02 4.976992412907933067e-02 6.066464311892316719e-02 5.828235746560809366e-02 5.415476417674291998e-02 5.364754836216974188e-02 5.428997440675657066e-02 5.701987000662067651e-02 5.780882457599581525e-02 5.671699469590392451e-02 4.996217186430686880e-02 5.633992618481418330e-02 5.568572743640283484e-02 5.394088294095143038e-02 5.249059488977814159e-02 5.623116025453085698e-02 5.556820109976600558e-02 5.561652176271737746e-02 5.791132823638590887e-02 5.665663945642688409e-02
5.968869282121439662e-02 5.996826499763825702e-02 5.632043319812890525e-02 5.316506757978254477e-02 5.277233083325494345e-02 5.668034046869192821e-02 5.961492688482440683e-02 6.103535873659480387e-02 5.922929197155044762e-02 5.478650075851838885e-02 5.254312604671891596e-02 5.450321570779753655e-02 5.492123653450853293e-02 5.815420331421630729e-02 6.340111698897923920e-02 6.126726517528000016e-02 4.769825108803939229e-02 5.228654630895573224e-02 6.482229636474581835e-02 6.134543359361478709e-02 5.629358107482845819e-02 5.345918899705390248e-02 5.502612163473126483e-02 5.231388373406889447e-02 5.450001364466388470e-02 5.566503100718042663e-02 6.207156602446022714e-02 6.212663962522418926e-02 5.612897288860735356e-02 5.693623189448946548e-02 5.448641033782223447e-02 5.364323609445823676e-02 5.284801407527557615e-02 5.897099662485536659e-02 5.574829740720045612e-02 5.981727065642825081e-02 5.742701039177351696e-02
5.705965927678596783e-02 5.452792907726633498e-02 5.526651403613919156e-02 5.622847677479451273e-02 5.355344381742154630e-02 5.819647880079709124e-02 5.791144406978131903e-02 5.779072708666626451e-02 5.325222555983902262e-02 5.349694508507207846e-02 5.771211368641829959e-02 5.851024827329459610e-02 6.074671557897168978e-02 6.021004912999031872e-02 5.987412365274004389e-02 5.470128643836298654e-02 6.363461849036843032e-02 5.557051967080336996e-02 6.458510891680928345e-02 5.960303452333466645e-02 5.439205246358964907e-02 5.374342907308421458e-02 5.426718844719439355e-02 5.699996909974025527e-02 5.600537923007156693e-02 5.572620101747038923e-02 5.931623978514391493e-02 6.377033617692599854e-02 5.255211874497617286e-02 5.290012334769193109e-02 5.638355755244277984e-02 5.256678453807426404e-02 5.344081278842083282e-02 5.627313145067412009e-02 5.675541389701369704e-02 5.876532982397425497e-02 5.365083773702346293e-02
5.414772098611894680e-02 5.378645970710191349e-02 5.186391691897729306e-02 5.400308936901346973e-02 5.704640939005687500e-02 5.608009670989570067e-02 5.990325927325203248e-02 5.522797326930702078e-02 5.382613981032215167e-02 5.696334635248110484e-02 6.038794868357719864e-02 5.702864766296085464e-02 5.490925845964964025e-02 5.495376343981575595e-02 5.654377774695473757e-02 5.921114185669046348e-02 5.700408891985091903e-02 5.588598201583329372e-02 6.019089145145314901e-02 5.898930518867182698e-02 5.379424657943576021e-02 4.665894829195890714e-02 5.389710531186962111e-02 5.367958646228936787e-02 5.405190064894373203e-02 5.468335312841261786e-02 5.844256038731111824e-02 6.025258182606241242e-02 5.057367098921601578e-02 5.886588978013607143e-02 5.613499548296736752e-02 5.541443059018479750e-02 5.455003788297101835e-02 5.324840282362006127e-02 5.287051729544903211e-02 5.369558801231638645e-02 5.629975950268187312e-02
5.585562076625824601e-02 5.279229002865265530e-02 5.338594779567912285e-02 5.894061392701001323e-02 5.618072505351360407e-02 6.070515358590303223e-02 5.780407342672445881e-02 5.298046296942513639e-02 5.278830102328333634e-02 5.984291836885174964e-02 5.687178810550716501e-02 5.448925409767055306e-02 5.776834928631814636e-02 5.800148605924534961e-02 5.705991728485174802e-02 5.689579445280600750e-02 5.424154608968069502e-02 5.913696335476497506e-02 5.786357909910010838e-02 5.809890326734565985e-02 5.308655989473914927e-02 5.349892879251683109e-02 5.808073049668881910e-02 5.816849507521026225e-02 5.862991374838059239e-02 5.669111791712515974e-02 5.679425006810909921e-02 5.868918646763914698e-02 5.603157220316513920e-02 5.610202971276728040e-02 5.813723212309436505e-02 6.007016842726381478e-02 5.933504498229093260e-02 5.849887790681138761e-02 5.339683477894642538e-02 5.236914623678384090e-02 5.619862795722485593e-02
5.316075539179551668e-02 5.377692012798310217e-02 5.875108788326915965e-02 6.032908087941016295e-02 5.346189598336159587e-02 5.703759951636840075e-02 5.766837439832230017e-02 5.242090961043355257e-02 5.814167136901025185e-02 5.535227666499321908e-02 5.520106450923330244e-02 5.773959151722075911e-02 5.360154753591383353e-02 5.479866869130495255e-02 5.855945293828368481e-02 5.405608119116848270e-02 5.955276432299744238e-02 5.181479292807288778e-02 6.264931468842177553e-02 5.827367349374132366e-02 5.294594529848396791e-02 5.522840540995804792e-02 5.802841079730634150e-02 5.213866703844547562e-02 5.711742262632336919e-02 5.633391191797937347e-02 5.184840639840414961e-02 6.043774899423174501e-02 6.200390089923672049e-02 5.541116911952367885e-02 5.857983031924133416e-02 5.330123552477582932e-02 5.757503892023551478e-02 6.120905878442382125e-02 5.844482236124487473e-02 5.352099708680322504e-02 5.337110706974158847e-02
5.320015084792170668e-02 6.081071539636136170e-02 5.724660895248245146e-02 5.452098739003540667e-02 5.703743983777311011e-02 5.718412958378352173e-02 5.395400688853421722e-02 5.258741542632432847e-02 5.402934060638291819e-02 5.737826293371028202e-02 5.766955991755390309e-02 5.790419396062321256e-02 5.325521688579853280e-02 5.340509712281631821e-02 5.395900407437675267e-02 5.722384001210472498e-02 5.770321205756071686e-02 5.775975597696371422e-02 5.764043138725202797e-02 5.622467771610185905e-02 5.298778689812352893e-02 5.800752583337424190e-02 5.353075461886755426e-02 5.660872616475057240e-02 5.634988921443965376e-02 5.650242076032951921e-02 5.747592818407250281e-02 6.005130729403717477e-02 6.211929082236629374e-02 5.622219580859685872e-02 5.698175724529522257e-02 5.809960475478978537e-02 5.575369199004442250e-02 5.243306378348632640e-02 5.792035504053807959e-02 5.566063007075103958e-02 5.296369000973114027e-02
5.855030800512597833e-02 5.805202331376188574e-02 5.544692462110133863e-02 6.063505604258434545e-02 5.557205639467854841e-02 5.768355134031206977e-02 5.537936758705837292e-02 5.196951029099902697e-02 5.563043343094125487e-02 5.666599100886633711e-02 5.244067685872022544e-02 5.737072167583051607e-02 5.261621382259887986e-02 5.293688333676807578e-02 5.520198077855173469e-02 5.932034010347703168e-02 5.565785799982853055e-02 6.145006977443641383e-02 5.897618641558854263e-02 5.592843599441123248e-02 5.279885457823884493e-02 5.669680617323276384e-02 5.509670478259851706e-02 5.461760283436527946e-02 5.405742546291578132e-02 5.537897309812195301e-02 5.910135250013173747e-02 5.735560002880062819e-02 6.329095994349841214e-02 5.652899685787630274e-02 5.420634154173346181e-02 5.543962525136317265e-02 5.543656189100831799e-02 5.813827267187903630e-02 5.716901003962341493e-02 5.863382519685009925e-02 5.299425456756226560e-02
5.994061355064166791e-02 5.346888973709681969e-02 5.763014496109346990e-02 5.631088988943847018e-02 5.560078084020683709e-02 5.925831340777709677e-02 5.401613680535657935e-02 5.305845010039678122e-02 5.457878492218679045e-02 5.649350778770445558e-02 5.909541233051324172e-02 5.536277538376423168e-02 5.262703490737945938e-02 5.580089546248055005e-02 5.328658868044009594e-02 5.495134400232146166e-02 5.295243549168483777e-02 6.024468355940320458e-02 5.535360316373558187e-02 5.428764731851637437e-02 5.296507966787590560e-02 5.330897888369771215e-02 5.339878746760256395e-02 5.129597237643315766e-02 6.121315704548235814e-02 5.714710142569734419e-02 5.502711463897774768e-02 5.754159939993996192e-02 5.966807212711353753e-02 5.591676590970038468e-02 5.532946504174074409e-02 5.286718197868767177e-02 5.639017879094110341e-02 5.820224717352770472e-02 5.639889845953306724e-02 5.143689757940952956e-02 5.318212005729379410e-02
5.767831930411979058e-02 5.945065741952590410e-02 5.467503784120152782e-02 5.376466144663541447e-02 5.476035159112444678e-02 5.715300931630828279e-02 5.338909696486240919e-02 4.982833092120615703e-02 5.087985344225081502e-02 5.282729108070553098e-02 5.268488943982579248e-02 5.269287503338143663e-02 5.308141547631498036e-02 5.344643349026273471e-02 5.405187428265052774e-02 5.529445701902157423e-02 5.729542739341632329e-02 6.498209378051687801e-02 5.894212625980060211e-02 5.482487272510580545e-02 5.313202120778875992e-02 5.113620224819879351e-02 5.356339955297160366e-02 5.219723838442456160e-02 5.474237983240946154e-02 5.424623142450756691e-02 5.606672549185889864e-02 5.874108370107489208e-02 6.303420041313474720e-02 5.180136655199109319e-02 5.799140942895517070e-02 5.635219578379507821e-02 5.292446392276894951e-02 5.267567383128290287e-02 5.269009670476069301e-02 5.508236042010820205e-02 5.361964754217512369e-02
5.893165228729943528e-02 5.668488334357807412e-02 5.517131481445523150e-02 5.354229340942097404e-02 5.162809759602161874e-02 5.342482014411820135e-02 5.165448169972800679e-02 5.267846338009560259e-02 5.242462317921035148e-02 5.498463136876616253e-02 5.774298738161212641e-02 6.017761886287962408e-02 5.656246730280265617e-02 5.470842058823946474e-02 5.691006692236576930e-02 5.308861807133805066e-02 5.438405193809421612e-02 6.156571234899306522e-02 5.800313630818464822e-02 5.761341713968957251e-02 5.710716483140662603e-02 5.385418327557883744e-02 4.778594865503384137e-02 5.470671857092815338e-02 5.813162904308632334e-02 5.902077783152910595e-02 5.861059245170918003e-02 5.961051905218586744e-02 5.816037350625306163e-02 5.709178993186862089e-02 5.576290742076494417e-02 5.863739238239449453e-02 5.889765823886522478e-02 5.715386196843341010e-02 5.500690359122539785e-02 5.231318697777464360e-02 5.292240828281502552e-02
5.829715303821112610e-02 5.385071833121769791e-02 5.293308445127110906e-02 5.196097076357483746e-02 5.249429462206445240e-02 5.465833323673172095e-02 5.744863114400664689e-02 5.764320905814750845e-02 5.258061399398033381e-02 5.485804355910436914e-02 5.528689372448955530e-02 5.678444722093879682e-02 5.508069164175166677e-02 6.041170430469566116e-02 5.778287520642593628e-02 6.004174352092379874e-02 5.361319344593255126e-02 5.601276003866646758e-02 6.023934179534318201e-02 5.560197966508637069e-02 5.638673526281526988e-02 5.515040148316094348e-02 5.338247783086991216e-02 5.631627541100750478e-02 5.731715689580603457e-02 5.234247729192761933e-02 5.789026528588029491e-02 5.879130885847410476e-02 5.659826131690781637e-02 6.179800896272561600e-02 5.807963382668004937e-02 5.773312895612791457e-02 5.863796208211780048e-02 5.331450608506312083e-02 5.873430883899610766e-02 5.235383701553544822e-02 5.168979770446309463e-02
5.522193456481527124e-02 5.353362050413845719e-02 5.570770596282649534e-02 5.697182154535132548e-02 5.474267828446284512e-02 5.784711822904227418e-02 5.873928310344386783e-02 5.796844221564304706e-02 5.786215534150003503e-02 5.248434145842228310e-02 5.271619512923417933e-02 5.903682893200439680e-02 5.642514553236543939e-02 5.309992688927697713e-02 6.211066196797432326e-02 5.746756198493605666e-02 5.869394224461915027e-02 5.829415567964424394e-02 6.149876455970848532e-02 5.617421633359070965e-02 5.530577516101381486e-02 5.693273095614739820e-02 5.296878687333662905e-02 5.536019505420047837e-02 5.660214994816054057e-02 5.611951071876360164e-02 5.707431139705097106e-02 6.045529713611273032e-02 5.675973702503417373e-02 5.705217400868688865e-02 5.706741909757628850e-02 5.970846706723769576e-02 5.834987252175723171e-02 5.632597365432318037e-02 5.536285094286556158e-02 5.229665916834946165e-02 5.416025993785929249e-02
5.231544495382024762e-02 5.486570346704865847e-02 5.819824869306511328e-02 5.134791056890006256e-02 5.897047019839658788e-02 5.924316435910333134e-02 5.998248340579809268e-02 5.557996200819961818e-02 5.709691781558370871e-02 6.045709146634142828e-02 5.523402044468203598e-02 5.315636283184083100e-02 5.612520864664195808e-02 5.829214602783468202e-02 5.346589152599715705e-02 5.802983846006505575e-02 5.970173681380344655e-02 5.874785139511778942e-02 5.135674340698551110e-02 5.897391212845758818e-02 5.551024627684730123e-02 5.151799142894101374e-02 5.288892512494456494e-02 5.375415183258386298e-02 5.389694571578416277e-02 5.507585274406115450e-02 6.001119600231728107e-02 5.697528220952703670e-02 5.860524540161037715e-02 5.419419514469488164e-02 5.741340337936898242e-02 6.169467323385882662e-02 5.591041502208331931e-02 5.318941559151026122e-02 5.313220354850672206e-02 5.582595888007216983e-02 5.706297745948694239e-02
