output_new_topo_ddd_3/finaltopo_flow__link_to_receiver_node.asc
ncols 300
nrows 100
xllcorner 0.0
yllcorner 0.0
cellsize 10.0
[rows 17 to 33 of 100, columns 0 to 36 of 300]
-1.000000000000000000e+00 4.911900000000000000e+04 4.941900000000000000e+04 4.912000000000000000e+04 1.086440000000000000e+05 4.942200000000000000e+04 1.086470000000000000e+05 1.080530000000000000e+05 1.080550000000000000e+05 1.080570000000000000e+05 4.912800000000000000e+04 4.942800000000000000e+04 4.912900000000000000e+04 4.913100000000000000e+04 1.080670000000000000e+05 4.883300000000000000e+04 4.883400000000000000e+04 1.080700000000000000e+05 4.913500000000000000e+04 4.943600000000000000e+04 1.086750000000000000e+05 4.913800000000000000e+04 1.086790000000000000e+05 1.080850000000000000e+05 4.884200000000000000e+04 4.884300000000000000e+04 1.080880000000000000e+05 1.086900000000000000e+05 1.086920000000000000e+05 4.944600000000000000e+04 1.086960000000000000e+05 4.944800000000000000e+04 1.087000000000000000e+05 4.915100000000000000e+04 4.885200000000000000e+04 4.885300000000000000e+04 4.885400000000000000e+04
-1.000000000000000000e+00 4.852000000000000000e+04 4.882000000000000000e+04 4.852100000000000000e+04 1.074490000000000000e+05 1.074510000000000000e+05 4.822500000000000000e+04 4.822600000000000000e+04 1.074570000000000000e+05 4.852800000000000000e+04 1.080580000000000000e+05 4.882900000000000000e+04 1.080610000000000000e+05 1.080640000000000000e+05 4.853300000000000000e+04 4.853400000000000000e+04 4.823500000000000000e+04 4.853500000000000000e+04 1.080730000000000000e+05 1.080750000000000000e+05 4.883800000000000000e+04 1.080790000000000000e+05 1.074850000000000000e+05 1.074870000000000000e+05 4.824300000000000000e+04 1.074880000000000000e+05 4.854400000000000000e+04 1.074950000000000000e+05 4.824700000000000000e+04 1.080960000000000000e+05 4.884800000000000000e+04 4.884900000000000000e+04 4.855100000000000000e+04 4.855200000000000000e+04 4.825300000000000000e+04 1.075080000000000000e+05 4.855400000000000000e+04
-1.000000000000000000e+00 4.792100000000000000e+04 4.822100000000000000e+04 4.792200000000000000e+04 4.792400000000000000e+04 4.792500000000000000e+04 4.792600000000000000e+04 1.068570000000000000e+05 4.792800000000000000e+04 1.074580000000000000e+05 4.822900000000000000e+04 1.074610000000000000e+05 1.068670000000000000e+05 4.763300000000000000e+04 1.074680000000000000e+05 4.793500000000000000e+04 4.763600000000000000e+04 4.793600000000000000e+04 4.763800000000000000e+04 1.068780000000000000e+05 4.764000000000000000e+04 4.764100000000000000e+04 4.794200000000000000e+04 4.794300000000000000e+04 4.764400000000000000e+04 4.794400000000000000e+04 4.764600000000000000e+04 1.068940000000000000e+05 1.068990000000000000e+05 4.764900000000000000e+04 1.069000000000000000e+05 1.069050000000000000e+05 1.069070000000000000e+05 4.795300000000000000e+04 4.765400000000000000e+04 4.795400000000000000e+04 4.825500000000000000e+04
-1.000000000000000000e+00 1.068440000000000000e+05 4.762200000000000000e+04 1.068470000000000000e+05 1.068500000000000000e+05 1.068520000000000000e+05 4.732700000000000000e+04 4.732800000000000000e+04 1.068580000000000000e+05 4.762900000000000000e+04 1.068610000000000000e+05 1.068630000000000000e+05 4.733300000000000000e+04 1.062710000000000000e+05 4.703500000000000000e+04 4.733600000000000000e+04 1.062770000000000000e+05 4.703800000000000000e+04 4.703900000000000000e+04 1.062800000000000000e+05 4.704100000000000000e+04 1.062840000000000000e+05 4.734200000000000000e+04 4.734400000000000000e+04 1.062930000000000000e+05 4.704600000000000000e+04 1.062940000000000000e+05 4.734700000000000000e+04 4.734900000000000000e+04 1.063030000000000000e+05 4.705100000000000000e+04 1.063070000000000000e+05 1.063090000000000000e+05 4.705400000000000000e+04 1.063100000000000000e+05 4.735500000000000000e+04 4.765600000000000000e+04
-1.000000000000000000e+00 1.062460000000000000e+05 4.702300000000000000e+04 1.062490000000000000e+05 4.672600000000000000e+04 4.672700000000000000e+04 1.056590000000000000e+05 4.672900000000000000e+04 4.702900000000000000e+04 4.673000000000000000e+04 1.062630000000000000e+05 4.673300000000000000e+04 4.673400000000000000e+04 4.673500000000000000e+04 4.673600000000000000e+04 1.062740000000000000e+05 4.673800000000000000e+04 4.673900000000000000e+04 1.056830000000000000e+05 4.644100000000000000e+04 1.056840000000000000e+05 4.674200000000000000e+04 1.056880000000000000e+05 1.062900000000000000e+05 4.674600000000000000e+04 1.056970000000000000e+05 4.644800000000000000e+04 1.056980000000000000e+05 4.645000000000000000e+04 4.675100000000000000e+04 4.645200000000000000e+04 4.675300000000000000e+04 4.675400000000000000e+04 4.645500000000000000e+04 4.675500000000000000e+04 1.063130000000000000e+05 4.645800000000000000e+04
-1.000000000000000000e+00 1.050510000000000000e+05 1.050530000000000000e+05 4.582600000000000000e+04 1.050570000000000000e+05 1.050590000000000000e+05 4.612900000000000000e+04 1.056600000000000000e+05 4.643000000000000000e+04 1.056630000000000000e+05 4.613200000000000000e+04 4.613400000000000000e+04 4.613500000000000000e+04 1.056720000000000000e+05 4.643600000000000000e+04 4.643700000000000000e+04 1.056780000000000000e+05 4.643900000000000000e+04 4.614100000000000000e+04 1.050870000000000000e+05 4.584300000000000000e+04 1.050880000000000000e+05 4.584500000000000000e+04 1.050920000000000000e+05 1.056940000000000000e+05 4.614800000000000000e+04 1.051010000000000000e+05 4.585000000000000000e+04 1.051050000000000000e+05 4.585200000000000000e+04 1.051060000000000000e+05 4.615300000000000000e+04 4.615500000000000000e+04 1.051150000000000000e+05 4.585700000000000000e+04 4.585800000000000000e+04 4.585900000000000000e+04
-1.000000000000000000e+00 1.044530000000000000e+05 1.044550000000000000e+05 1.044570000000000000e+05 4.522800000000000000e+04 4.552900000000000000e+04 1.050600000000000000e+05 4.583000000000000000e+04 1.050630000000000000e+05 4.583200000000000000e+04 1.050670000000000000e+05 1.050700000000000000e+05 1.050720000000000000e+05 4.583600000000000000e+04 1.050750000000000000e+05 1.050780000000000000e+05 4.583900000000000000e+04 4.584000000000000000e+04 1.050840000000000000e+05 4.554300000000000000e+04 4.524400000000000000e+04 4.554400000000000000e+04 4.524600000000000000e+04 1.044940000000000000e+05 4.554800000000000000e+04 1.050980000000000000e+05 4.555000000000000000e+04 1.045050000000000000e+05 4.525200000000000000e+04 4.525300000000000000e+04 4.555300000000000000e+04 1.051090000000000000e+05 1.045150000000000000e+05 4.525700000000000000e+04 1.045160000000000000e+05 4.555800000000000000e+04 4.555900000000000000e+04
-1.000000000000000000e+00 4.492600000000000000e+04 4.492700000000000000e+04 4.492800000000000000e+04 4.492900000000000000e+04 1.044600000000000000e+05 4.523000000000000000e+04 1.044630000000000000e+05 4.523200000000000000e+04 1.038710000000000000e+05 4.463500000000000000e+04 1.044720000000000000e+05 1.044740000000000000e+05 4.523700000000000000e+04 1.044780000000000000e+05 4.523900000000000000e+04 4.524000000000000000e+04 1.044840000000000000e+05 4.494300000000000000e+04 4.494400000000000000e+04 1.038930000000000000e+05 4.464600000000000000e+04 4.464700000000000000e+04 1.038960000000000000e+05 1.039010000000000000e+05 4.465000000000000000e+04 1.039050000000000000e+05 4.495200000000000000e+04 4.495300000000000000e+04 1.039110000000000000e+05 4.465500000000000000e+04 1.039120000000000000e+05 4.495700000000000000e+04 4.465800000000000000e+04 4.495800000000000000e+04 4.525900000000000000e+04 4.526000000000000000e+04
-1.000000000000000000e+00 4.432700000000000000e+04 1.038560000000000000e+05 4.462800000000000000e+04 4.462900000000000000e+04 4.463000000000000000e+04 1.038630000000000000e+05 4.463200000000000000e+04 1.032710000000000000e+05 1.032730000000000000e+05 4.403600000000000000e+04 4.403700000000000000e+04 1.032760000000000000e+05 1.032810000000000000e+05 4.404000000000000000e+04 4.404100000000000000e+04 4.404200000000000000e+04 4.434300000000000000e+04 4.434400000000000000e+04 1.038900000000000000e+05 4.434600000000000000e+04 4.434700000000000000e+04 1.032990000000000000e+05 4.404900000000000000e+04 4.405000000000000000e+04 4.405100000000000000e+04 4.435200000000000000e+04 1.039060000000000000e+05 4.465300000000000000e+04 4.435500000000000000e+04 1.033150000000000000e+05 4.405700000000000000e+04 4.405800000000000000e+04 1.033180000000000000e+05 4.435900000000000000e+04 4.436000000000000000e+04 4.466100000000000000e+04
-1.000000000000000000e+00 1.032560000000000000e+05 4.402800000000000000e+04 1.032600000000000000e+05 1.032620000000000000e+05 4.403100000000000000e+04 1.032650000000000000e+05 4.373400000000000000e+04 4.373500000000000000e+04 4.373600000000000000e+04 1.026770000000000000e+05 4.343800000000000000e+04 1.026780000000000000e+05 4.374000000000000000e+04 1.026850000000000000e+05 4.344200000000000000e+04 4.344300000000000000e+04 4.344400000000000000e+04 1.026900000000000000e+05 4.404500000000000000e+04 1.032940000000000000e+05 4.404700000000000000e+04 4.374900000000000000e+04 4.375000000000000000e+04 4.375100000000000000e+04 4.375200000000000000e+04 1.033060000000000000e+05 4.405300000000000000e+04 1.033090000000000000e+05 1.033120000000000000e+05 4.375700000000000000e+04 1.027190000000000000e+05 4.345900000000000000e+04 4.375900000000000000e+04 1.033210000000000000e+05 1.027240000000000000e+05 1.027260000000000000e+05
-1.000000000000000000e+00 1.020610000000000000e+05 4.283000000000000000e+04 1.020650000000000000e+05 4.283200000000000000e+04 1.020690000000000000e+05 4.283400000000000000e+04 1.020730000000000000e+05 4.283600000000000000e+04 1.026740000000000000e+05 4.313800000000000000e+04 1.020810000000000000e+05 4.284000000000000000e+04 4.284100000000000000e+04 4.314200000000000000e+04 4.314300000000000000e+04 4.314400000000000000e+04 1.020930000000000000e+05 4.284600000000000000e+04 1.020940000000000000e+05 1.026960000000000000e+05 4.344800000000000000e+04 1.027000000000000000e+05 4.315100000000000000e+04 1.027040000000000000e+05 4.345200000000000000e+04 4.345300000000000000e+04 1.027090000000000000e+05 4.315500000000000000e+04 4.315700000000000000e+04 1.027160000000000000e+05 4.315900000000000000e+04 4.286000000000000000e+04 4.316000000000000000e+04 4.316100000000000000e+04 4.316200000000000000e+04 4.316300000000000000e+04
-1.000000000000000000e+00 1.014630000000000000e+05 4.223100000000000000e+04 4.253200000000000000e+04 1.014690000000000000e+05 4.253400000000000000e+04 1.014730000000000000e+05 4.223600000000000000e+04 1.014770000000000000e+05 4.223800000000000000e+04 1.014810000000000000e+05 4.254000000000000000e+04 4.254100000000000000e+04 4.254200000000000000e+04 1.020860000000000000e+05 4.284300000000000000e+04 4.284400000000000000e+04 4.254600000000000000e+04 1.014970000000000000e+05 4.224800000000000000e+04 1.014980000000000000e+05 4.255000000000000000e+04 4.255100000000000000e+04 1.021040000000000000e+05 4.285200000000000000e+04 1.021070000000000000e+05 1.021100000000000000e+05 4.285500000000000000e+04 1.021130000000000000e+05 1.021160000000000000e+05 4.255900000000000000e+04 4.256000000000000000e+04 1.015250000000000000e+05 4.226200000000000000e+04 1.015260000000000000e+05 1.021270000000000000e+05 1.021290000000000000e+05
-1.000000000000000000e+00 1.008650000000000000e+05 4.163200000000000000e+04 1.008660000000000000e+05 4.193400000000000000e+04 1.008730000000000000e+05 4.193600000000000000e+04 1.008770000000000000e+05 4.193800000000000000e+04 1.008810000000000000e+05 4.194000000000000000e+04 1.014820000000000000e+05 4.224100000000000000e+04 4.224200000000000000e+04 4.224300000000000000e+04 1.014890000000000000e+05 1.008950000000000000e+05 1.014940000000000000e+05 4.194800000000000000e+04 4.164900000000000000e+04 4.194900000000000000e+04 4.195100000000000000e+04 4.195200000000000000e+04 4.225200000000000000e+04 4.195300000000000000e+04 4.195400000000000000e+04 1.015110000000000000e+05 4.225600000000000000e+04 4.225700000000000000e+04 4.195900000000000000e+04 4.196000000000000000e+04 1.015220000000000000e+05 4.196200000000000000e+04 1.009290000000000000e+05 4.166400000000000000e+04 1.009300000000000000e+05 1.009320000000000000e+05
-1.000000000000000000e+00 4.133200000000000000e+04 1.002690000000000000e+05 4.103400000000000000e+04 4.103500000000000000e+04 4.133600000000000000e+04 1.008740000000000000e+05 4.133800000000000000e+04 1.008780000000000000e+05 4.134000000000000000e+04 1.008820000000000000e+05 4.164100000000000000e+04 1.008850000000000000e+05 4.164300000000000000e+04 1.008890000000000000e+05 4.134600000000000000e+04 4.134700000000000000e+04 4.134800000000000000e+04 4.134900000000000000e+04 1.003030000000000000e+05 4.105100000000000000e+04 1.003040000000000000e+05 4.135300000000000000e+04 4.165300000000000000e+04 4.135400000000000000e+04 1.009110000000000000e+05 4.105700000000000000e+04 1.003160000000000000e+05 4.165800000000000000e+04 1.009200000000000000e+05 1.009220000000000000e+05 4.136200000000000000e+04 1.009260000000000000e+05 4.136400000000000000e+04 1.003330000000000000e+05 4.106600000000000000e+04 1.003340000000000000e+05
-1.000000000000000000e+00 4.073300000000000000e+04 4.073400000000000000e+04 4.073500000000000000e+04 4.073600000000000000e+04 1.002740000000000000e+05 4.103700000000000000e+04 1.002780000000000000e+05 4.103900000000000000e+04 1.002820000000000000e+05 4.104100000000000000e+04 1.002850000000000000e+05 1.002880000000000000e+05 4.104400000000000000e+04 1.002910000000000000e+05 1.002940000000000000e+05 1.002960000000000000e+05 4.104800000000000000e+04 4.104900000000000000e+04 4.075100000000000000e+04 9.970700000000000000e+04 4.045300000000000000e+04 4.075400000000000000e+04 4.105400000000000000e+04 4.075500000000000000e+04 4.045700000000000000e+04 9.971600000000000000e+04 9.971800000000000000e+04 4.075900000000000000e+04 4.076100000000000000e+04 4.076200000000000000e+04 1.003260000000000000e+05 4.106300000000000000e+04 1.003300000000000000e+05 4.076600000000000000e+04 4.046700000000000000e+04 4.076700000000000000e+04
-1.000000000000000000e+00 9.966800000000000000e+04 9.967000000000000000e+04 4.043500000000000000e+04 4.013700000000000000e+04 4.043700000000000000e+04 4.013800000000000000e+04 4.043900000000000000e+04 4.014100000000000000e+04 4.044100000000000000e+04 4.044200000000000000e+04 9.968700000000000000e+04 9.909300000000000000e+04 3.984600000000000000e+04 3.984700000000000000e+04 3.984800000000000000e+04 9.909800000000000000e+04 9.910300000000000000e+04 3.985100000000000000e+04 4.015200000000000000e+04 4.015300000000000000e+04 4.015400000000000000e+04 9.971000000000000000e+04 4.045500000000000000e+04 9.971300000000000000e+04 4.015700000000000000e+04 4.015800000000000000e+04 4.015900000000000000e+04 9.912200000000000000e+04 4.016200000000000000e+04 9.972600000000000000e+04 4.046300000000000000e+04 9.972900000000000000e+04 4.016600000000000000e+04 4.016700000000000000e+04 9.913900000000000000e+04 3.986900000000000000e+04
-1.000000000000000000e+00 9.907000000000000000e+04 9.847500000000000000e+04 3.953700000000000000e+04 9.907600000000000000e+04 3.983800000000000000e+04 9.907900000000000000e+04 3.954100000000000000e+04 9.908400000000000000e+04 3.984200000000000000e+04 9.908700000000000000e+04 3.954500000000000000e+04 3.954600000000000000e+04 3.954700000000000000e+04 3.954800000000000000e+04 9.850100000000000000e+04 3.925000000000000000e+04 3.955100000000000000e+04 3.955200000000000000e+04 9.910600000000000000e+04 3.985300000000000000e+04 3.985400000000000000e+04 3.985500000000000000e+04 3.955700000000000000e+04 3.985700000000000000e+04 3.955800000000000000e+04 3.955900000000000000e+04 3.956000000000000000e+04 3.956100000000000000e+04 9.912600000000000000e+04 3.986300000000000000e+04 3.986400000000000000e+04 3.956600000000000000e+04 9.913400000000000000e+04 9.913600000000000000e+04 3.956900000000000000e+04 9.854300000000000000e+04
