output_new_topo_ddd_3/finaltopo_topographic__steepest_slope.asc
ncols 300
nrows 100
xllcorner 0.0
yllcorner 0.0
cellsize 10.0
[rows 0 to 16 of 100, columns 222 to 258 of 300]
0.000000000000000000e+00 0.000000000000000000e+00 0.000000000000000000e+00 0.000000000000000000e+00 0.000000000000000000e+00 0.000000000000000000e+00 0.000000000000000000e+00 0.000000000000000000e+00 0.000000000000000000e+00 0.000000000000000000e+00 0.000000000000000000e+00 0.000000000000000000e+00 0.000000000000000000e+00 0.000000000000000000e+00 0.000000000000000000e+00 0.000000000000000000e+00 0.000000000000000000e+00 0.000000000000000000e+00 0.000000000000000000e+00 0.000000000000000000e+00 0.000000000000000000e+00 0.000000000000000000e+00 0.000000000000000000e+00 0.000000000000000000e+00 0.000000000000000000e+00 0.000000000000000000e+00 0.000000000000000000e+00 0.000000000000000000e+00 0.000000000000000000e+00 0.000000000000000000e+00 0.000000000000000000e+00 0.000000000000000000e+00 0.000000000000000000e+00 0.000000000000000000e+00 0.000000000000000000e+00 0.000000000000000000e+00 0.000000000000000000e+00
3.527864380459141191e+00 3.590438171539366952e+00 3.348677407457087085e+00 3.564704228789407736e+00 3.627440491869006856e+00 3.684274824114678104e+00 3.390974633885548428e+00 2.553938339743519137e+00 3.441698304978408007e+00 3.480540745461598640e+00 3.730540912107673357e+00 3.695039487109249787e+00 3.851633557540940167e+00 3.317212916682868773e+00 3.644329257082023155e+00 3.430379203694149393e+00 3.823418227866096863e+00 3.577431399890996122e+00 3.326204299158237010e+00 3.684232827828959778e+00 3.759528588447642594e+00 3.657943368959942543e+00 3.625326380255088132e+00 3.624613359707459015e+00 1.988729201234437527e+00 1.465734373414932179e+00 1.107239480746272875e+00 1.066929494802124845e+00 3.192864378368847067e+00 3.730077160001158632e+00 3.569452490865431482e+00 3.387087421383250696e+00 3.469821146487275687e+00 3.731034691342594467e+00 3.689253973133034492e+00 3.840725897081083584e+00 3.353327842493810440e+00
2.553013720698052769e+00 2.053423663883806149e+00 3.468409501085593316e+00 3.665212997235332004e+00 1.992850261103407572e+00 1.033037934543748149e+00 1.149094903165098547e+00 2.663716641218260683e+00 3.551724194956400904e+00 3.675678251822716458e+00 2.054938808968017838e+00 1.785280473500828302e+00 3.878466442929169311e+00 3.237821388452846172e+00 1.733080427296795012e+00 3.424984392529341726e+00 1.708743194481718408e+00 2.531344026914177370e+00 3.440299552936856742e+00 3.784316015607305683e+00 2.081022737692253877e+00 1.780079416920077096e+00 3.936791843098947474e+00 3.215545067336233132e+00 3.424368983964499069e+00 3.321274112906621223e+00 3.202594708439534088e+00 3.637303758575472834e+00 8.567289731481310122e-01 7.822142390013964164e-01 3.539230867966719707e+00 2.622709470037451140e+00 3.417908934877242455e+00 2.039575783758820648e+00 1.795116480043628115e+00 3.961752812893647224e+00 3.403127885914909889e+00
1.360244393742303215e+00 3.269613235770230553e+00 3.483496588208447431e+00 1.990970714626104199e+00 8.097529338609041893e-01 3.617965328421422377e+00 3.186579038202444369e+00 3.272879145835621895e+00 3.161273617744240649e+00 3.783354929089688401e+00 9.916047591321444088e-01 3.275461527576678300e+00 3.672184323315061505e+00 3.549900507946222916e+00 3.590400753602537520e+00 1.153635559700373125e+00 1.214335867234962008e+00 1.985163878021398709e+00 3.387380612464633511e+00 3.736480021592791356e+00 9.979529833391979077e-01 3.465651216050730454e+00 3.451177012926145871e+00 3.174964846688711706e+00 3.955909938799383241e+00 3.792343794504397181e+00 3.925441592232530752e+00 3.378870318884205304e+00 3.468714156157182149e+00 3.587186259243591913e+00 6.799453634983758654e-01 3.459897348511128623e+00 3.242901113706104343e+00 1.043006804740335358e+00 3.438590075054784645e+00 3.738515340811409793e+00 3.085756392671001880e+00
6.196407714057130534e-01 3.305311568674198952e+00 3.554736758576794386e+00 6.728709731691044915e-01 3.573872422549521755e+00 3.303449600998513702e+00 3.693254362215486530e+00 2.547112892663529582e+00 3.527381927277284390e+00 3.644889875175889138e+00 8.956259839192824979e-01 1.527647761839049378e+00 2.083381074719312664e+00 3.772924590866665540e+00 3.173562243669167060e+00 3.491487504691892063e+00 6.896785220396310923e-01 3.523850896020113144e+00 3.256983356362248561e+00 3.491187707261579565e+00 8.324624012359322922e-01 2.441721444616965275e+00 2.476496397102447844e+00 3.080872748152688523e+00 4.002866191917278549e+00 2.732431540046770468e+00 2.136530611968802784e+00 3.469444792215942819e+00 3.197450427355221336e+00 3.502398294111460419e+00 3.498122224178499273e+00 6.207814445436439232e-01 3.194018957107348733e+00 8.691993361322077893e-01 2.070349007181951695e+00 3.978056616374070042e+00 3.249710073697349877e+00
6.032404685675314404e-01 3.052990548879620292e+00 6.265858372867569859e-01 3.294274756069984100e+00 3.185229388875455925e+00 3.272584177072194400e+00 1.743094151966090521e+00 2.016055231441794326e+00 3.350863531543621043e+00 3.466389192465908486e+00 7.010598569484898235e-01 3.220861824341264334e+00 3.483809698814774425e+00 3.678439061543107069e+00 3.392551690541496079e+00 3.603675140434475566e+00 6.435435004676378634e-01 3.436836623032246685e+00 3.507846595709279924e+00 2.474316916377278908e+00 7.377203359361472756e-01 1.973247313593245122e+00 2.321812141405240393e+00 3.379836391561402920e+00 4.196202820585716253e+00 1.809920472292620319e+00 9.697840781408882949e-01 3.566867230220333251e+00 2.572991736957354725e+00 3.072355848634609199e+00 3.693820928652272073e+00 3.190391646628538247e+00 4.521509208203273733e-01 1.349525739596347806e+00 2.017121635912110467e+00 3.865335762049391999e+00 3.621370291652238116e+00
3.196499970416061931e+00 5.697503029486841175e-01 5.994503617636084414e-01 3.339218966618096918e+00 3.738840864359194605e+00 3.522299488217508490e+00 1.039897024381104762e+00 3.394674756851583375e+00 3.725493587719557631e+00 3.336154303724123249e+00 5.669450092076175896e-01 1.040441009978528175e+00 2.078991349634418562e+00 3.885386523084491728e+00 3.575987131813806563e+00 1.996769446303952034e+00 5.923512029563943182e-01 3.313787745551019182e+00 3.508954915986126188e+00 6.780905960899037410e-01 3.009913590779981885e+00 3.088614388321630599e+00 1.475829007400280224e+00 3.630326548458609359e+00 3.675221338817743266e+00 3.497685825548610961e+00 3.541610781218358373e+00 8.093817971125009114e-01 3.378989523052465138e+00 2.439974583323657242e+00 3.586452199988889422e+00 4.294861379845883453e-01 3.111481242686591209e+00 3.077654814305353259e+00 2.576798526148560420e+00 3.638632738418539958e+00 3.397965658052432225e+00
3.144180606869897865e+00 3.168446114711373607e+00 3.983242337493095309e-01 3.643348622719074226e-01 3.716808041650224714e-01 3.826371525594566836e-01 3.062230504443472334e+00 3.097384687727574804e+00 5.100069955481619788e-01 5.221082657596440857e-01 3.401534858433049813e+00 3.367540607681678289e+00 1.772305754763624286e+00 3.789780454462598591e+00 3.429003234682048262e+00 1.947132889330089212e+00 1.426251048544429523e+00 5.096736078753366650e-01 4.003435084292962243e-01 2.794562638029390200e+00 8.738387515838621500e-01 9.501328708862188943e-01 2.000924347798957115e+00 3.684673284019669204e+00 3.347043855684710856e+00 3.372510586979365232e+00 2.493482887146282856e+00 1.987520122341510431e+00 6.536492043854053025e-01 3.253762793892164495e+00 3.327875946373369143e+00 4.015807508061126074e-01 1.553389881921094728e+00 2.121323300063949091e+00 3.892838522882899888e+00 3.326248212328399401e+00 3.050991004554864716e+00
3.242569847253263138e+00 3.216166464560058280e+00 2.679000470849651205e-01 3.226953230537811912e+00 3.590471765747649702e+00 3.372460200415118070e+00 4.298103901301478236e-01 4.403046168280823625e-01 3.107574295267650832e+00 3.149583309379741625e+00 2.576427628707668838e+00 3.431156239798542451e+00 3.745736594818444676e+00 3.624909894244693565e+00 3.199021409200108579e+00 3.475530701300209468e+00 2.567483466923552005e+00 3.534019406900054783e+00 3.356494187480623559e+00 3.582799696366372189e-01 3.177281065155045603e+00 3.567927306234596863e+00 3.397015634065815082e+00 3.253443129921136379e+00 3.713345321544643252e+00 2.658100638882944011e+00 3.398949082080011230e+00 3.160902964220378752e+00 3.376984272234074158e+00 6.100953800481430100e-01 3.900597649567416059e-01 3.161378136976106923e+00 3.329309002086097369e+00 3.650628028012520065e+00 3.606138996026697630e+00 3.737658580449041867e+00 3.605648871331811112e+00
3.598276682483016464e-01 2.613625723129473499e-01 2.986393487788731704e+00 2.017553070501147960e+00 3.446163146210514672e+00 3.472163953643109924e+00 3.722839873607206584e+00 3.396646228684090829e+00 1.116386548728613093e+00 1.246788857800737560e+00 2.015960836021926550e+00 3.882238216553423715e+00 3.186725903099636881e+00 3.684578600912607360e+00 3.881662287738131933e+00 3.340441540239917462e+00 3.116647673044622202e+00 3.550125367359929118e+00 3.517371534457091276e+00 3.096706980484381866e+00 3.425639900160756812e-01 3.859852817215210230e+00 3.435283048019001750e+00 3.263217169992167488e+00 4.028229217385137062e+00 2.104678179307865271e+00 1.290700898509604899e+00 3.339665545466360186e+00 3.504019297221452778e+00 3.156243904974397108e+00 3.140163518253359376e-01 1.736348993322957224e+00 2.707945256070291684e+00 3.659141363497559585e+00 3.300470704508962516e+00 2.124912798070641706e+00 3.625475065037197631e+00
3.047367414804067032e+00 2.102113107421328120e-01 2.057540275016674691e+00 3.654279127515218217e+00 3.224667096706008707e+00 3.505003823866425172e+00 3.789524844540815618e+00 3.499904640552044199e+00 3.582566799877235919e+00 3.432974976647966692e+00 2.602943104219074488e+00 3.532571474329675887e+00 3.632007615504778464e+00 1.712863563361649133e+00 2.029371185847858694e+00 3.687364647824392883e+00 3.425015485701561335e+00 3.867750890347141812e+00 2.058280989038629993e+00 3.220319465489552835e-01 3.077730600394411820e+00 1.523348786612204853e+00 2.030458819577859231e+00 3.486090266460268872e+00 3.569208697670187558e+00 3.237056251473592106e+00 2.398842914948500216e+00 9.849736958026056310e-01 9.126696287282368703e-01 3.010305030658683823e+00 3.168125023183581690e-01 3.817872173405942426e+00 3.357215819705582582e+00 3.086020911669629552e+00 3.507868599901127205e+00 1.149080597854114760e+00 3.190292297469744742e+00
2.094372058297068462e-01 3.368158483458536523e+00 3.649267387053981793e+00 3.419125530995696494e+00 3.626410981863994909e+00 3.648404079680234613e+00 7.021739979238559304e-01 3.583543312524548607e+00 3.452261168067479957e+00 3.555623078592903941e+00 3.524655791661545301e+00 3.201189969425722204e+00 3.674825310441747206e+00 2.614243034552598210e+00 1.035682269785522580e+00 1.999727793481355320e+00 3.470218096388494544e+00 3.410118705324177490e+00 2.499055355417181268e+00 3.134361733919036053e-01 3.576834774183157428e+00 3.147620907205396001e+00 3.319722844871135781e+00 3.149016708826219979e+00 3.916072933683847790e+00 2.671728754084926827e+00 3.347129292451714200e+00 3.285304211878603553e+00 3.070741509596666585e+00 2.962995915269127645e-01 3.433122380666138618e+00 3.526728685842154931e+00 3.563385378304960049e+00 2.583192135086427754e+00 3.379724945973362260e+00 1.033611739279415298e+00 3.312286146476156823e+00
2.015452137174662539e-01 3.679626725295223277e+00 3.107222290814085852e+00 3.623602276990094850e+00 3.648709712256376747e+00 6.290470503049838680e-01 3.242778742542848924e+00 7.866058942172913238e-01 8.314203473353757312e-01 2.024748178292634204e+00 3.733794926938509118e+00 3.622510680156328711e+00 3.155768342265349524e+00 3.346152787077298463e+00 2.453095829397588634e+00 7.901242691070653468e-01 3.628647937964680548e+00 3.386250291274532476e+00 3.541551687403281967e+00 3.091568414253089148e-01 3.127258580620605244e+00 1.303872758873141136e+00 1.945194811116979894e+00 3.266176281471359744e+00 4.204494014184146700e+00 1.798861145947250773e+00 1.103414203464630816e+00 8.626188521670556941e-01 2.755047316566645033e-01 3.057180080689964718e+00 3.433690681029018865e+00 3.200764281221256446e+00 1.760897878941902750e+00 3.389239401185245804e+00 3.376326792060509785e+00 3.281095581684425611e+00 6.386092145183142055e-01
2.008382150488387252e-01 2.503806165106722492e+00 3.292421574112783578e+00 3.576337017552822406e+00 5.613352364120671734e-01 3.402023854870890318e+00 3.479722508139314385e+00 3.719304614051293534e+00 3.495782623078162121e+00 1.173839999421282254e+00 1.755850346404770335e+00 3.867963449663053943e+00 3.515529661154475516e+00 2.521052538388670605e+00 3.167929238487002586e+00 3.272579596437856342e+00 7.146909500986184938e-01 3.483972595077870160e+00 3.364107359967087429e+00 2.844232234405495996e-01 8.638901147172219908e-01 1.904094854231550560e+00 2.380959565422549051e+00 2.851824028076734407e+00 3.569042360264681690e+00 3.518958025958462965e+00 2.531570348743627186e+00 3.524602393067844730e+00 3.249648026765210140e+00 2.714141730757365090e-01 3.269108544894431923e+00 2.405547478109625104e+00 1.339467204051462135e+00 2.517700722290233450e+00 3.715543140063533478e+00 3.310475933267809978e+00 5.996615462508885219e-01
2.002600432714388146e-01 3.309210095455057399e+00 3.354262706322145959e+00 5.208786600382013798e-01 3.366114470424869776e+00 2.074247127526651635e+00 2.509379525281619117e+00 3.243300900611635118e+00 3.179905965804219026e+00 3.955956143645167344e+00 3.712174665548905850e+00 3.338174352303004966e+00 3.813516527135797585e+00 2.016853969910690658e+00 1.671655408692008127e+00 3.368158219932652742e+00 3.098745513117975747e+00 6.552692728930267219e-01 2.939924237609230495e+00 2.879895022115146475e-01 3.469666793310881125e+00 1.924169505345896924e+00 3.033742076627058193e+00 3.924898615821788894e+00 4.111926740481069764e+00 3.384148193116079284e+00 3.078386550184501580e+00 3.580324809011594223e+00 2.061890471839620709e+00 3.140161999320905117e+00 2.617707487475214867e-01 3.693697010901447753e-01 3.771754571286024538e-01 4.091292673047376982e-01 3.454548799785110980e+00 3.205745589097861448e+00 4.845997323960691827e-01
1.975611246903252460e-01 2.931688075706806451e+00 4.988531276916449153e-01 3.407148625390544971e+00 3.376942223398935905e+00 3.331223995268604021e+00 3.545577888748407513e+00 3.666665705383672869e+00 3.635367168499727075e+00 3.538651412724163947e+00 3.185019511942440928e+00 3.526827544704028039e+00 3.577111744003133253e+00 2.631369370745440417e+00 1.144110141106196465e+00 8.625784149646466004e-01 3.013082984019493260e+00 2.538572722581164953e-01 2.822991643239348147e-01 3.541265988876816095e+00 3.706419956482128963e+00 3.099710457008950648e+00 3.500623622777197852e+00 2.692881489683148111e+00 1.437263452123422214e+00 3.880967341867255893e+00 3.901833897196592904e+00 3.305288722526038114e+00 3.272426365388206193e+00 3.591449679632032321e+00 2.126100573151575301e-01 3.172002852791271810e+00 3.525538775345246734e+00 3.345434036946768774e+00 4.316668526079029955e-01 4.459520896558814007e-01 3.207516465423091656e+00
3.267522243426159712e+00 1.827713876241887081e-01 2.972303774776578589e+00 3.385102818566205762e+00 3.457257374181635701e+00 1.725423224895135776e+00 3.418094192440460866e+00 2.023258214098893948e+00 2.627655247002341987e+00 3.699144012166159623e+00 3.231221479830642895e+00 1.715006678279237029e+00 3.454740383858847963e+00 3.296963378265061806e+00 3.254163423988361892e+00 3.429759931987336863e+00 2.429817905353076068e-01 3.173338978724422166e+00 3.545624236995672529e+00 3.469380739950125747e+00 3.559293774764830776e+00 3.456302397743916011e+00 3.847426482576518314e+00 3.437785949402405006e+00 3.386545490617058451e+00 1.016100121502663045e+00 3.735548104289833304e+00 3.208027106898294623e+00 3.776584873097406980e+00 2.006607104955706600e+00 2.077100732236459579e-01 2.549057652026607279e+00 3.409288300576994946e+00 3.364840553530825673e+00 2.611930211703571647e+00 2.064886989386386151e+00 3.535417136957054840e+00
