output_new_topo_ddd_3/finaltopo_soil__depth.asc
ncols 300
nrows 100
xllcorner 0.0
yllcorner 0.0
cellsize 10.0
[rows 34 to 50 of 100, columns 185 to 221 of 300]
5.542798462532669973e-02 5.498481951591798617e-02 5.806628382824381707e-02 5.919250109076013011e-02 5.606249698345765892e-02 6.338806366599857023e-02 5.862384852451846262e-02 5.491491791056347938e-02 5.373169431848406202e-02 5.316820764882007611e-02 5.322701231647269937e-02 5.320945401041009964e-02 5.735994781154540173e-02 5.475424667687794206e-02 5.427162716917896534e-02 5.351831619063644047e-02 5.573179228608078628e-02 5.934353798027498794e-02 5.305074268077835525e-02 5.932886736367337654e-02 5.471791074441291480e-02 5.317808343505223828e-02 5.803922936407249211e-02 6.035797962930430915e-02 5.488482219530469580e-02 5.457666488559313051e-02 5.738407102468445070e-02 6.015824499626866440e-02 5.721264217313593026e-02 5.321641407877983343e-02 5.615714817417038346e-02 5.621944443175100337e-02 5.584216919018084729e-02 5.597424548709323266e-02 5.715576832860842782e-02 5.069116997864068358e-02 5.316034809205991141e-02
6.146032631512848149e-02 6.000352025090077007e-02 5.448628068995564622e-02 5.790396722348979675e-02 5.980121019133659982e-02 5.710377056964669601e-02 5.806661001982345305e-02 5.892547621094881838e-02 5.747469552603320930e-02 5.813887341409385012e-02 5.398191297794191490e-02 5.642467984167701123e-02 5.425554044564282613e-02 5.523884962756841349e-02 5.473450563791812384e-02 5.919052737709700612e-02 5.551054583246409907e-02 6.016296932040185452e-02 5.302965288338934435e-02 5.870849502841989781e-02 5.267894333453179700e-02 5.657558730145028497e-02 5.713501405712134718e-02 5.539666712143416494e-02 5.748974185390576253e-02 5.813127494125654160e-02 6.112742091719314264e-02 5.724473352921041758e-02 5.206328890386546782e-02 5.342784405778559093e-02 5.752695412053770996e-02 5.130008605866115401e-02 5.701476203712281532e-02 5.039355242725038903e-02 5.692481154708532026e-02 5.580450030751598484e-02 5.602885371711519014e-02
5.940409579832960779e-02 5.437264543990288218e-02 5.587171908612703630e-02 5.233835656972105760e-02 5.931489617849958901e-02 5.891588894667119242e-02 5.898380502734121983e-02 6.096720332344612858e-02 6.019414533767732112e-02 6.115169209943660533e-02 5.932029242461231422e-02 5.833344121197608922e-02 5.262414782028416310e-02 5.503431078280632271e-02 5.946661773334859652e-02 5.494733445804244470e-02 5.796528143163644231e-02 5.625012299979076369e-02 5.315156135563048334e-02 5.667412810924404853e-02 5.465047299202088760e-02 5.792521496660629071e-02 5.422014923693833227e-02 6.074486059495770585e-02 6.050939496403943268e-02 5.813673912350798834e-02 5.712079926891238529e-02 5.355046479410986715e-02 5.289432807402264652e-02 5.371389331626848229e-02 5.862016595685723419e-02 5.952642375715035128e-02 5.526767949254157708e-02 6.047424932273418041e-02 5.875633505462183465e-02 5.856500996805294457e-02 5.953082163707898444e-02
5.539705550409795842e-02 5.334032832742102020e-02 5.523842907386462830e-02 5.637741829192441378e-02 5.790988082494440831e-02 6.194697343128733463e-02 5.379733513395652811e-02 5.851175758863809417e-02 5.340329130021834181e-02 5.690033867302207032e-02 5.808798274359161518e-02 6.110686984051752479e-02 5.936347705477954678e-02 5.948792730947715518e-02 5.175374860318765480e-02 5.735578529170716477e-02 5.909085520834981425e-02 5.356221683486337565e-02 5.274112539682817430e-02 5.574184343526429608e-02 5.953273522575276699e-02 5.033660232002428597e-02 5.950632571787475844e-02 6.118962518603350553e-02 5.480949709971300043e-02 5.390765772199921507e-02 5.324202535846547790e-02 5.027646639410818241e-02 5.283938791874829427e-02 5.631263688328046885e-02 6.026371434932945026e-02 6.201379566864149290e-02 5.106772960085600999e-02 6.109134676962434812e-02 6.263329041229530325e-02 6.024937769824804251e-02 5.739209611048049636e-02
5.635692138827387565e-02 5.350046322480987021e-02 5.441110234510260213e-02 5.471377562263889799e-02 5.828885578960255748e-02 6.161600322793697737e-02 5.622372009284584693e-02 5.626538563299787743e-02 5.768155617631673393e-02 5.763920306519289272e-02 6.056317289226014616e-02 5.458828520660029965e-02 5.599703359180016604e-02 5.509182429332198927e-02 5.704842883757976768e-02 5.887414855144101206e-02 5.346266899522156280e-02 5.303682782037575510e-02 5.217617699817242438e-02 5.573288750372865780e-02 5.721678229112828890e-02 5.873160607701451152e-02 5.996549887486793406e-02 5.797520934373067564e-02 5.079262791237807578e-02 5.095211586097582457e-02 5.395820701467476943e-02 5.218140425765969287e-02 5.258982494151942522e-02 5.760102663859879846e-02 5.981541020843266637e-02 5.239503631175586318e-02 5.885475932312094621e-02 6.101135206658186982e-02 5.261640486655760895e-02 5.305430734555430933e-02 5.463107488501953157e-02
5.430400993014690425e-02 5.797435249873700291e-02 5.861228555504954807e-02 6.055464569444307665e-02 5.959557124909459214e-02 5.641477167860159403e-02 5.948261116887024191e-02 5.363828770202471591e-02 5.775684897709233712e-02 5.781811315953681168e-02 5.731282144041676546e-02 5.802469487761344885e-02 5.270882492443153267e-02 6.264316741206464589e-02 5.983829400558875883e-02 5.456336197504621510e-02 5.360925541281576223e-02 5.424147592135180468e-02 5.426572034424700930e-02 5.519169374406326933e-02 5.474738125839559433e-02 5.737463776095859391e-02 5.692311407252212407e-02 5.851882831950006025e-02 5.668390831382387474e-02 5.385080498799713067e-02 5.649320805151675229e-02 5.597852013039196495e-02 5.335463356452979644e-02 5.898296123220647669e-02 5.710577389718220209e-02 5.755523002129606103e-02 5.707251216198009486e-02 5.498645315007534562e-02 5.716013598804205176e-02 5.741227098712566035e-02 5.962696040776177542e-02
5.772607982838552643e-02 5.814769627044698297e-02 5.389040893771251256e-02 5.420520094481902362e-02 5.734872214199068785e-02 5.464827676340681256e-02 6.090100739577191530e-02 5.347283203863620327e-02 5.631428462759544007e-02 5.667179088486154481e-02 5.399637659974842324e-02 5.692252061362961663e-02 5.740796244855659453e-02 5.748871004102972665e-02 5.926209883617378216e-02 5.645777370448769317e-02 5.404573939364161472e-02 5.249220072909374646e-02 5.700521965108669431e-02 5.452650681263233878e-02 5.650143452480635431e-02 5.666692303542406745e-02 6.150245075827635161e-02 5.902173111951905526e-02 5.476576103216456576e-02 5.344303187647223008e-02 5.633171795917296665e-02 5.730633622593178655e-02 5.373824217248099333e-02 5.996886100227642041e-02 5.530259132336948213e-02 5.835683368575175778e-02 5.546009412325900167e-02 5.264716472104500472e-02 5.384578470259992339e-02 5.176050934875858073e-02 5.446928915329488086e-02
5.588069557578920904e-02 5.654256585925972189e-02 5.570476250788922862e-02 5.494104599748533130e-02 5.583509004618071592e-02 5.551456770656361395e-02 6.087910734490462050e-02 5.363782562312191526e-02 5.461739999601591955e-02 5.823998260790302223e-02 5.317888400532675558e-02 5.545094596004038201e-02 6.030847984001400097e-02 5.315618393145327136e-02 5.804992915133187076e-02 5.752659718999252741e-02 5.638522328167197561e-02 5.449841167161842415e-02 5.800571356192623512e-02 5.786388734035977782e-02 5.902685394598416319e-02 5.556709994973954569e-02 5.916376041890957643e-02 5.332731517842978497e-02 5.522563189805956840e-02 5.464036428295691167e-02 5.898137595827335211e-02 5.704423426955049919e-02 5.650713066028512088e-02 5.677435180072293308e-02 6.108602247167591731e-02 5.695200887272309359e-02 5.321144337540148483e-02 5.295714201269949989e-02 5.235972147229300822e-02 5.226860467330955023e-02 5.256976450363540915e-02
5.339919138878149174e-02 5.279437285950904640e-02 5.219926322900347859e-02 5.296436622374470909e-02 5.646365396644407314e-02 5.606318110826803702e-02 6.390473135637216029e-02 5.446412967868859145e-02 5.206532827156377247e-02 5.325006727943183693e-02 5.619415983842738355e-02 5.505247647439009961e-02 5.397084297686961796e-02 6.223562812360793756e-02 5.797172136267592091e-02 5.386896758270039165e-02 5.985712958657371519e-02 5.557011136489058839e-02 5.660741158607848766e-02 6.186267296762355816e-02 5.850074019772379119e-02 5.301097120581576422e-02 5.959884868675899977e-02 5.956967779326480944e-02 5.613411100805257986e-02 5.864438768782397754e-02 5.953964320600266258e-02 5.616129375187350198e-02 5.901501161277042384e-02 5.256995593621918705e-02 5.473065277790728489e-02 5.467392828719670750e-02 5.473826165670586663e-02 5.487076909981785516e-02 5.509685240665989497e-02 5.451806637134318234e-02 5.412482900549745596e-02
5.306974452228783307e-02 5.501341202628443061e-02 5.474997505428892686e-02 5.458748563564444489e-02 5.879438005846851500e-02 5.343651848198605059e-02 5.967658830200300857e-02 5.968712937037030930e-02 5.387943180143500016e-02 5.224746036742588390e-02 5.866654088150790453e-02 5.707606674276985426e-02 5.758942044799332527e-02 6.000543905807878553e-02 5.741021463552054005e-02 6.254197607415809546e-02 5.750712197081477017e-02 6.082241657558571518e-02 5.697092122994136532e-02 5.724938708214168115e-02 5.582857955277584217e-02 5.921711714296241935e-02 6.198053131243212027e-02 5.726165702964550880e-02 5.775138326375676284e-02 5.538885037476504181e-02 5.403450878272220148e-02 5.893777011637444524e-02 5.948551619837408322e-02 6.172701449508991023e-02 6.204916387358227342e-02 6.096806516214559046e-02 6.009937444835360826e-02 5.956171018681487989e-02 5.909836910118152625e-02 5.819439181911777864e-02 5.412036063727987401e-02
5.302240247551181368e-02 5.629054899732310185e-02 5.471571627371740743e-02 5.659183757388122626e-02 5.231634424674547201e-02 5.877163311916613897e-02 5.862449916635448233e-02 5.777302050695679730e-02 5.688553095513251834e-02 5.245380473553086509e-02 5.673518511691683086e-02 5.891959965618891876e-02 5.742207028257551027e-02 5.494596494624492261e-02 5.728369446295342865e-02 5.816120325735307794e-02 5.716047474089872016e-02 5.768083196952880631e-02 5.666619250193145885e-02 5.755528869895894239e-02 5.759117625457030321e-02 5.392111455834948386e-02 5.954982391510668660e-02 5.604359493585846924e-02 5.657090448734878457e-02 6.105696485636732951e-02 5.454723515799195233e-02 5.705994543180758355e-02 5.423525385171930335e-02 5.388827425484213340e-02 5.377164708916418873e-02 5.366388657256735556e-02 5.368724489733606164e-02 5.371010462670401664e-02 5.367602027587034530e-02 5.357370261159868918e-02 5.304259967675209464e-02
5.537208793078240987e-02 5.836709482164939566e-02 6.139321995516111574e-02 5.101800004009583722e-02 5.923973450249574862e-02 5.902235252048727843e-02 5.873992538540567798e-02 5.117313269959026384e-02 5.988141196562841995e-02 5.258075111749003355e-02 5.693121901912021748e-02 5.404572735183991311e-02 5.753519427367144445e-02 5.366396715121792005e-02 5.302819607275545410e-02 5.271236818735755558e-02 5.309092090148134768e-02 5.274253931369071724e-02 5.295563931785776668e-02 5.326793695666402068e-02 5.766925265499285580e-02 5.642547746135043868e-02 5.669464821037276808e-02 5.955516693231008296e-02 5.805039166313716997e-02 5.643965625127897456e-02 5.952395362282494884e-02 5.308115955228573379e-02 5.250072659450058521e-02 5.442352621364371368e-02 5.520279592434053362e-02 5.612761733053631824e-02 5.862481085506496964e-02 5.981348036116203304e-02 5.952439919857001327e-02 5.851241019954598471e-02 5.614685792518279289e-02
5.630928205134956566e-02 6.017694489465966190e-02 5.868615533925595346e-02 5.987364704506879104e-02 5.988498529632409195e-02 5.540578301027781344e-02 5.410156397792035415e-02 5.513786160884558835e-02 5.492211114874683692e-02 5.261538159827799238e-02 5.668356344020110404e-02 5.657258484414454808e-02 5.764178096034977550e-02 5.316763666738475586e-02 5.457425782946263848e-02 5.643044154598360340e-02 6.008924410734645116e-02 5.884306869148955843e-02 5.628401402283949445e-02 5.507306126724355322e-02 5.170348002054046127e-02 6.106445582376799491e-02 5.497016182280837354e-02 6.214864843837995118e-02 5.884297454082917933e-02 5.611745061803340845e-02 5.467838378304906016e-02 5.635539832211720196e-02 6.003137241412907082e-02 5.989198152264932351e-02 5.950536754349408652e-02 6.098526811017950661e-02 5.607237672944259677e-02 5.323645334159074483e-02 5.702446086753842902e-02 5.430900650310167832e-02 5.742306060138085283e-02
5.789859626153781580e-02 6.022656664961894418e-02 5.903820860301278728e-02 5.825478876952925461e-02 5.964928679058796590e-02 5.794157375672298604e-02 5.629994784388975271e-02 5.392819605898912377e-02 5.333048121086121640e-02 5.265057318286889276e-02 5.461801171351270828e-02 5.549067243174095332e-02 5.352289175858124942e-02 5.413655235884933664e-02 5.659393846045512183e-02 5.576138717152560181e-02 5.035134759205626281e-02 5.795518604392957407e-02 6.245640032854796880e-02 5.723446253173086057e-02 6.029821175798823207e-02 5.691594020591209807e-02 5.656181772120519313e-02 5.946609733376595486e-02 5.941061047992860639e-02 5.461794744803000201e-02 5.524735983681308693e-02 5.374816133370093063e-02 5.348685437442124435e-02 5.301891595919160788e-02 5.324075763054221533e-02 5.377511372233559350e-02 5.571963443753567141e-02 5.826169688069274960e-02 5.753943590155046611e-02 5.666515012391377948e-02 5.699796244655166988e-02
6.216408432000147116e-02 5.717361188908866299e-02 5.440103937900794828e-02 5.789030007093762253e-02 5.541321700077964790e-02 5.687607571155080255e-02 6.081351792156706321e-02 5.683041365916801507e-02 5.596610415711788383e-02 5.405268025396375159e-02 5.258294024282825219e-02 5.318571779085467383e-02 5.739598019469693835e-02 5.530539892649129208e-02 5.351615500686153493e-02 5.676271594058288766e-02 5.530455947901664893e-02 5.871684426641770455e-02 5.744022835411077832e-02 5.466951814683323335e-02 5.439582884639784788e-02 5.440335880640551069e-02 5.614607939049404139e-02 4.958807978430735536e-02 6.140935147822326745e-02 6.102173612926536234e-02 5.662156285508507247e-02 5.587480962205187973e-02 5.660247701526155417e-02 5.584183904320334790e-02 5.552950569096927469e-02 5.361558514181982704e-02 5.316440255717037877e-02 5.287482586402713486e-02 5.303767701160225917e-02 5.688048251404386607e-02 5.651310746247931172e-02
6.324781586224753616e-02 5.228226624169932113e-02 5.856552784467100592e-02 5.837284369394447892e-02 5.432127756509513156e-02 6.017699562563614407e-02 5.677769810538302320e-02 5.695964796715281830e-02 5.663882666305013885e-02 5.520247732557942433e-02 5.251115818469938301e-02 5.484293719634233955e-02 5.540936631872198787e-02 5.665618728003440213e-02 5.969770605137523362e-02 5.752891017352747272e-02 5.717693566862318971e-02 5.887132587895371055e-02 5.277013820441992659e-02 5.293042804402356416e-02 5.318658501894302226e-02 5.571278792691113785e-02 5.836440110018109584e-02 5.177500701265759508e-02 5.668568517556910047e-02 5.894515582883370908e-02 5.612015850883498441e-02 5.250601832283248449e-02 5.270456167706955020e-02 5.593256629017644838e-02 5.824708678699944131e-02 5.579412441328893135e-02 5.579004010523194723e-02 5.569467648806179089e-02 5.289926113572308852e-02 5.319786916491953122e-02 5.335379054789466530e-02
5.109342134856658529e-02 5.728593840209213195e-02 5.758552612257868131e-02 5.398578775380676043e-02 5.496220572431558676e-02 6.385051297539832971e-02 5.850406125040803762e-02 5.432845319070984946e-02 5.365247067129641501e-02 5.358239741473157930e-02 5.265685730569641398e-02 5.526131058806044161e-02 5.553369783371017721e-02 5.857495074507045735e-02 5.581366655711791913e-02 5.499587309436080457e-02 5.557757004936594858e-02 5.333357141246164446e-02 5.276423498282402369e-02 5.325581476283818699e-02 5.365662833381480701e-02 5.628148367467755014e-02 5.604789422354525263e-02 6.043408814729987061e-02 6.095854422532070993e-02 5.779772578023537749e-02 5.900152816132361866e-02 6.087097938094689076e-02 6.421031608857123707e-02 5.784113874695213930e-02 5.294618833850356365e-02 5.437684914814257253e-02 5.060274497557740864e-02 5.473188817736199946e-02 5.856121753969312227e-02 5.288544914307694023e-02 5.112526147820988659e-02
