output_new_topo_ddd_3/finaltopo_soil__depth.asc
ncols 300
nrows 100
xllcorner 0.0
yllcorner 0.0
cellsize 10.0
[rows 68 to 84 of 100, columns 111 to 147 of 300]
5.141697771234407521e-02 5.697328024129560964e-02 5.342566147763676970e-02 5.865765482725685681e-02 5.655558014669334610e-02 6.065483853519165747e-02 5.610305858265510898e-02 5.636134266660221270e-02 5.589321249829656835e-02 5.490662689192393059e-02 5.353081099189521685e-02 5.756127508953282762e-02 5.769829683642507812e-02 5.638162058211542566e-02 5.663079243905351501e-02 5.276278000078712949e-02 5.532343941791922903e-02 6.027150782020273406e-02 5.392184779232200853e-02 5.791666572588274886e-02 5.929968326295516345e-02 5.722969224421065038e-02 5.392182531033591630e-02 5.658539259709569752e-02 5.634737401800981454e-02 5.278735709557922512e-02 5.371385038764001085e-02 5.646580411424262369e-02 5.582511573370571578e-02 5.377370603260184234e-02 5.767292868625228247e-02 5.682712576762658646e-02 5.838439044499352942e-02 6.151702237033096488e-02 5.567519766163794848e-02 5.854706526118234194e-02 5.986641237997212400e-02
5.737123656015298556e-02 5.665955801375938128e-02 5.859710891378987901e-02 5.754222343614813495e-02 5.437777855943087130e-02 5.906169102079538574e-02 5.784072652033907247e-02 6.030861830176875715e-02 5.831009129227687771e-02 5.427242731678506849e-02 5.756332636817971388e-02 5.630368737537169710e-02 5.527753979145393765e-02 5.710915796721983961e-02 5.433248333956924164e-02 5.155483774091830507e-02 5.337904236672912778e-02 5.791563588400441831e-02 6.123454763543136059e-02 5.490043232504594750e-02 5.742589451427729946e-02 5.763626433273247307e-02 5.462724475489907916e-02 5.323819425878656419e-02 5.342381207078461536e-02 5.196924684934568772e-02 5.720032967885579217e-02 5.906954885933675403e-02 5.551011763802026627e-02 5.612042726564872575e-02 6.179396113289695874e-02 5.713420893512104887e-02 5.613269143610682965e-02 6.024314401475686781e-02 5.496360503185069440e-02 6.339672402934291850e-02 5.904335841891805020e-02
5.427540831158102208e-02 5.723138143618287238e-02 6.070842194891408472e-02 5.459481227018562338e-02 5.531121908031171736e-02 6.041968132282433956e-02 5.756765857270482872e-02 5.551714952513593648e-02 5.434435684651323095e-02 5.785302740572231817e-02 5.607328086606502837e-02 5.545560596064100234e-02 5.397286745822974657e-02 5.346381708392118626e-02 5.652511064471809482e-02 5.728922361465010882e-02 5.359760592917540978e-02 5.363398339843380991e-02 5.695505919200036238e-02 5.624815889828663207e-02 5.795519019827823082e-02 5.416405396762350583e-02 5.425751303920977459e-02 5.283635927390161607e-02 4.877664449258652807e-02 5.203723382646650159e-02 5.714377964867422416e-02 5.554888978272309874e-02 5.924044480922190797e-02 6.182075267059340684e-02 5.641389068906014354e-02 5.574103420090096433e-02 6.074226749795848257e-02 5.563017870366372686e-02 5.923314303234886169e-02 6.136404955612789064e-02 5.837019209717059232e-02
5.509541227075825942e-02 5.954584031990280135e-02 4.976797515439487091e-02 5.981438738384875498e-02 6.245504135071512641e-02 5.631078502027218186e-02 5.315965956346171972e-02 5.400757652747633503e-02 5.833195402875231139e-02 5.758767167426490780e-02 5.441497646629246676e-02 5.497573415080018316e-02 5.183951109715823069e-02 5.394842124388868343e-02 5.592758923299291640e-02 5.840428255098273347e-02 5.674101723686919563e-02 5.240960001956219971e-02 5.298557650866930757e-02 5.059739849916004145e-02 5.303191609372673310e-02 5.023376704477483523e-02 5.336615353695214892e-02 5.089961371266858020e-02 5.300994204322218017e-02 5.232235500329949357e-02 5.448521391982305562e-02 5.977969883080112151e-02 5.770921657012015316e-02 5.604899139539588904e-02 5.543622603105452518e-02 5.729313554413365678e-02 5.486985662093523536e-02 6.098008028720915130e-02 5.554926819997951098e-02 6.150469140293086945e-02 6.086675035174304860e-02
5.413492239914977772e-02 5.540188082605027042e-02 5.462462975045871000e-02 5.784737820568515432e-02 5.971831791521257232e-02 5.536625670523503268e-02 5.305312307334567046e-02 5.670570296637261060e-02 5.857481236600019930e-02 5.740255013351484165e-02 5.472898450705035445e-02 5.713790037031740016e-02 5.681850433072478668e-02 5.441877065882003150e-02 5.761064264528242829e-02 5.843504158488838085e-02 5.452431125449139909e-02 5.520036877890180382e-02 5.376747429999342853e-02 5.279497787906292650e-02 4.971247047853666334e-02 5.290399186007520987e-02 5.470301912771412950e-02 5.828814316762705172e-02 6.142787584360584474e-02 5.550899000424102531e-02 5.355073656113898406e-02 5.708848723562527649e-02 5.730194647681888243e-02 5.417469441249064821e-02 5.396077327278207131e-02 5.384487160235680581e-02 5.688417228862802100e-02 5.799492496358574223e-02 5.494556682903457834e-02 5.100462130878198608e-02 5.508781950192005727e-02
5.830053909589096028e-02 5.480189814451195268e-02 5.813008118540588520e-02 6.041647622688450098e-02 5.572169000481511092e-02 4.862973741928851984e-02 5.308789459389923193e-02 5.599316024408066556e-02 5.482986777619050511e-02 5.876872623842332999e-02 5.422115579308165595e-02 5.524727342361858418e-02 5.893495605756115391e-02 5.850434470504441153e-02 5.700290785627951107e-02 6.073760000480087767e-02 5.940303334796512985e-02 5.550740414280121160e-02 5.535520072745354903e-02 5.993796561705445891e-02 5.463630404236470561e-02 5.353575359329409977e-02 5.845773037276796869e-02 5.424697760903954280e-02 5.414661057699879376e-02 5.897212776931062828e-02 5.510184059177750809e-02 5.312331908911132466e-02 5.427713804362709754e-02 5.356339863571155102e-02 5.292825543178644732e-02 5.042025123622049382e-02 5.994456657845165237e-02 5.553293326043225175e-02 5.498050653007231781e-02 6.072716164581812986e-02 5.733869004951908099e-02
5.578554559909545962e-02 5.629726830071721949e-02 5.607599899655149600e-02 5.689691117512079427e-02 5.574914393408744728e-02 5.385290472104623666e-02 5.502550959003058711e-02 5.704953260159661976e-02 5.799925060745332595e-02 5.863363000726438262e-02 5.511053369763631304e-02 5.787688061629676917e-02 6.070898124074937396e-02 6.402185649613754970e-02 5.678680092682119457e-02 6.117661813201941134e-02 5.944249039305082166e-02 5.747893373658356092e-02 5.571137098978388297e-02 5.901405041744561819e-02 5.612904169739112853e-02 5.475350992403384132e-02 5.863281339455272273e-02 5.472742822635532495e-02 5.735990248957592574e-02 5.831083853940881995e-02 5.525051250072815501e-02 5.214718529235441713e-02 5.221339168320010549e-02 5.294660323748866942e-02 4.889799891356411132e-02 5.292755653757276468e-02 6.008856601777030904e-02 5.039212467247423943e-02 5.479729038130140562e-02 5.794777342240148288e-02 5.826392436406311465e-02
5.812294537832940478e-02 6.188625679260961743e-02 5.794858824886860854e-02 5.188866187957668491e-02 6.027284953490828073e-02 5.408155387690022353e-02 5.414713864868241772e-02 5.910456681484586167e-02 5.804340896380456860e-02 5.965074176416347573e-02 6.011883618177124577e-02 5.785717530453191731e-02 5.214854082082263226e-02 5.529050763154899628e-02 6.012307280560576228e-02 5.201905301980092045e-02 6.169331207573518910e-02 6.255570337466886954e-02 5.679190689813851112e-02 5.650213918419025316e-02 5.866140435592759328e-02 6.006137186236794323e-02 5.726493199641679438e-02 5.903357694810410644e-02 5.695016482677133646e-02 5.433070988531442380e-02 5.320293845581922088e-02 5.361292585873546346e-02 5.731828936408163433e-02 5.892817210231041103e-02 5.923501550837642626e-02 5.313833560225361685e-02 5.337617524019067083e-02 5.741421811615130683e-02 5.302675349723545012e-02 5.370921135743566416e-02 5.674457156093346000e-02
5.596055424825906871e-02 5.715976141206076389e-02 5.792521861724191784e-02 5.604309569548635017e-02 5.852166233776123078e-02 5.456142958451092734e-02 5.874424803001008361e-02 6.068608764000262001e-02 6.107742703233894066e-02 5.938951619934639686e-02 6.082849344600402969e-02 5.686038199893476280e-02 5.796270660592457713e-02 5.677452691805406904e-02 5.546212563662581557e-02 5.721081584168227763e-02 5.440703414051496767e-02 5.808554605949026173e-02 5.548441694916037698e-02 5.654051522458150569e-02 5.744730002626294990e-02 5.708745481837936009e-02 5.541817867040575024e-02 5.935709785369759628e-02 5.457122869418340461e-02 5.316766935488087542e-02 5.604091667328210680e-02 5.877116758172473698e-02 6.159976212326814804e-02 5.321904718700209286e-02 6.010830143739921694e-02 5.669012206267901033e-02 5.342961769373523462e-02 4.995714108404126358e-02 5.411505855797911491e-02 5.932458302240183751e-02 5.722252017575777533e-02
5.586647495295781612e-02 5.456770351580164657e-02 5.897573620047827370e-02 5.982724891894883323e-02 5.393550986011766413e-02 5.839809492560402160e-02 6.003593742668515004e-02 5.850201170600349138e-02 5.262838538441162728e-02 5.460034499269408870e-02 5.858029081160531087e-02 6.241729353224493432e-02 5.757640268314138249e-02 5.463727369733691053e-02 5.335054812137021707e-02 5.579234521428051707e-02 5.690673227866686196e-02 5.396834537243853230e-02 6.044658692373921366e-02 5.834265441858982326e-02 5.351599717639076575e-02 5.493220646640506466e-02 5.937860654621449769e-02 5.739482713639857542e-02 5.311165274095402955e-02 5.253326299525386267e-02 5.947085039226884806e-02 5.617832399041723657e-02 5.439413603473852027e-02 5.854975469312712066e-02 5.868597032523573814e-02 5.594424460760440143e-02 5.042416043002959786e-02 5.351297370132131193e-02 5.870643096562155189e-02 5.683022123052913765e-02 5.294074532290530405e-02
5.406359647802658208e-02 5.905170879034409709e-02 5.399885413310121646e-02 5.985183687200343328e-02 5.950092161621656217e-02 5.534577518364894311e-02 5.772609775767185980e-02 4.914033228946138032e-02 5.935112561344233623e-02 5.734422308968512016e-02 5.234377522922625814e-02 5.941311771482687965e-02 5.831501999402663450e-02 5.784121578290721960e-02 5.836050117711236163e-02 5.365717316275746968e-02 5.756436440391017595e-02 5.710007585829793286e-02 5.977879333036741072e-02 5.538790728605629682e-02 5.817847236910232006e-02 5.899208907932867313e-02 5.616697823023661384e-02 5.294714104425891910e-02 5.092855658951829512e-02 5.704742061619023918e-02 5.808258904513378257e-02 5.300750284613663793e-02 6.123760831948567296e-02 5.859641180519709058e-02 5.635278380861589304e-02 5.270134158572401667e-02 5.331917666025794145e-02 5.421076038206597281e-02 5.538294723327034236e-02 5.878693276800844164e-02 5.859990529896448586e-02
5.674148044898714993e-02 5.603794369785748686e-02 5.412174048619503020e-02 5.952520404347118321e-02 5.897998981160438442e-02 6.106580101886033285e-02 5.994831404742401171e-02 5.689183803521489363e-02 5.580629047096267309e-02 5.315368914094567576e-02 5.435944581127765546e-02 5.789759302129328378e-02 5.777742948292673847e-02 5.463608927818301014e-02 5.711782737884391059e-02 5.294876108173376950e-02 5.305863007100240086e-02 5.540599926509731654e-02 5.754666832624677486e-02 5.212692438355270852e-02 5.274242020410126186e-02 5.223024575150020388e-02 5.211181132868041715e-02 5.279926875359267774e-02 5.658673182626053344e-02 5.774595826289159739e-02 5.885129901295577115e-02 5.941177990350385296e-02 5.729162994823886607e-02 5.678159300040749868e-02 5.458774588206412315e-02 5.333738799351198795e-02 4.868996835480191715e-02 5.755404054474497905e-02 5.428641608980504935e-02 5.759662705142888639e-02 5.799356305314580518e-02
5.993874919002099150e-02 5.464061769969214000e-02 5.888490841995255853e-02 5.444484581851738447e-02 5.644365082028929281e-02 5.908395974848440479e-02 6.215775150794589088e-02 5.630450867272993043e-02 5.487920659831100473e-02 5.241120160978479658e-02 5.635084355420888480e-02 5.868683611847246712e-02 5.765673689569968119e-02 5.476971713271061581e-02 5.899081337588801127e-02 5.233063587125033611e-02 5.196894426390538668e-02 5.280578170719666536e-02 5.213986412827107536e-02 5.215075130690915994e-02 5.373436908856833727e-02 5.318848335703100366e-02 5.391108835711715813e-02 5.279957766915457928e-02 5.626462900358369240e-02 5.858348597138440111e-02 5.482225721649439110e-02 6.009678955263854372e-02 5.736824175932806608e-02 5.530563631448631723e-02 5.421019177563099478e-02 4.979057024928378039e-02 5.285835547496015030e-02 5.286876453898656236e-02 5.013278142723214675e-02 5.318238463940627714e-02 5.628281543512147350e-02
5.727359040777564581e-02 5.585965153096633662e-02 5.410390397196695317e-02 5.371523455543967401e-02 5.621182957657133022e-02 5.938740888982085159e-02 5.809645914397773558e-02 5.144105523383775413e-02 5.644657995822030538e-02 5.493354191009909571e-02 5.281516666083035938e-02 5.401614514402546668e-02 5.247326383295086716e-02 5.257270434108506779e-02 4.917210090711663512e-02 5.250511394932155101e-02 5.573634390389538285e-02 6.054398087586146393e-02 5.275931181153717398e-02 5.312908568027317063e-02 5.441677362356703296e-02 5.782778496366126897e-02 5.660439247687237135e-02 5.463427006206784953e-02 6.062739822091148950e-02 5.031173574138431137e-02 6.098491820374513095e-02 5.820840313466504878e-02 5.345615272468576262e-02 5.408289837752564000e-02 5.566071560054034612e-02 5.908053453031647528e-02 5.838426793102716866e-02 5.091290508679117283e-02 5.308525720971212641e-02 5.042691085049153671e-02 5.350424388166111905e-02
5.316449919732083723e-02 5.385047972121466409e-02 5.488079515560084082e-02 5.503921488923717992e-02 5.840205493709885176e-02 5.572328581897231792e-02 6.163704074908631786e-02 6.126193493110302507e-02 5.156053339196017826e-02 5.344439476665133193e-02 5.718684764896542205e-02 5.351811540570070025e-02 5.462196991484748188e-02 5.662644154370136823e-02 5.273842348281791020e-02 5.484367826375619037e-02 5.787084423125676141e-02 5.829683346952200390e-02 5.448133477263579494e-02 5.400588826867757514e-02 5.495530784718175021e-02 5.692779972124253907e-02 5.530622267132383890e-02 5.399208751215398006e-02 5.949244979094994723e-02 5.725566836160738554e-02 5.693719109588399330e-02 5.716856254906042129e-02 5.454214370324816236e-02 5.572025137530546568e-02 5.667196501621295929e-02 5.463492194229159493e-02 5.643774734841582735e-02 5.614899613939160899e-02 5.664459416552464210e-02 5.600532420302746506e-02 5.669925472221221119e-02
5.471600637253766497e-02 5.717072796185941608e-02 5.776204150501654255e-02 6.014436900204028075e-02 5.555569200239776628e-02 5.778707193529797337e-02 6.063560025896991279e-02 6.041553217857717484e-02 6.125755355699837035e-02 6.464587606676774900e-02 5.697532713547152211e-02 5.997450813387240898e-02 5.408484826773804488e-02 5.725535182894379155e-02 5.402615431635598292e-02 5.453489283662426440e-02 5.543292230655020442e-02 5.890508774277961046e-02 5.625929721699174380e-02 5.710203769773634225e-02 5.910861235154203641e-02 5.354840859366136879e-02 5.905222131098156191e-02 5.749329771957603641e-02 5.640634875418801264e-02 6.315432578106530692e-02 5.840865434914822851e-02 5.480804144242330811e-02 5.669291862797175979e-02 5.897001269245664284e-02 5.815794484813250481e-02 5.989176961962192763e-02 5.898907510133209048e-02 5.972192799584661455e-02 6.019950369411020130e-02 5.423946170894262953e-02 5.887488123162564618e-02
5.781406353652723124e-02 5.732978254097074317e-02 6.202084034530539608e-02 5.920693884426486697e-02 5.339254485305985898e-02 5.896889222767080080e-02 5.543297085610182640e-02 5.834389944383217008e-02 5.863926385163356625e-02 5.874320011012105353e-02 5.776633450503583511e-02 5.750678506153477504e-02 5.289934377935105042e-02 5.671252974395571411e-02 5.791017176014082168e-02 5.535914718009972424e-02 5.320127159797738425e-02 5.430698782876569597e-02 5.772644938260174108e-02 6.111637181809320002e-02 5.591576974082962392e-02 5.162228986735703518e-02 5.883765134794299162e-02 6.133905443654317363e-02 5.405241038056791958e-02 6.080150729641112251e-02 5.908440126617447302e-02 5.912282443504732893e-02 5.706875679625433156e-02 6.286706854376535036e-02 5.786298671805843036e-02 6.266558622468788864e-02 6.339884494146798277e-02 5.964663706555822092e-02 5.248084623849381958e-02 5.837865624636526946e-02 5.704039102808769468e-02
