output_new_topo_ddd_3/finaltopo_soil_production__rate.asc
ncols 300
nrows 100
xllcorner 0.0
yllcorner 0.0
cellsize 10.0
[rows 68 to 84 of 100, columns 0 to 36 of 300]
0.000000000000000000e+00 4.400724001403665442e-04 4.331837841814670112e-04 4.318194218560383359e-04 4.363052903727396921e-04 4.456114100956103563e-04 4.529294125151145964e-04 4.537032728479625018e-04 4.411534948075460745e-04 4.530965878574697882e-04 4.557379653345060744e-04 4.439905303147738749e-04 4.726746475882451486e-04 4.449664288403168627e-04 4.795451220048003093e-04 4.707751522458861367e-04 4.646376287174229622e-04 4.523340727436555913e-04 4.729858662388192669e-04 4.589053451001591814e-04 4.332493817714681427e-04 4.862797695728054352e-04 4.551863261867212444e-04 4.671205555462716510e-04 4.424780793739249143e-04 4.588535653529210055e-04 4.614329998583358928e-04 4.682066796771813810e-04 4.706143039882643066e-04 4.298503684484355656e-04 4.435716261621960128e-04 4.606641258983351118e-04 4.737215011715619601e-04 4.735411634429076574e-04 4.649902793303812860e-04 4.554947268891398351e-04 4.438994619634029017e-04
0.000000000000000000e+00 4.354428623606362652e-04 4.417579748424011171e-04 4.530069354523823776e-04 4.581020419790540754e-04 4.673634975060550608e-04 4.686263797332191889e-04 4.725981682130046867e-04 4.680063061236214381e-04 4.496882992565486405e-04 4.634608988445888854e-04 4.452793162392529682e-04 4.716996240377129002e-04 4.450673191850292639e-04 4.612975871062850817e-04 4.702717961488431112e-04 4.776354872348359364e-04 4.557592850497561767e-04 4.573662667403634243e-04 4.520698769835174201e-04 4.359415145257410974e-04 4.412478604713393352e-04 4.642234770435801927e-04 4.518833180427951537e-04 4.686093656029811428e-04 4.529545466567334844e-04 4.574881643124972374e-04 4.702536152386825488e-04 4.476698977684753777e-04 4.700521143569253964e-04 4.453339096884060514e-04 4.534349101143641983e-04 4.599498361557946926e-04 4.648860568175885240e-04 4.412088937547775517e-04 4.422556761951366273e-04 4.561510534848160943e-04
0.000000000000000000e+00 4.541102733624132999e-04 4.680070827239421645e-04 4.589742069360648147e-04 4.636214640399856889e-04 4.565149109177933304e-04 4.464362322950897726e-04 4.578493447221150840e-04 4.607141650481492274e-04 4.651533131873525134e-04 4.614476797717768203e-04 4.522311786143781579e-04 4.719446466133158627e-04 4.476198874043428914e-04 4.625796897694363558e-04 4.725511588761442650e-04 4.664782397543384951e-04 4.665493151797425156e-04 4.633024984484787980e-04 4.547921979173752838e-04 4.469503257384186009e-04 4.341251240752743009e-04 4.911818753687630839e-04 4.513210494781671935e-04 4.574573257111604432e-04 4.708369987269935518e-04 4.802632553561789436e-04 4.705188074800024153e-04 4.494033231978539710e-04 4.675116848557322275e-04 4.456600321573578436e-04 4.434920239826858749e-04 4.436604372391405823e-04 4.504718980234992355e-04 4.610035195902088346e-04 4.661889271989026469e-04 4.492079829698931688e-04
0.000000000000000000e+00 4.344380557001286357e-04 4.526802984673329979e-04 4.637318250003452701e-04 4.496531525573412708e-04 4.588823442250525167e-04 4.594023712182754965e-04 4.577646149889664801e-04 4.458353244282242515e-04 4.505390167857355253e-04 4.661785901245627493e-04 4.863231353180506953e-04 4.730641509825391161e-04 4.570586835255857280e-04 4.651821095591757702e-04 4.677829070982675135e-04 4.502088603757786072e-04 4.772225751032626120e-04 4.600043018751243129e-04 4.602020107665407041e-04 4.509616476048873535e-04 4.335770505453394926e-04 4.326770766404442262e-04 4.765045509827769174e-04 4.441224511978027266e-04 4.531562256134506880e-04 4.725057463527673122e-04 4.754156262823480586e-04 4.539181423047535251e-04 4.442348442295194653e-04 4.595886355698582766e-04 4.525044459526670498e-04 4.491407884535584096e-04 4.588794105785544810e-04 4.559997242908535395e-04 4.491226222324730529e-04 4.561469455727030294e-04
0.000000000000000000e+00 4.451413722644041162e-04 4.384847914671734822e-04 4.440180401710044520e-04 4.646064742181985128e-04 4.558110699775144822e-04 4.480739061194127966e-04 4.455415537159533330e-04 4.503513062168042311e-04 4.648559890330631510e-04 4.753511110715073480e-04 4.689925987293957588e-04 4.727566337121203344e-04 4.858946143326034581e-04 4.665275313845384771e-04 4.575756639518856000e-04 4.679997448191698575e-04 4.547279531031301497e-04 4.653156148167291025e-04 4.658283546617157937e-04 4.635904641857085864e-04 4.400704607221186384e-04 4.416471142734542331e-04 4.530086278150429781e-04 4.477756429495042666e-04 4.394085382452323657e-04 4.413114216887414920e-04 4.533093840084443391e-04 4.712204638017887547e-04 4.489519741012709501e-04 4.405457756507284652e-04 4.542050730903531659e-04 4.371891383478888546e-04 4.432907119737146775e-04 4.490782420103003620e-04 4.632116415260883763e-04 4.665917851102970113e-04
0.000000000000000000e+00 4.453160246504819764e-04 4.416260292503017010e-04 4.320354630316246454e-04 4.502969215666564147e-04 4.299921010908358153e-04 4.502351582171840931e-04 4.618080157126475669e-04 4.638706103164058820e-04 4.684331004979397557e-04 4.674620248717072102e-04 4.603908096803066628e-04 4.578593463119102146e-04 4.678587815473056921e-04 4.796617507876024312e-04 4.619078864039897667e-04 4.542928924847849893e-04 4.652981483678065417e-04 4.578679463800721674e-04 4.538734027610371777e-04 4.543538361035026813e-04 4.735235726051243398e-04 4.347249130043630240e-04 4.270867963305153333e-04 4.691300887569997994e-04 4.528547231588097828e-04 4.630577051748742314e-04 4.444748135663297429e-04 4.568067199114791478e-04 4.731729071640333479e-04 4.486482136996736299e-04 4.360925308796403900e-04 4.557645671987826204e-04 4.339293354150232287e-04 4.442247601245411176e-04 4.457048642841315682e-04 4.573482198021470773e-04
0.000000000000000000e+00 4.520548513831677611e-04 4.531031218149914183e-04 4.619325527841959349e-04 4.623200941562887823e-04 4.347946723504435610e-04 4.345982132348607196e-04 4.314124907909420623e-04 4.417432425544372309e-04 4.555800473679915536e-04 4.594185834770428433e-04 4.660218081056530346e-04 4.146476013043937309e-04 4.665006726224925977e-04 4.679422723778365939e-04 4.770809503594292339e-04 4.646347877755939004e-04 4.510004781112481953e-04 4.594736788969865982e-04 4.591986928197775309e-04 4.647965844938377290e-04 4.594829932958505083e-04 4.421189925439984584e-04 4.293619093515874769e-04 4.616791794632331696e-04 4.491130106301671645e-04 4.620147450758375733e-04 4.534685796114263485e-04 4.440919760484203917e-04 4.742729830061818540e-04 4.489674343373790911e-04 4.515522582621059040e-04 4.538244444839662048e-04 4.769097527646016534e-04 4.328730136195140053e-04 4.461386853497111764e-04 4.557797835813300448e-04
0.000000000000000000e+00 4.378578184207307551e-04 4.485414140255948958e-04 4.629004419350817674e-04 4.503565895154368012e-04 4.721500961802066595e-04 4.729239873935354088e-04 4.719561099458758550e-04 4.422316775346412537e-04 4.459213491572759018e-04 4.585544567912222666e-04 4.736343141867695498e-04 4.395565457406217652e-04 4.519505755522878034e-04 4.708691627677380432e-04 4.680576664668711874e-04 4.748301780543620859e-04 4.487514775932856660e-04 4.393754298333335724e-04 4.422901716350452288e-04 4.394475465001363053e-04 4.441315885856774912e-04 4.524770544209724059e-04 4.210209684305913388e-04 4.656448406999893629e-04 4.709761154340820640e-04 4.670450153342039297e-04 4.498314359458929204e-04 4.548987719191157795e-04 4.754080135736320992e-04 4.633015813060986903e-04 4.624307094678096444e-04 4.572550775174732333e-04 4.522329615450764199e-04 4.521680039689307323e-04 4.547583603759569799e-04 4.364403333988642504e-04
0.000000000000000000e+00 4.632068479517863929e-04 4.471553744151496247e-04 4.573830473027570430e-04 4.687166497125291550e-04 4.584550968732295723e-04 4.480539445435472866e-04 4.546463197406164810e-04 4.666919587809512603e-04 4.748318252955031557e-04 4.479633844320742345e-04 4.571196400217272652e-04 4.356258683693918325e-04 4.614428131181222089e-04 4.658182271996323762e-04 4.772150699836919278e-04 4.681080014378955498e-04 4.662581585852065922e-04 4.492304081371661603e-04 4.413615557832372815e-04 4.569023146345510761e-04 4.612088971250071553e-04 4.599183920491769465e-04 4.496212695928264533e-04 4.507272380042081348e-04 4.687002851412772975e-04 4.545972163645925273e-04 4.410569059881203004e-04 4.678416289921521272e-04 4.745784514530110103e-04 4.692817227404106457e-04 4.691554238165070254e-04 4.522862873528548213e-04 4.775206385028844575e-04 4.342516614691757930e-04 4.411399170471667257e-04 4.557829037331051231e-04
0.000000000000000000e+00 4.407538887919022720e-04 4.550997302772698499e-04 4.665891486622907578e-04 4.709827273997690511e-04 4.697779114906160017e-04 4.723042860993040206e-04 4.721864642777799941e-04 4.554532071568115933e-04 4.318295702066131023e-04 4.728152571417020477e-04 4.406509015785233766e-04 4.614607860880911216e-04 4.472896735254553173e-04 4.645999755544679929e-04 4.652101027719744968e-04 4.847848704498212567e-04 4.709534286290050398e-04 4.514588929025758384e-04 4.603396321742461500e-04 4.505005397408083081e-04 4.666517301069135135e-04 4.488796460120487693e-04 4.318871489275842883e-04 4.882022613022453297e-04 4.557491656673069431e-04 4.709663963902733781e-04 4.736328550740232868e-04 4.724787394863239260e-04 4.779038393845319956e-04 4.621787292189510573e-04 4.695428056015542545e-04 4.633979538138879471e-04 4.239703437425747907e-04 4.513037607345918149e-04 4.503619298502740693e-04 4.387769964150658422e-04
0.000000000000000000e+00 4.447070894745907914e-04 4.542750046182594662e-04 4.607264054573465776e-04 4.435167830335240619e-04 4.619990851682919536e-04 4.643136208048412880e-04 4.680910315946481366e-04 4.711542003942316404e-04 4.480135515725324749e-04 4.697502077652473962e-04 4.180767581953173206e-04 4.447971769915195616e-04 4.648697481235707129e-04 4.556879581170594079e-04 4.477038006241189556e-04 4.504877549063426357e-04 4.695210353805058501e-04 4.650129033231562383e-04 4.452878788012196143e-04 4.574948499197645257e-04 4.670442614591311021e-04 4.582238464868642800e-04 4.459657996510344520e-04 4.407617721689020243e-04 4.585835147212320370e-04 4.423057526359063310e-04 4.532687796914254075e-04 4.756561893125963347e-04 4.700958319590201398e-04 4.502903512487857539e-04 4.401896804874510117e-04 4.612780935312319917e-04 4.495406741247303848e-04 4.452543159870205828e-04 4.494348247398979239e-04 4.413708676733758135e-04
0.000000000000000000e+00 4.551880519091003156e-04 4.545518727544662230e-04 4.776047936652991341e-04 4.578348561940928999e-04 4.387599130009486523e-04 4.511904139390395885e-04 4.546543443933584233e-04 4.726428037119721976e-04 4.537711491232438669e-04 4.499423631690539619e-04 4.385642647779902886e-04 4.452139171304138983e-04 4.493836372378412470e-04 4.680452407299848781e-04 4.343237334974666178e-04 4.448608027844786427e-04 4.642686209532923057e-04 4.666074822265167611e-04 4.590425371247026801e-04 4.618599888312104463e-04 4.667749249254800510e-04 4.532920598097875441e-04 4.460058918195185934e-04 4.325517472451674214e-04 4.486442793838917769e-04 4.778005188237319819e-04 4.475015093015935713e-04 4.540116164808090425e-04 4.729924049131408186e-04 4.695590303473125889e-04 4.576869610083408391e-04 4.456634032955352647e-04 4.625702702008108202e-04 4.502039237311140463e-04 4.546991687228514774e-04 4.497139169943346546e-04
0.000000000000000000e+00 4.430294664153678111e-04 4.390881839907422057e-04 4.291156023493872067e-04 4.483972504361321285e-04 4.453522791353773432e-04 4.535704531793049912e-04 4.730006772012201269e-04 4.732955158452858534e-04 4.569245470379462368e-04 4.491834297179056533e-04 4.649754796197050214e-04 4.437852792705325694e-04 4.257216500730504017e-04 4.610044365024213320e-04 4.299189277775661440e-04 4.414202574419479530e-04 4.392367780795192384e-04 4.499120795885001899e-04 4.687835869906359625e-04 4.690594302630280831e-04 4.629074824646514869e-04 4.722908367985963912e-04 4.621626030375234110e-04 4.442020908154455366e-04 4.598103128971198390e-04 4.481000547153961094e-04 4.563515849530231077e-04 4.520385368055876494e-04 4.452078648928924206e-04 4.744268749050412786e-04 4.720873401925784751e-04 4.721952100492353985e-04 4.780008345511126957e-04 4.317079819378237277e-04 4.487126164711092774e-04 4.599639016724279932e-04
0.000000000000000000e+00 4.461855515979820100e-04 4.398272784825842173e-04 4.445885882740423733e-04 4.561284819366389059e-04 4.467001822082620577e-04 4.589377670182408328e-04 4.735677353689528388e-04 4.762999262066821659e-04 4.538362203266435363e-04 4.441373761441724430e-04 4.599405869676345356e-04 4.371460291342903768e-04 4.584974966177623600e-04 4.489464407602846959e-04 4.457119351628537865e-04 4.529064299157627561e-04 4.547776554930281967e-04 4.471125071259185132e-04 4.535073038720571488e-04 4.691062738318554698e-04 4.616230881500876879e-04 4.579799741694824547e-04 4.496715768344732109e-04 4.407698744804760226e-04 4.514930965413823326e-04 4.384471234293952973e-04 4.372614905237242190e-04 4.796766975862981402e-04 4.401146755025733327e-04 4.544458822476080758e-04 4.554809753779939449e-04 4.727897501568210903e-04 4.734298181905289833e-04 4.712734533736657842e-04 4.632434685629437717e-04 4.606846704599929670e-04
0.000000000000000000e+00 4.400464200525978833e-04 4.489742495129343900e-04 4.544544023117512649e-04 4.580112417174927314e-04 4.522916291748739406e-04 4.586358675182797490e-04 4.653499378513738650e-04 4.717700665839381154e-04 4.744945442129377359e-04 4.602331084417219612e-04 4.521091176327306140e-04 4.491183789536497967e-04 4.508138809295541790e-04 4.338367833693572819e-04 4.391207732755541410e-04 4.627591674376124731e-04 4.615215505548286162e-04 4.615509616610067646e-04 4.607287751302310895e-04 4.664556412476138247e-04 4.715123813471065023e-04 4.617435843331662996e-04 4.362558966354366640e-04 4.736707839525317802e-04 4.520528640160184955e-04 4.528927165505590002e-04 4.376764793452478635e-04 4.612887549852341261e-04 4.551017197981007539e-04 4.453142036747842719e-04 4.557845216442697029e-04 4.530249569160725359e-04 4.549342834808850250e-04 4.634366409355563775e-04 4.715755418544299339e-04 4.712006757710822825e-04
0.000000000000000000e+00 4.468195464127230031e-04 4.571226656805645093e-04 4.629717991480946596e-04 4.382727815859637226e-04 4.741904153819439952e-04 4.428042312588494566e-04 4.514897205277290204e-04 4.569123938178733507e-04 4.586133254859998281e-04 4.727981883757375573e-04 4.653885460088094108e-04 4.557185485866633765e-04 4.506715763709399978e-04 4.613849287458341038e-04 4.429016299028333916e-04 4.539998251729150387e-04 4.425209920543053069e-04 4.621822863422182749e-04 4.637005856350331391e-04 4.682755718455802589e-04 4.691120825809841962e-04 4.399421788068913009e-04 4.538888158177166064e-04 4.591973371253624584e-04 4.648855782290085706e-04 4.719916160632123270e-04 4.483745993591761953e-04 4.419136239584221977e-04 4.521656904734349162e-04 4.753633617067305620e-04 4.420903390637993531e-04 4.441941571535780431e-04 4.684087420161326927e-04 4.479419106304984564e-04 4.448186842508842337e-04 4.360695037221405256e-04
0.000000000000000000e+00 4.491372189732811913e-04 4.661899117065857064e-04 4.612370318234554128e-04 4.345600014129465962e-04 4.645320862098449577e-04 4.425020522630757568e-04 4.356135146713249859e-04 4.705203392791935404e-04 4.511093162272700034e-04 4.600828502860722954e-04 4.737464253802641488e-04 4.637518262183563033e-04 4.593843824197804313e-04 4.385017773014472696e-04 4.554975143277582459e-04 4.497524550333998348e-04 4.638692663565700466e-04 4.625303728203006238e-04 4.683297348807218354e-04 4.719992793098240404e-04 4.595715206979093586e-04 4.439028724256831077e-04 4.566087155388134249e-04 4.498121866493218755e-04 4.683349331008617063e-04 4.679071677260839349e-04 4.647311247506698295e-04 4.610400998145178339e-04 4.443708916697136266e-04 4.430096824669438652e-04 4.439304034884587768e-04 4.442987262044341325e-04 4.401789240434446793e-04 4.403494463681143813e-04 4.328207502995312108e-04 4.529071241238194099e-04
