output_new_topo_ddd_3/finaltopo_flow__receiver_node.asc
ncols 300
nrows 100
xllcorner 0.0
yllcorner 0.0
cellsize 10.0
[rows 51 to 67 of 100, columns 148 to 184 of 300]
1.424800000000000000e+04 1.454800000000000000e+04 1.425100000000000000e+04 1.425100000000000000e+04 1.455300000000000000e+04 1.425300000000000000e+04 1.455300000000000000e+04 1.455600000000000000e+04 1.425600000000000000e+04 1.455600000000000000e+04 1.425900000000000000e+04 1.425900000000000000e+04 1.456100000000000000e+04 1.426100000000000000e+04 1.456100000000000000e+04 1.486200000000000000e+04 1.456300000000000000e+04 1.456400000000000000e+04 1.456500000000000000e+04 1.456600000000000000e+04 1.456700000000000000e+04 1.486800000000000000e+04 1.487000000000000000e+04 1.487100000000000000e+04 1.487100000000000000e+04 1.457200000000000000e+04 1.487400000000000000e+04 1.487500000000000000e+04 1.487500000000000000e+04 1.487700000000000000e+04 1.487700000000000000e+04 1.487800000000000000e+04 1.428000000000000000e+04 1.488200000000000000e+04 1.488200000000000000e+04 1.488200000000000000e+04 1.428400000000000000e+04
1.394800000000000000e+04 1.424800000000000000e+04 1.395100000000000000e+04 1.395100000000000000e+04 1.425300000000000000e+04 1.395300000000000000e+04 1.425300000000000000e+04 1.425600000000000000e+04 1.395600000000000000e+04 1.425600000000000000e+04 1.425900000000000000e+04 1.396000000000000000e+04 1.396000000000000000e+04 1.396000000000000000e+04 1.426100000000000000e+04 1.456300000000000000e+04 1.456400000000000000e+04 1.456500000000000000e+04 1.456600000000000000e+04 1.456700000000000000e+04 1.426700000000000000e+04 1.426800000000000000e+04 1.457000000000000000e+04 1.457200000000000000e+04 1.457200000000000000e+04 1.457200000000000000e+04 1.427300000000000000e+04 1.427400000000000000e+04 1.427500000000000000e+04 1.457700000000000000e+04 1.457700000000000000e+04 1.397900000000000000e+04 1.397900000000000000e+04 1.428000000000000000e+04 1.398300000000000000e+04 1.398400000000000000e+04 1.398400000000000000e+04
1.364700000000000000e+04 1.394800000000000000e+04 1.365100000000000000e+04 1.365100000000000000e+04 1.395300000000000000e+04 1.365300000000000000e+04 1.395300000000000000e+04 1.395600000000000000e+04 1.365600000000000000e+04 1.365700000000000000e+04 1.365800000000000000e+04 1.365900000000000000e+04 1.365900000000000000e+04 1.396000000000000000e+04 1.426100000000000000e+04 1.396400000000000000e+04 1.426400000000000000e+04 1.396400000000000000e+04 1.396700000000000000e+04 1.426700000000000000e+04 1.396700000000000000e+04 1.366800000000000000e+04 1.367000000000000000e+04 1.367000000000000000e+04 1.427200000000000000e+04 1.427300000000000000e+04 1.427400000000000000e+04 1.427400000000000000e+04 1.427500000000000000e+04 1.367800000000000000e+04 1.367800000000000000e+04 1.367800000000000000e+04 1.397900000000000000e+04 1.398000000000000000e+04 1.398300000000000000e+04 1.368400000000000000e+04 1.368400000000000000e+04
1.364700000000000000e+04 1.394800000000000000e+04 1.365100000000000000e+04 1.335200000000000000e+04 1.335200000000000000e+04 1.335200000000000000e+04 1.365300000000000000e+04 1.335500000000000000e+04 1.335500000000000000e+04 1.365600000000000000e+04 1.365700000000000000e+04 1.365800000000000000e+04 1.365900000000000000e+04 1.366000000000000000e+04 1.336100000000000000e+04 1.366400000000000000e+04 1.396400000000000000e+04 1.366400000000000000e+04 1.396700000000000000e+04 1.396700000000000000e+04 1.396700000000000000e+04 1.366800000000000000e+04 1.336900000000000000e+04 1.367000000000000000e+04 1.337200000000000000e+04 1.337200000000000000e+04 1.337300000000000000e+04 1.337600000000000000e+04 1.337600000000000000e+04 1.367800000000000000e+04 1.337800000000000000e+04 1.367800000000000000e+04 1.337900000000000000e+04 1.338100000000000000e+04 1.368300000000000000e+04 1.368400000000000000e+04 1.338500000000000000e+04
1.304800000000000000e+04 1.304800000000000000e+04 1.305100000000000000e+04 1.305100000000000000e+04 1.305100000000000000e+04 1.335200000000000000e+04 1.365300000000000000e+04 1.335400000000000000e+04 1.335500000000000000e+04 1.365700000000000000e+04 1.365800000000000000e+04 1.365900000000000000e+04 1.366000000000000000e+04 1.366000000000000000e+04 1.336100000000000000e+04 1.366400000000000000e+04 1.366400000000000000e+04 1.366400000000000000e+04 1.366600000000000000e+04 1.336800000000000000e+04 1.366800000000000000e+04 1.366800000000000000e+04 1.336900000000000000e+04 1.307100000000000000e+04 1.307100000000000000e+04 1.337200000000000000e+04 1.337300000000000000e+04 1.337600000000000000e+04 1.307700000000000000e+04 1.307700000000000000e+04 1.307700000000000000e+04 1.337800000000000000e+04 1.308000000000000000e+04 1.308000000000000000e+04 1.338100000000000000e+04 1.368400000000000000e+04 1.338500000000000000e+04
1.274800000000000000e+04 1.304800000000000000e+04 1.275000000000000000e+04 1.275000000000000000e+04 1.305100000000000000e+04 1.305400000000000000e+04 1.335400000000000000e+04 1.335500000000000000e+04 1.335500000000000000e+04 1.305800000000000000e+04 1.335800000000000000e+04 1.305800000000000000e+04 1.306100000000000000e+04 1.336100000000000000e+04 1.306100000000000000e+04 1.276200000000000000e+04 1.336400000000000000e+04 1.336400000000000000e+04 1.306700000000000000e+04 1.336800000000000000e+04 1.336800000000000000e+04 1.336900000000000000e+04 1.336900000000000000e+04 1.307000000000000000e+04 1.307100000000000000e+04 1.307200000000000000e+04 1.337300000000000000e+04 1.277600000000000000e+04 1.277600000000000000e+04 1.277600000000000000e+04 1.307700000000000000e+04 1.337800000000000000e+04 1.307900000000000000e+04 1.308000000000000000e+04 1.278100000000000000e+04 1.278400000000000000e+04 1.278500000000000000e+04
1.244800000000000000e+04 1.275000000000000000e+04 1.245000000000000000e+04 1.275000000000000000e+04 1.305100000000000000e+04 1.305400000000000000e+04 1.305400000000000000e+04 1.305400000000000000e+04 1.275500000000000000e+04 1.305800000000000000e+04 1.305800000000000000e+04 1.305800000000000000e+04 1.306100000000000000e+04 1.306100000000000000e+04 1.306100000000000000e+04 1.276200000000000000e+04 1.246300000000000000e+04 1.306400000000000000e+04 1.306700000000000000e+04 1.306700000000000000e+04 1.246900000000000000e+04 1.277000000000000000e+04 1.307000000000000000e+04 1.277000000000000000e+04 1.307100000000000000e+04 1.307200000000000000e+04 1.247500000000000000e+04 1.247500000000000000e+04 1.247500000000000000e+04 1.277600000000000000e+04 1.307700000000000000e+04 1.307900000000000000e+04 1.308000000000000000e+04 1.308000000000000000e+04 1.278100000000000000e+04 1.278400000000000000e+04 1.278500000000000000e+04
1.214800000000000000e+04 1.245000000000000000e+04 1.215100000000000000e+04 1.215100000000000000e+04 1.215200000000000000e+04 1.215200000000000000e+04 1.275500000000000000e+04 1.275500000000000000e+04 1.275500000000000000e+04 1.245600000000000000e+04 1.275800000000000000e+04 1.275800000000000000e+04 1.276100000000000000e+04 1.276100000000000000e+04 1.276200000000000000e+04 1.276200000000000000e+04 1.246300000000000000e+04 1.216600000000000000e+04 1.216700000000000000e+04 1.216700000000000000e+04 1.246900000000000000e+04 1.277000000000000000e+04 1.277000000000000000e+04 1.277000000000000000e+04 1.247100000000000000e+04 1.217400000000000000e+04 1.217400000000000000e+04 1.217400000000000000e+04 1.247500000000000000e+04 1.217700000000000000e+04 1.217700000000000000e+04 1.277900000000000000e+04 1.277900000000000000e+04 1.278100000000000000e+04 1.278100000000000000e+04 1.278400000000000000e+04 1.278500000000000000e+04
1.184800000000000000e+04 1.184900000000000000e+04 1.185000000000000000e+04 1.185000000000000000e+04 1.215100000000000000e+04 1.215200000000000000e+04 1.215300000000000000e+04 1.245600000000000000e+04 1.245600000000000000e+04 1.245600000000000000e+04 1.245700000000000000e+04 1.186000000000000000e+04 1.186000000000000000e+04 1.186000000000000000e+04 1.246300000000000000e+04 1.246300000000000000e+04 1.246300000000000000e+04 1.216600000000000000e+04 1.216700000000000000e+04 1.216800000000000000e+04 1.216900000000000000e+04 1.246900000000000000e+04 1.216900000000000000e+04 1.187100000000000000e+04 1.187100000000000000e+04 1.187300000000000000e+04 1.187300000000000000e+04 1.217400000000000000e+04 1.247500000000000000e+04 1.217600000000000000e+04 1.217700000000000000e+04 1.187900000000000000e+04 1.187900000000000000e+04 1.188000000000000000e+04 1.188300000000000000e+04 1.188400000000000000e+04 1.188400000000000000e+04
1.154700000000000000e+04 1.184800000000000000e+04 1.184900000000000000e+04 1.185000000000000000e+04 1.215100000000000000e+04 1.215200000000000000e+04 1.185300000000000000e+04 1.155600000000000000e+04 1.155600000000000000e+04 1.155600000000000000e+04 1.155900000000000000e+04 1.155900000000000000e+04 1.156000000000000000e+04 1.156100000000000000e+04 1.156100000000000000e+04 1.216300000000000000e+04 1.216300000000000000e+04 1.216600000000000000e+04 1.216700000000000000e+04 1.216700000000000000e+04 1.216800000000000000e+04 1.216900000000000000e+04 1.216900000000000000e+04 1.187000000000000000e+04 1.187100000000000000e+04 1.157200000000000000e+04 1.187300000000000000e+04 1.217400000000000000e+04 1.217600000000000000e+04 1.217700000000000000e+04 1.217700000000000000e+04 1.187800000000000000e+04 1.187900000000000000e+04 1.188000000000000000e+04 1.188300000000000000e+04 1.188400000000000000e+04 1.188500000000000000e+04
1.154700000000000000e+04 1.184900000000000000e+04 1.185000000000000000e+04 1.185000000000000000e+04 1.185200000000000000e+04 1.185200000000000000e+04 1.125400000000000000e+04 1.125600000000000000e+04 1.125600000000000000e+04 1.125600000000000000e+04 1.125900000000000000e+04 1.125900000000000000e+04 1.125900000000000000e+04 1.156000000000000000e+04 1.156100000000000000e+04 1.156200000000000000e+04 1.186500000000000000e+04 1.186600000000000000e+04 1.186600000000000000e+04 1.126800000000000000e+04 1.156900000000000000e+04 1.187000000000000000e+04 1.187000000000000000e+04 1.187100000000000000e+04 1.187100000000000000e+04 1.157200000000000000e+04 1.187300000000000000e+04 1.187500000000000000e+04 1.187500000000000000e+04 1.157600000000000000e+04 1.187800000000000000e+04 1.187900000000000000e+04 1.187900000000000000e+04 1.188000000000000000e+04 1.188300000000000000e+04 1.188400000000000000e+04 1.188400000000000000e+04
1.094700000000000000e+04 1.155000000000000000e+04 1.155000000000000000e+04 1.155000000000000000e+04 1.125100000000000000e+04 1.095400000000000000e+04 1.095400000000000000e+04 1.125600000000000000e+04 1.095600000000000000e+04 1.125600000000000000e+04 1.095800000000000000e+04 1.095800000000000000e+04 1.125900000000000000e+04 1.156100000000000000e+04 1.156100000000000000e+04 1.156200000000000000e+04 1.096500000000000000e+04 1.096500000000000000e+04 1.126700000000000000e+04 1.126800000000000000e+04 1.156900000000000000e+04 1.156900000000000000e+04 1.156900000000000000e+04 1.127200000000000000e+04 1.157200000000000000e+04 1.127200000000000000e+04 1.097300000000000000e+04 1.097400000000000000e+04 1.157600000000000000e+04 1.157600000000000000e+04 1.157800000000000000e+04 1.157800000000000000e+04 1.127900000000000000e+04 1.098200000000000000e+04 1.098200000000000000e+04 1.128400000000000000e+04 1.098500000000000000e+04
1.064800000000000000e+04 1.064800000000000000e+04 1.064900000000000000e+04 1.065100000000000000e+04 1.065300000000000000e+04 1.065400000000000000e+04 1.065400000000000000e+04 1.065500000000000000e+04 1.065500000000000000e+04 1.095600000000000000e+04 1.065700000000000000e+04 1.095800000000000000e+04 1.065900000000000000e+04 1.066100000000000000e+04 1.066100000000000000e+04 1.066300000000000000e+04 1.066400000000000000e+04 1.066500000000000000e+04 1.126700000000000000e+04 1.096800000000000000e+04 1.126800000000000000e+04 1.096800000000000000e+04 1.097100000000000000e+04 1.127200000000000000e+04 1.127200000000000000e+04 1.127200000000000000e+04 1.097300000000000000e+04 1.097400000000000000e+04 1.067600000000000000e+04 1.067700000000000000e+04 1.067700000000000000e+04 1.127900000000000000e+04 1.068100000000000000e+04 1.068200000000000000e+04 1.068300000000000000e+04 1.068300000000000000e+04 1.068400000000000000e+04
1.034900000000000000e+04 1.034900000000000000e+04 1.034900000000000000e+04 1.035100000000000000e+04 1.035300000000000000e+04 1.035300000000000000e+04 1.035300000000000000e+04 1.065400000000000000e+04 1.065500000000000000e+04 1.095600000000000000e+04 1.065700000000000000e+04 1.065800000000000000e+04 1.065900000000000000e+04 1.036000000000000000e+04 1.066100000000000000e+04 1.036300000000000000e+04 1.036400000000000000e+04 1.036400000000000000e+04 1.066500000000000000e+04 1.096800000000000000e+04 1.096800000000000000e+04 1.067000000000000000e+04 1.097100000000000000e+04 1.097100000000000000e+04 1.067300000000000000e+04 1.097300000000000000e+04 1.067300000000000000e+04 1.037400000000000000e+04 1.067500000000000000e+04 1.067600000000000000e+04 1.067700000000000000e+04 1.067800000000000000e+04 1.068100000000000000e+04 1.068200000000000000e+04 1.068300000000000000e+04 1.068400000000000000e+04 1.068500000000000000e+04
1.034900000000000000e+04 1.005000000000000000e+04 1.005000000000000000e+04 1.005000000000000000e+04 1.005200000000000000e+04 1.005200000000000000e+04 1.035300000000000000e+04 1.065500000000000000e+04 1.065500000000000000e+04 1.065700000000000000e+04 1.065800000000000000e+04 1.065900000000000000e+04 1.065900000000000000e+04 1.036000000000000000e+04 1.006200000000000000e+04 1.006200000000000000e+04 1.036300000000000000e+04 1.036400000000000000e+04 1.036500000000000000e+04 1.066800000000000000e+04 1.066800000000000000e+04 1.067000000000000000e+04 1.067000000000000000e+04 1.067100000000000000e+04 1.067300000000000000e+04 1.067300000000000000e+04 1.067300000000000000e+04 1.037400000000000000e+04 1.037500000000000000e+04 1.067700000000000000e+04 1.067700000000000000e+04 1.067800000000000000e+04 1.038100000000000000e+04 1.068200000000000000e+04 1.068200000000000000e+04 1.068300000000000000e+04 1.068400000000000000e+04
1.034900000000000000e+04 1.005000000000000000e+04 9.751000000000000000e+03 9.751000000000000000e+03 9.751000000000000000e+03 1.005200000000000000e+04 1.035300000000000000e+04 1.005400000000000000e+04 9.755000000000000000e+03 1.035700000000000000e+04 1.035800000000000000e+04 1.036000000000000000e+04 1.036000000000000000e+04 1.036000000000000000e+04 1.006100000000000000e+04 1.006200000000000000e+04 1.036400000000000000e+04 1.036400000000000000e+04 9.766000000000000000e+03 9.768000000000000000e+03 9.768000000000000000e+03 9.768000000000000000e+03 1.037000000000000000e+04 1.037200000000000000e+04 1.037200000000000000e+04 1.037400000000000000e+04 1.037400000000000000e+04 1.037400000000000000e+04 1.037500000000000000e+04 1.037600000000000000e+04 9.778000000000000000e+03 9.778000000000000000e+03 1.038100000000000000e+04 9.782000000000000000e+03 9.783000000000000000e+03 9.783000000000000000e+03 9.784000000000000000e+03
1.004800000000000000e+04 9.450000000000000000e+03 9.450000000000000000e+03 9.450000000000000000e+03 9.751000000000000000e+03 1.005200000000000000e+04 1.005400000000000000e+04 1.005400000000000000e+04 9.755000000000000000e+03 9.756000000000000000e+03 9.459000000000000000e+03 9.459000000000000000e+03 1.006100000000000000e+04 1.006100000000000000e+04 1.006200000000000000e+04 1.006200000000000000e+04 9.465000000000000000e+03 9.465000000000000000e+03 9.466000000000000000e+03 9.468000000000000000e+03 9.468000000000000000e+03 9.468000000000000000e+03 9.469000000000000000e+03 9.471000000000000000e+03 9.472000000000000000e+03 1.007400000000000000e+04 1.007400000000000000e+04 1.007400000000000000e+04 1.007500000000000000e+04 9.478000000000000000e+03 9.478000000000000000e+03 9.478000000000000000e+03 9.781000000000000000e+03 9.782000000000000000e+03 9.783000000000000000e+03 9.784000000000000000e+03 9.785000000000000000e+03
