output_new_topo_ddd_3/finaltopo_flow__link_to_receiver_node.asc
ncols 300
nrows 100
xllcorner 0.0
yllcorner 0.0
cellsize 10.0
[rows 0 to 16 of 100, columns 222 to 258 of 300]
-1.000000000000000000e+00 -1.000000000000000000e+00 -1.000000000000000000e+00 -1.000000000000000000e+00 -1.000000000000000000e+00 -1.000000000000000000e+00 -1.000000000000000000e+00 -1.000000000000000000e+00 -1.000000000000000000e+00 -1.000000000000000000e+00 -1.000000000000000000e+00 -1.000000000000000000e+00 -1.000000000000000000e+00 -1.000000000000000000e+00 -1.000000000000000000e+00 -1.000000000000000000e+00 -1.000000000000000000e+00 -1.000000000000000000e+00 -1.000000000000000000e+00 -1.000000000000000000e+00 -1.000000000000000000e+00 -1.000000000000000000e+00 -1.000000000000000000e+00 -1.000000000000000000e+00 -1.000000000000000000e+00 -1.000000000000000000e+00 -1.000000000000000000e+00 -1.000000000000000000e+00 -1.000000000000000000e+00 -1.000000000000000000e+00 -1.000000000000000000e+00 -1.000000000000000000e+00 -1.000000000000000000e+00 -1.000000000000000000e+00 -1.000000000000000000e+00 -1.000000000000000000e+00 -1.000000000000000000e+00
5.862400000000000000e+04 5.862500000000000000e+04 1.180520000000000000e+05 1.180570000000000000e+05 5.862800000000000000e+04 5.862900000000000000e+04 5.863000000000000000e+04 1.180620000000000000e+05 5.893100000000000000e+04 1.180690000000000000e+05 5.863400000000000000e+04 5.863500000000000000e+04 1.180720000000000000e+05 1.180770000000000000e+05 5.863800000000000000e+04 1.180810000000000000e+05 5.864000000000000000e+04 1.180820000000000000e+05 1.180840000000000000e+05 1.180890000000000000e+05 5.864400000000000000e+04 5.864500000000000000e+04 1.180920000000000000e+05 5.894700000000000000e+04 5.894800000000000000e+04 5.894900000000000000e+04 5.895000000000000000e+04 1.181050000000000000e+05 5.865200000000000000e+04 5.865300000000000000e+04 1.181080000000000000e+05 5.865500000000000000e+04 1.181150000000000000e+05 5.865700000000000000e+04 5.865800000000000000e+04 1.181180000000000000e+05 1.181230000000000000e+05
5.802500000000000000e+04 1.174520000000000000e+05 1.174570000000000000e+05 5.802800000000000000e+04 5.802900000000000000e+04 1.174600000000000000e+05 5.833000000000000000e+04 5.833100000000000000e+04 5.833200000000000000e+04 1.174710000000000000e+05 5.803500000000000000e+04 1.174720000000000000e+05 5.833600000000000000e+04 5.833800000000000000e+04 1.174810000000000000e+05 5.804000000000000000e+04 5.804100000000000000e+04 1.174840000000000000e+05 1.174860000000000000e+05 1.174910000000000000e+05 5.804500000000000000e+04 1.174920000000000000e+05 5.834600000000000000e+04 1.180960000000000000e+05 1.180980000000000000e+05 1.181000000000000000e+05 5.865000000000000000e+04 5.835200000000000000e+04 5.835300000000000000e+04 1.175110000000000000e+05 5.805500000000000000e+04 1.175120000000000000e+05 1.175170000000000000e+05 5.805800000000000000e+04 1.175180000000000000e+05 5.835900000000000000e+04 5.836100000000000000e+04
5.742600000000000000e+04 1.168540000000000000e+05 1.168590000000000000e+05 5.742900000000000000e+04 1.168600000000000000e+05 5.773000000000000000e+04 5.803100000000000000e+04 1.174650000000000000e+05 1.168680000000000000e+05 5.773500000000000000e+04 5.743600000000000000e+04 5.773600000000000000e+04 1.168760000000000000e+05 1.168780000000000000e+05 5.774000000000000000e+04 1.168850000000000000e+05 5.744200000000000000e+04 1.168860000000000000e+05 5.774300000000000000e+04 5.774500000000000000e+04 5.744600000000000000e+04 5.774600000000000000e+04 1.168960000000000000e+05 1.168980000000000000e+05 1.169030000000000000e+05 1.169050000000000000e+05 5.745200000000000000e+04 1.175060000000000000e+05 5.805300000000000000e+04 5.775500000000000000e+04 1.169150000000000000e+05 5.745700000000000000e+04 1.169160000000000000e+05 5.745900000000000000e+04 5.775900000000000000e+04 1.169220000000000000e+05 1.169270000000000000e+05
5.682700000000000000e+04 5.712700000000000000e+04 5.682900000000000000e+04 1.162600000000000000e+05 5.713000000000000000e+04 1.168630000000000000e+05 5.683300000000000000e+04 1.162680000000000000e+05 1.162700000000000000e+05 5.713600000000000000e+04 5.683700000000000000e+04 1.162760000000000000e+05 5.713800000000000000e+04 5.713900000000000000e+04 1.168820000000000000e+05 5.714200000000000000e+04 5.684300000000000000e+04 5.714300000000000000e+04 1.162930000000000000e+05 5.714600000000000000e+04 5.684700000000000000e+04 5.714700000000000000e+04 1.162980000000000000e+05 1.163000000000000000e+05 1.163050000000000000e+05 1.163070000000000000e+05 5.685300000000000000e+04 1.163080000000000000e+05 5.685500000000000000e+04 1.169120000000000000e+05 5.715700000000000000e+04 1.163190000000000000e+05 5.685900000000000000e+04 1.163200000000000000e+05 5.716000000000000000e+04 5.716100000000000000e+04 1.163290000000000000e+05
1.156590000000000000e+05 5.622900000000000000e+04 5.623000000000000000e+04 5.653000000000000000e+04 1.162630000000000000e+05 1.156690000000000000e+05 5.623400000000000000e+04 1.156700000000000000e+05 5.653500000000000000e+04 5.653700000000000000e+04 5.623800000000000000e+04 5.653800000000000000e+04 1.156800000000000000e+05 1.156820000000000000e+05 1.156870000000000000e+05 5.654300000000000000e+04 5.624400000000000000e+04 5.654400000000000000e+04 1.156950000000000000e+05 5.624700000000000000e+04 1.156960000000000000e+05 5.654800000000000000e+04 5.625000000000000000e+04 1.157020000000000000e+05 5.655200000000000000e+04 5.655300000000000000e+04 1.157110000000000000e+05 5.625500000000000000e+04 1.157120000000000000e+05 5.625700000000000000e+04 1.157190000000000000e+05 5.625900000000000000e+04 1.157200000000000000e+05 5.656000000000000000e+04 5.656100000000000000e+04 5.656200000000000000e+04 5.656400000000000000e+04
5.592900000000000000e+04 1.150630000000000000e+05 5.563100000000000000e+04 5.563200000000000000e+04 5.563300000000000000e+04 5.563400000000000000e+04 1.150700000000000000e+05 5.593500000000000000e+04 5.563700000000000000e+04 5.563800000000000000e+04 1.150780000000000000e+05 5.593900000000000000e+04 5.594000000000000000e+04 5.594100000000000000e+04 5.594300000000000000e+04 5.594400000000000000e+04 1.150930000000000000e+05 5.564600000000000000e+04 5.564700000000000000e+04 1.150960000000000000e+05 5.564900000000000000e+04 5.565000000000000000e+04 1.151020000000000000e+05 5.595100000000000000e+04 1.157060000000000000e+05 1.157080000000000000e+05 5.595500000000000000e+04 1.151150000000000000e+05 5.565700000000000000e+04 1.151160000000000000e+05 5.595900000000000000e+04 5.566000000000000000e+04 5.596000000000000000e+04 1.157230000000000000e+05 1.157250000000000000e+05 1.157270000000000000e+05 1.157300000000000000e+05
5.532900000000000000e+04 5.533100000000000000e+04 5.503200000000000000e+04 1.144660000000000000e+05 5.533300000000000000e+04 5.533400000000000000e+04 5.533500000000000000e+04 5.503700000000000000e+04 1.144760000000000000e+05 5.533800000000000000e+04 5.533900000000000000e+04 5.564000000000000000e+04 1.150830000000000000e+05 5.534200000000000000e+04 5.534400000000000000e+04 5.534500000000000000e+04 5.534600000000000000e+04 5.534700000000000000e+04 1.144990000000000000e+05 5.504900000000000000e+04 1.145000000000000000e+05 5.535000000000000000e+04 5.535100000000000000e+04 5.535200000000000000e+04 1.145110000000000000e+05 5.535500000000000000e+04 5.535600000000000000e+04 5.535700000000000000e+04 1.145190000000000000e+05 5.505900000000000000e+04 5.506000000000000000e+04 1.145220000000000000e+05 5.536100000000000000e+04 5.536200000000000000e+04 5.536300000000000000e+04 1.151290000000000000e+05 1.151320000000000000e+05
5.443100000000000000e+04 5.443200000000000000e+04 1.138660000000000000e+05 5.473300000000000000e+04 5.503400000000000000e+04 5.503500000000000000e+04 1.144730000000000000e+05 5.473700000000000000e+04 5.473800000000000000e+04 5.503900000000000000e+04 1.144810000000000000e+05 5.474100000000000000e+04 5.504200000000000000e+04 1.144870000000000000e+05 1.144900000000000000e+05 1.144920000000000000e+05 1.144940000000000000e+05 5.504700000000000000e+04 5.474900000000000000e+04 1.139030000000000000e+05 5.445100000000000000e+04 1.139040000000000000e+05 1.145050000000000000e+05 1.145070000000000000e+05 1.139130000000000000e+05 1.139150000000000000e+05 5.445700000000000000e+04 1.145160000000000000e+05 5.475900000000000000e+04 1.139230000000000000e+05 5.446100000000000000e+04 5.476100000000000000e+04 1.145250000000000000e+05 1.145270000000000000e+05 1.145290000000000000e+05 5.446600000000000000e+04 1.139340000000000000e+05
1.132670000000000000e+05 5.383300000000000000e+04 5.413300000000000000e+04 1.138690000000000000e+05 5.413500000000000000e+04 1.138740000000000000e+05 5.443700000000000000e+04 5.443800000000000000e+04 1.138790000000000000e+05 5.414000000000000000e+04 5.414100000000000000e+04 5.414200000000000000e+04 1.132910000000000000e+05 5.384500000000000000e+04 5.384600000000000000e+04 1.132940000000000000e+05 5.444700000000000000e+04 1.133010000000000000e+05 1.133030000000000000e+05 5.385100000000000000e+04 1.133040000000000000e+05 5.415200000000000000e+04 1.133080000000000000e+05 1.133100000000000000e+05 5.415600000000000000e+04 5.415700000000000000e+04 1.133190000000000000e+05 5.385900000000000000e+04 5.386000000000000000e+04 5.416100000000000000e+04 5.386200000000000000e+04 5.416200000000000000e+04 5.416300000000000000e+04 5.416400000000000000e+04 1.133350000000000000e+05 5.386700000000000000e+04 1.133360000000000000e+05
5.323300000000000000e+04 1.126680000000000000e+05 5.353400000000000000e+04 5.353500000000000000e+04 1.132730000000000000e+05 1.126790000000000000e+05 5.323900000000000000e+04 1.126800000000000000e+05 5.384000000000000000e+04 5.384100000000000000e+04 1.132850000000000000e+05 1.132870000000000000e+05 5.354500000000000000e+04 1.126950000000000000e+05 5.324700000000000000e+04 5.324800000000000000e+04 1.126980000000000000e+05 5.355000000000000000e+04 5.355100000000000000e+04 5.325200000000000000e+04 5.355200000000000000e+04 1.133070000000000000e+05 5.355400000000000000e+04 5.355500000000000000e+04 1.127170000000000000e+05 5.355800000000000000e+04 5.355900000000000000e+04 5.356000000000000000e+04 1.127250000000000000e+05 5.326200000000000000e+04 1.127260000000000000e+05 5.356300000000000000e+04 1.133290000000000000e+05 5.326600000000000000e+04 5.356700000000000000e+04 5.326800000000000000e+04 5.356800000000000000e+04
5.263400000000000000e+04 5.293400000000000000e+04 1.126710000000000000e+05 1.126730000000000000e+05 1.120790000000000000e+05 5.263900000000000000e+04 1.120800000000000000e+05 5.294000000000000000e+04 5.264200000000000000e+04 1.120860000000000000e+05 1.120880000000000000e+05 1.126890000000000000e+05 5.294600000000000000e+04 5.294700000000000000e+04 1.120990000000000000e+05 5.264900000000000000e+04 1.121000000000000000e+05 5.295100000000000000e+04 5.295200000000000000e+04 5.265300000000000000e+04 5.295300000000000000e+04 5.265500000000000000e+04 1.121120000000000000e+05 1.121140000000000000e+05 1.121190000000000000e+05 1.121210000000000000e+05 5.266000000000000000e+04 5.266100000000000000e+04 5.266200000000000000e+04 1.121260000000000000e+05 5.296300000000000000e+04 1.127290000000000000e+05 5.266600000000000000e+04 1.121340000000000000e+05 5.296800000000000000e+04 1.121410000000000000e+05 5.267000000000000000e+04
5.203500000000000000e+04 5.233500000000000000e+04 1.114740000000000000e+05 1.114790000000000000e+05 5.203900000000000000e+04 1.114800000000000000e+05 5.234000000000000000e+04 1.120830000000000000e+05 5.234200000000000000e+04 5.234300000000000000e+04 5.234400000000000000e+04 1.114920000000000000e+05 1.114970000000000000e+05 5.234800000000000000e+04 5.234900000000000000e+04 1.115030000000000000e+05 5.205100000000000000e+04 1.115040000000000000e+05 5.235300000000000000e+04 5.205400000000000000e+04 5.235400000000000000e+04 1.115120000000000000e+05 5.235600000000000000e+04 5.235700000000000000e+04 5.235900000000000000e+04 5.236000000000000000e+04 5.236100000000000000e+04 5.236200000000000000e+04 1.115290000000000000e+05 5.206400000000000000e+04 1.115300000000000000e+05 5.206600000000000000e+04 5.206700000000000000e+04 1.115360000000000000e+05 1.115380000000000000e+05 5.237000000000000000e+04 5.207100000000000000e+04
5.143600000000000000e+04 5.173600000000000000e+04 1.108790000000000000e+05 5.143900000000000000e+04 1.108800000000000000e+05 5.174000000000000000e+04 1.114830000000000000e+05 5.204200000000000000e+04 5.204300000000000000e+04 1.114890000000000000e+05 5.174500000000000000e+04 5.174600000000000000e+04 1.108990000000000000e+05 1.109010000000000000e+05 5.145000000000000000e+04 5.175100000000000000e+04 1.109070000000000000e+05 5.145300000000000000e+04 5.175400000000000000e+04 5.145500000000000000e+04 5.175500000000000000e+04 5.175600000000000000e+04 5.175700000000000000e+04 5.175800000000000000e+04 1.115200000000000000e+05 1.115220000000000000e+05 1.115240000000000000e+05 5.206200000000000000e+04 5.176400000000000000e+04 1.109330000000000000e+05 5.146600000000000000e+04 5.146700000000000000e+04 5.146800000000000000e+04 5.146900000000000000e+04 1.109400000000000000e+05 5.177100000000000000e+04 5.147200000000000000e+04
5.083700000000000000e+04 5.113700000000000000e+04 5.083900000000000000e+04 1.102800000000000000e+05 5.114000000000000000e+04 1.108830000000000000e+05 5.114200000000000000e+04 5.114300000000000000e+04 1.108900000000000000e+05 5.144500000000000000e+04 1.108930000000000000e+05 1.108950000000000000e+05 5.114900000000000000e+04 1.103030000000000000e+05 1.103050000000000000e+05 5.085200000000000000e+04 5.115300000000000000e+04 5.085400000000000000e+04 5.085500000000000000e+04 1.103120000000000000e+05 5.115600000000000000e+04 1.109150000000000000e+05 5.115800000000000000e+04 1.103230000000000000e+05 5.086100000000000000e+04 1.103240000000000000e+05 5.146200000000000000e+04 5.116400000000000000e+04 1.109300000000000000e+05 5.116600000000000000e+04 5.086700000000000000e+04 1.103360000000000000e+05 5.116800000000000000e+04 5.116900000000000000e+04 5.117000000000000000e+04 5.087200000000000000e+04 1.103460000000000000e+05
1.096790000000000000e+05 5.023900000000000000e+04 1.096800000000000000e+05 5.054000000000000000e+04 1.102830000000000000e+05 5.024300000000000000e+04 1.096880000000000000e+05 5.024500000000000000e+04 1.096920000000000000e+05 1.096940000000000000e+05 1.096990000000000000e+05 5.024900000000000000e+04 5.055000000000000000e+04 5.055100000000000000e+04 5.055200000000000000e+04 1.097090000000000000e+05 5.025400000000000000e+04 1.097100000000000000e+05 5.055500000000000000e+04 5.055600000000000000e+04 1.103150000000000000e+05 5.085800000000000000e+04 5.056000000000000000e+04 5.056100000000000000e+04 1.097270000000000000e+05 5.026300000000000000e+04 1.097280000000000000e+05 1.103300000000000000e+05 1.097350000000000000e+05 5.056700000000000000e+04 5.026800000000000000e+04 5.056800000000000000e+04 5.086900000000000000e+04 5.087000000000000000e+04 1.103430000000000000e+05 5.057200000000000000e+04 5.057300000000000000e+04
4.993900000000000000e+04 4.964000000000000000e+04 4.994000000000000000e+04 4.964200000000000000e+04 4.964300000000000000e+04 1.090880000000000000e+05 4.994400000000000000e+04 4.964600000000000000e+04 1.090940000000000000e+05 1.090960000000000000e+05 4.994900000000000000e+04 1.091030000000000000e+05 4.965100000000000000e+04 1.097040000000000000e+05 5.025200000000000000e+04 4.995400000000000000e+04 4.965500000000000000e+04 4.995500000000000000e+04 5.025600000000000000e+04 1.097150000000000000e+05 4.965900000000000000e+04 1.091200000000000000e+05 1.091250000000000000e+05 4.966200000000000000e+04 4.996300000000000000e+04 4.966400000000000000e+04 4.996400000000000000e+04 1.091320000000000000e+05 4.996700000000000000e+04 4.996800000000000000e+04 4.966900000000000000e+04 4.996900000000000000e+04 4.997000000000000000e+04 1.097440000000000000e+05 5.027200000000000000e+04 5.027300000000000000e+04 1.097490000000000000e+05
