output_new_topo_ddd_3/finaltopo_soil__depth.asc
ncols 300
nrows 100
xllcorner 0.0
yllcorner 0.0
cellsize 10.0
[rows 17 to 33 of 100, columns 111 to 147 of 300]
5.971011529105177407e-02 6.361412537424107616e-02 5.618178964295381106e-02 5.909758809854773198e-02 5.710228587888763196e-02 5.372612807170656229e-02 5.348363062859221723e-02 5.305165758721894914e-02 5.281283405133181674e-02 5.284592727684253588e-02 5.290921761595768213e-02 5.568578417594686331e-02 5.839687963378067947e-02 5.741535606876825570e-02 5.725629098998135519e-02 5.758594886612310865e-02 5.732054134792322758e-02 5.416602065332244698e-02 5.351344844434927778e-02 5.671254224840156788e-02 5.675733795235245183e-02 5.536602714311028572e-02 5.250310665393431026e-02 5.287668592834822434e-02 5.582067452962448384e-02 6.179152391123111931e-02 5.670274762027530807e-02 5.531463415450382781e-02 5.254069298457920978e-02 5.296944616103587550e-02 5.225955552356406630e-02 6.023743369356152066e-02 5.604267669633364313e-02 5.967990249057062574e-02 5.643616308715540542e-02 5.603846054594777137e-02 5.247060432471895020e-02
6.023544837337214963e-02 6.274155648911783345e-02 5.026121350468181620e-02 5.802782317340701712e-02 5.875979953156490465e-02 5.907906108248631855e-02 5.835808174756809685e-02 5.969287160668641790e-02 5.848237989641183465e-02 5.500320203936905072e-02 5.120269221964786344e-02 5.282746467760440767e-02 5.249497577369227619e-02 5.244588839405744246e-02 5.539482527229080966e-02 5.850602019793731817e-02 5.278158372397038361e-02 5.333084899115381194e-02 5.473102037604879455e-02 5.851499947739289414e-02 5.641944468922960310e-02 5.536144818819528635e-02 5.332345005765126711e-02 5.758216392433832681e-02 5.973325492856473157e-02 5.327730126087418944e-02 5.468426243140891985e-02 5.492993155576025854e-02 5.303396696788042347e-02 5.309326266352087237e-02 5.835900460964056624e-02 5.950554054393988879e-02 5.614969085944500338e-02 5.905461493490250791e-02 5.776113755195579069e-02 5.613875762372702583e-02 5.508169870291046433e-02
6.080380208235772188e-02 5.123934873797852257e-02 5.721885228910196519e-02 5.765939859830765402e-02 5.568824778059605629e-02 5.671220964481708121e-02 5.892911763741455478e-02 5.144608742298027032e-02 5.797284683761581153e-02 5.674349920502811534e-02 5.337812764134128307e-02 5.396105127990287464e-02 5.752498961477125333e-02 5.423114306968315756e-02 5.226672266086149904e-02 5.247089360287812698e-02 5.283396451382189885e-02 4.954289918530249692e-02 5.600459783198929314e-02 5.289252784336661434e-02 6.296370463754701052e-02 5.382678057428024604e-02 5.670896879131394341e-02 5.892970587978638153e-02 5.434830760705200436e-02 5.957646867991084338e-02 5.418623788418187870e-02 5.283066363237192559e-02 5.535344836225682130e-02 5.780117607170182081e-02 6.087571840707167031e-02 6.173945237275364761e-02 5.276486588016354035e-02 5.545950535709516516e-02 5.821580430608665202e-02 5.701121757331805567e-02 5.590666150030101922e-02
6.106408041363738104e-02 5.614046832234903528e-02 5.699991206408290545e-02 5.507975114869705785e-02 5.392654049021967932e-02 5.383261709886429103e-02 5.406973407964715816e-02 5.521647480098632044e-02 5.659692709213882955e-02 5.329310578695800604e-02 5.662427515487249846e-02 5.870683658428199614e-02 5.075386676171571992e-02 5.525967055009377987e-02 5.328262569707394036e-02 5.582227560488831758e-02 5.642149399496185214e-02 5.381619505611365262e-02 5.852063473886912753e-02 5.099863154076861305e-02 6.001631553603251068e-02 5.341867909169779882e-02 5.681126522346468394e-02 5.538503165649275722e-02 5.896689821865938597e-02 5.653894578640381030e-02 5.335178316295925705e-02 5.321648548842287246e-02 5.313431997522020250e-02 5.744208234368128330e-02 5.588917972777016074e-02 5.367321421180229479e-02 5.686545064394824683e-02 5.906781820196983779e-02 5.454867990567559277e-02 5.868076711179625454e-02 5.775176542298130627e-02
6.547921996235803177e-02 5.226111051218591819e-02 5.508890386101895908e-02 5.340429785316824773e-02 5.247814012848611015e-02 5.120560768901297188e-02 5.260531773953646545e-02 5.258351702651262866e-02 5.220215804894269562e-02 5.634047966863469509e-02 5.957951645426006609e-02 5.253863408111771049e-02 5.923012530465006364e-02 5.580036545692567546e-02 5.317554996379014048e-02 5.518762648737957077e-02 5.646760124368604278e-02 5.345544868606841998e-02 6.232343854310873343e-02 5.313787880942334729e-02 5.632672407382689761e-02 5.298062305333394589e-02 5.842732429886145218e-02 5.754888898425461474e-02 5.684072109933201861e-02 5.293124438669494225e-02 5.570597941015423965e-02 5.343403788493619744e-02 5.717298279359872559e-02 5.863822362371735875e-02 5.084362635733113978e-02 5.762224716392096158e-02 5.863093797889410569e-02 5.559832946725377228e-02 5.533513770137276494e-02 5.644274192197588219e-02 5.403246935140744445e-02
5.801083813270157402e-02 5.536351933314018897e-02 5.728769971853633902e-02 5.314067473439207379e-02 5.242653292543180549e-02 5.177438026654154757e-02 5.271618436672579483e-02 5.205599514078911721e-02 5.400084386637531847e-02 5.730429146461577666e-02 5.578400156190140013e-02 5.992393924041417019e-02 5.863185636706091247e-02 5.451407610784458901e-02 5.416476502802184539e-02 5.635285132561625165e-02 5.845545033664384382e-02 5.371660927018778731e-02 5.890829278288087917e-02 5.519626760880824018e-02 5.703115652461472618e-02 5.291281678207984673e-02 5.691160195446837156e-02 5.686159245672774143e-02 5.927831406311218077e-02 5.766497323565555194e-02 5.429277534604203675e-02 5.449389419017126868e-02 5.843916302234189453e-02 5.591587836436881509e-02 5.857460726957865182e-02 5.827672510256037136e-02 5.686852679954051276e-02 5.339428236956075824e-02 5.275587916645313458e-02 5.360775544852972724e-02 5.675630886521990104e-02
6.217587128646512307e-02 6.001835103371429281e-02 5.495503576729857120e-02 5.735742351491446289e-02 5.602241697214456473e-02 5.298437418651252839e-02 5.836210995140116847e-02 5.363401958494756760e-02 5.443295917845308168e-02 5.925090043481689300e-02 5.469819132391644939e-02 5.941344051998638520e-02 6.081423783231840186e-02 5.854599538379909318e-02 5.742004200667815556e-02 5.638187065118504399e-02 5.936478943496906191e-02 5.396924890614736292e-02 5.827344982039487503e-02 5.621292409381744432e-02 5.727857260239123394e-02 5.292092796953512535e-02 5.643810091188698058e-02 5.974856193455144182e-02 5.633275787061502865e-02 5.930446189254351408e-02 5.549114956646370583e-02 5.522948318142539142e-02 5.902341532210575448e-02 5.799108818936545007e-02 5.817910194326809947e-02 5.443136547028659677e-02 5.371674592175582769e-02 5.297209518577581516e-02 5.561725767206609355e-02 5.972672054964305727e-02 5.978947325638150900e-02
5.890596466784031593e-02 6.038724262329630416e-02 5.687290407803823750e-02 5.165971297841059212e-02 5.780359489178794885e-02 5.669391147151933708e-02 5.395361747041058087e-02 5.884372763206641155e-02 5.985014668615873390e-02 5.828879142358477788e-02 5.481376132409903484e-02 5.923833631721347331e-02 5.190906849173773652e-02 5.834946104076054602e-02 6.061356980335261962e-02 5.555645719618859668e-02 5.986487403303078492e-02 5.449838655065741833e-02 5.775696663785415824e-02 5.706674100924161164e-02 5.754327855150026538e-02 5.341742065105362786e-02 5.576921133161084898e-02 5.524665594502793653e-02 5.563599720258242259e-02 5.999755739201009797e-02 5.928279066255875279e-02 5.836218364570258665e-02 5.946898872006537579e-02 5.647799140302311310e-02 5.805533219775785986e-02 5.615427665685562841e-02 5.413795684087646665e-02 5.339169634209509768e-02 5.911209505426693461e-02 5.432377929903943470e-02 5.412164675419756099e-02
5.454074036582165497e-02 5.812611995003405529e-02 6.053625010315856481e-02 6.138442197540888018e-02 5.314489687126986578e-02 6.053291679290717653e-02 5.609098984662541643e-02 5.297112529349554816e-02 5.373361258649808625e-02 5.607038042306394104e-02 5.898795523330030433e-02 6.015446090256083844e-02 5.865555135592304126e-02 5.663681378890181306e-02 6.178667484053701475e-02 5.842080527032256221e-02 5.706350610694697206e-02 5.850726449363513604e-02 5.747135607162465187e-02 5.771632376261990466e-02 5.718540007370144507e-02 5.322181050587775769e-02 5.644103798971585040e-02 5.940420081524003248e-02 5.962658224237338267e-02 5.905368155722323653e-02 5.960115161643188275e-02 6.492757642275907848e-02 6.188037851307492260e-02 5.682031588051287413e-02 5.874935924683016841e-02 5.808694990962727511e-02 5.715781379244433413e-02 5.577634874021652339e-02 5.176170088437605232e-02 5.652487361215111777e-02 5.959194152840154024e-02
5.275096071159995903e-02 5.437921080488478109e-02 5.947673191929513797e-02 5.997009555645907430e-02 6.121054831800926133e-02 5.750308424326149720e-02 5.773130000247977262e-02 6.134977571860701639e-02 6.366343493898642125e-02 5.507326385946377523e-02 5.606706329163721469e-02 5.436333367275856393e-02 5.431821093437937814e-02 5.723976640142126870e-02 5.782379006305368718e-02 5.898327449958563895e-02 5.565620749679257850e-02 5.708286424662670916e-02 5.408052253264710590e-02 6.075249469060455682e-02 5.804251455605724530e-02 5.436756469683182158e-02 5.843877103687773744e-02 6.016014262198342982e-02 6.095053571604680531e-02 5.174100301064595009e-02 5.656577921654715180e-02 5.680556600765084702e-02 5.702126445752027373e-02 5.640406932255132011e-02 5.855235942516297254e-02 5.947417622689028793e-02 5.936489475218029860e-02 5.408322446434814940e-02 5.723007765308818495e-02 5.650719901923492716e-02 5.431928436748234557e-02
5.730202437422354106e-02 5.376482819976111799e-02 5.327541106816430228e-02 5.788894466529059812e-02 5.916636441503780180e-02 5.782262392459337763e-02 5.542514567186675178e-02 5.830770971689597237e-02 5.600798619882949025e-02 5.760829247435644146e-02 5.447863636040869983e-02 5.403689441553430339e-02 5.798352068396648434e-02 5.462199226322872470e-02 5.401668726167263568e-02 5.693787832823232059e-02 5.897951559453317588e-02 5.920393604068685534e-02 5.738267292405363484e-02 5.837336117685942849e-02 5.739522740013628527e-02 5.760681097005067308e-02 5.959852676952293038e-02 5.978819653163073428e-02 4.921962139446406370e-02 5.924540991954416191e-02 5.987505117323983772e-02 5.559991842915025517e-02 6.029016514140679572e-02 5.390704752635053915e-02 5.561322803969747514e-02 5.945229805809118528e-02 5.978076119701854207e-02 5.491874227320706764e-02 5.690432017062788811e-02 5.856251777403002207e-02 5.950973107273815899e-02
5.862498587173403664e-02 5.850091820637795537e-02 5.361883399342522172e-02 5.570152520340302532e-02 5.828650013149420245e-02 6.148087279328721261e-02 6.259072303356587319e-02 5.127233042647061367e-02 5.847441200610668105e-02 5.581830635159669429e-02 5.580172605393143859e-02 5.348255580441702017e-02 5.443714292515951236e-02 5.353254404216065132e-02 5.356559373288369286e-02 5.499210795787961431e-02 5.516605673284345063e-02 5.706562764167432550e-02 5.917138336799731418e-02 5.166530751181629827e-02 5.564338161172813213e-02 5.999362251085572917e-02 5.926624606584756511e-02 5.336718601251927430e-02 5.782098105036864027e-02 5.669195701635543205e-02 5.894722847085866191e-02 5.478975534289113464e-02 5.904405996454113043e-02 5.505660256653076984e-02 5.769163855131632934e-02 5.365145676001601555e-02 5.896215202398126520e-02 6.077315507667313543e-02 6.256176848587068073e-02 5.323549133219797336e-02 5.219413129754507663e-02
5.826092930837770134e-02 5.689479363720013894e-02 5.653976091819273159e-02 5.348588734150602764e-02 5.328499743854075293e-02 5.879025018584049106e-02 6.216119431059383832e-02 5.642536837119967175e-02 5.563647224345857206e-02 5.545114944156847442e-02 5.432703479673219038e-02 5.397167922227479736e-02 5.438655793927438253e-02 5.321948994061889704e-02 5.101973935551739475e-02 5.275651755374891061e-02 5.394891396292997993e-02 5.518946457994944321e-02 5.655570071161974272e-02 5.985508271159309390e-02 6.336198677459173312e-02 6.032926964307580575e-02 6.043699715675050765e-02 5.720525830762475394e-02 5.594720070009336077e-02 5.418610724971276854e-02 5.805604519956061860e-02 5.381687771619694804e-02 5.722907071368969062e-02 5.857758639900683545e-02 5.496674619988979604e-02 5.667619546211799531e-02 6.163173507591034744e-02 5.857832437395690817e-02 5.560801751768154610e-02 5.763633373871876464e-02 6.030226967107246705e-02
5.556219425001263090e-02 5.481533264782120773e-02 5.549317814249039860e-02 5.060989144893134756e-02 5.297880536223891629e-02 5.725843620261494155e-02 5.662516392970477069e-02 5.672531793034361197e-02 5.650192461170529257e-02 5.334859006350728405e-02 5.337069851875769766e-02 5.570464256165616468e-02 5.664763372354707921e-02 5.235087573802652688e-02 5.233964430177567156e-02 5.272593999640280693e-02 5.295110553535894993e-02 5.628822047126064154e-02 5.941368997538273855e-02 6.015527775908638408e-02 5.904051712475939795e-02 5.830730134627655492e-02 6.159198153619301064e-02 5.092855885616688616e-02 5.801481402945379839e-02 5.436567372500628048e-02 5.467095747496565628e-02 5.451454374960809646e-02 5.356165775511210342e-02 5.349018759826128927e-02 5.455045146492418229e-02 5.316441714640721822e-02 6.337391585050354548e-02 5.885459952509913828e-02 5.564545070179433006e-02 5.398040170538536547e-02 5.391677768466666271e-02
5.761986771540487245e-02 5.418289054807139821e-02 5.328633324225687945e-02 5.334438341623431307e-02 5.262068634947028589e-02 5.552491706721312398e-02 5.999060572959927923e-02 5.562721995544393089e-02 5.849405147647811914e-02 5.544423833755096620e-02 5.283749864319177425e-02 5.478061316557231164e-02 5.568910854392553067e-02 5.280928443712708253e-02 5.630423785914654561e-02 5.663214928329046716e-02 5.756828138196397326e-02 5.559597521924189434e-02 5.171290576163384278e-02 6.181018869021467910e-02 5.486334065117757369e-02 5.432869782685567639e-02 5.884780662246738570e-02 5.934279458557606413e-02 5.687245240511456384e-02 7.527294710130195965e-02 5.914630967126010413e-02 5.710244098751809938e-02 5.635850342430030052e-02 5.240398816126193987e-02 5.664510417813389126e-02 5.709524518258435322e-02 5.903353752850037939e-02 5.973545187953743785e-02 5.983878368550166194e-02 5.441856866976005347e-02 5.181998061535604549e-02
6.040453770809842832e-02 6.008889918529263657e-02 5.791315341565726055e-02 5.586942281943482747e-02 5.555511241085688001e-02 5.341103490555829114e-02 5.780556365865622409e-02 6.014470081761674053e-02 5.114164890489284604e-02 5.604285040442501947e-02 5.304449663657017505e-02 5.211286457154892804e-02 5.296438169207412505e-02 5.468861902188383584e-02 5.799883485508205289e-02 5.773452994675666583e-02 5.515629812313278812e-02 6.125165504803286448e-02 5.590553036414598609e-02 6.103677462696345535e-02 5.422487683726470720e-02 5.621575176942580909e-02 5.840161059976720775e-02 5.864035925968467261e-02 5.019192501211978963e-02 5.509154722158962625e-02 5.532894405075811095e-02 5.571023032071671655e-02 5.676670254512666131e-02 5.255079690515140900e-02 5.616712378247545878e-02 5.918182717227761513e-02 5.675759213346362464e-02 5.729179592965243789e-02 5.916784954173490846e-02 5.876567656193223965e-02 5.553776185116691272e-02
5.391104074484720510e-02 5.886555602501848672e-02 6.001664109725039081e-02 5.295133460521949526e-02 5.529452476662330418e-02 5.319680763943916008e-02 5.367249648491564940e-02 5.788498318320485503e-02 5.640379378357355394e-02 5.639184723385990555e-02 5.267957032548008928e-02 5.038701671325965248e-02 5.295221645153207896e-02 6.139516814650613358e-02 5.924467572254590864e-02 5.286486567148759863e-02 5.700308951856497552e-02 5.794603006858278088e-02 5.639844291125130360e-02 5.954672521855416956e-02 5.408276569937395251e-02 5.240781363066460141e-02 5.326224078214201324e-02 5.186373907225769186e-02 5.804097609902089672e-02 5.344840777131405762e-02 4.568937324271703238e-02 4.938551907619124354e-02 5.477499227503272033e-02 5.232380112873485922e-02 5.326515999728152068e-02 5.637088090669641061e-02 5.841236609029357152e-02 5.205654127267730913e-02 6.095971857166624513e-02 5.984117553195347772e-02 5.893042581326383283e-02
