output_new_topo_ddd_6/finaltopo_topographic__steepest_slope.asc
ncols 300
nrows 100
xllcorner 0.0
yllcorner 0.0
cellsize 10.0
[rows 34 to 50 of 100, columns 259 to 295 of 300]
1.009567514942783656e-01 1.064727508324218169e-01 8.438423779826767501e-02 2.022757802761425763e-02 1.226308604557765081e-01 1.302099980296983206e-01 1.462570448644095467e-01 1.428285634516575087e-01 1.397103604179679992e-01 1.319871905827461889e-01 1.127381985814491089e-01 8.514184286692599857e-02 8.493877084133624744e-02 1.150462111911580432e-01 1.288814501006177449e-01 1.332544262779216671e-01 1.324199078777790750e-01 1.272324190363252339e-01 1.334210772353174035e-01 1.382976336288194719e-01 2.335875727754448475e-02 9.751105321715787533e-02 1.101186462116977849e-01 1.345526988474970709e-01 1.339294047336336280e-01 1.348523538144149880e-01 1.347631978045353007e-01 1.314516669061873699e-01 1.228992411128626144e-01 1.076717034271108958e-01 9.437459150911350902e-02 1.129290083587800864e-01 1.314229341120533023e-01 1.353364778640315791e-01 1.371314026746232317e-01 1.375794661649910600e-01 1.356777913243004119e-01
9.576403593555724014e-02 9.242948293195585308e-02 8.751681231267305350e-02 1.738603449105351542e-02 1.273448789378015533e-01 1.317984508114918296e-01 1.395507285563256927e-01 1.476602200437413248e-01 1.498716255722547797e-01 1.437744578698713638e-01 1.229150004028747023e-01 8.899597279249964188e-02 8.987767745605652892e-02 1.227279127636001638e-01 1.380763396740580240e-01 1.434125236315552943e-01 1.442503565377133701e-01 1.412243539903149381e-01 1.303823204149547055e-01 1.272725366111899237e-01 2.304269646147414502e-02 1.129227324291729728e-01 1.216892452464446023e-01 1.327727356333849029e-01 1.366644389338135812e-01 1.370271925220340192e-01 1.335362941185422869e-01 1.242405748609005656e-01 1.067043934445447151e-01 9.182404090468453128e-02 1.159220188457283085e-01 1.326508391701075595e-01 1.462812830932598007e-01 1.469733575969870976e-01 1.477746476278928300e-01 1.487534960072385282e-01 1.475775279926735961e-01
9.463970196241681954e-02 9.116868995932456143e-02 8.690025014027806527e-02 1.656391842240569762e-02 1.052965773968557173e-01 1.153343032069114871e-01 1.231940886253092005e-01 1.312037512221682078e-01 1.353877026589179466e-01 1.334203062119073135e-01 1.223482248086977392e-01 8.251181368729483545e-02 9.212386831083216321e-02 1.278651749249540559e-01 1.437727929972761332e-01 1.483601296463052388e-01 1.480158809541775311e-01 1.484077511088398027e-01 1.459618212546291982e-01 1.131657224487797875e-01 2.575532008626984712e-02 1.244054948269790045e-01 1.305514207943945237e-01 1.439636729607418064e-01 1.390648870612253007e-01 1.340488925742469861e-01 1.243789412698777797e-01 1.060837001751846059e-01 8.855829765588901781e-02 1.122933449939623046e-01 1.374011839180933892e-01 1.321791348865442584e-01 1.502275746877607121e-01 1.479480327542077589e-01 1.503706751643564821e-01 1.534234475750032578e-01 1.534946766708814025e-01
9.478378410816112876e-02 9.123284378737643585e-02 8.697810962778226851e-02 1.649815195277870572e-02 1.107405065655045762e-01 1.176670512118192791e-01 1.239534356913736673e-01 1.299463802627942033e-01 1.332457898695377507e-01 1.303467127653572533e-01 1.150611851832518823e-01 7.397939166451053539e-02 9.266395410705001445e-02 1.307466260178344331e-01 1.396826666381080773e-01 1.338418323698210288e-01 1.220180133129273869e-01 1.091027304619538868e-01 9.716786899705009972e-02 2.467797411420296141e-02 1.024242598863839560e-01 1.313485358388147284e-01 1.320259345946829810e-01 1.230704504905451996e-01 1.250628629251604451e-01 1.201242477253146035e-01 1.043496331246057396e-01 8.760846633403947259e-02 1.031071890288707549e-01 1.273693635413884750e-01 1.572879390749609141e-01 1.239918934988459703e-01 1.385688546356639295e-01 1.435321563462225170e-01 1.505431303032800650e-01 1.564489079642719382e-01 1.569221257572709916e-01
9.607112875869780466e-02 9.233404949844263576e-02 8.787889903609383269e-02 1.648155900065457688e-02 1.126576343781994921e-01 1.193906160057197907e-01 1.250676744565920318e-01 1.300958830689225576e-01 1.324351104433917625e-01 1.284488445307161442e-01 1.116421377750892729e-01 7.029689053095396212e-02 8.608305558447817973e-02 1.220277411470799961e-01 1.332944114669253055e-01 1.318781814047438883e-01 1.253394427216777685e-01 1.180308285091911102e-01 1.111910523581155219e-01 2.234745755555032215e-02 1.203651527225479967e-01 1.266420710769818325e-01 1.276332601057225402e-01 1.231551701073971827e-01 1.161079229897882953e-01 1.019506969572461230e-01 9.128679955222555875e-02 9.566851864508478520e-02 1.158933243845790828e-01 1.250952948035237711e-01 1.232113543969255431e-01 1.346305520220638097e-01 1.355675526684080867e-01 1.359079578167116664e-01 1.562755135898190040e-01 1.577207952558085380e-01 1.581532657921883578e-01
9.878810274380053769e-02 9.478049428190118975e-02 9.001967746705527573e-02 1.647064448747190962e-02 1.136394767768839770e-01 1.205557848317882347e-01 1.261154829126429067e-01 1.307386875246908942e-01 1.324587363248209415e-01 1.276871431297820492e-01 1.100660116258580928e-01 6.864547418359130682e-02 8.287646125064788982e-02 1.184900808086041535e-01 1.314929276620670495e-01 1.327706299259412970e-01 1.288212587910207430e-01 1.232892707471655996e-01 1.161881975697429681e-01 2.286116974955731962e-02 1.326367574782597869e-01 1.338347633930869196e-01 1.280480875515118966e-01 1.173145676170756629e-01 1.034610087878232859e-01 9.917472126368100105e-02 9.067737873623649136e-02 1.107238746471324448e-01 1.227375584851035512e-01 1.236403837399056016e-01 1.063721274492788610e-01 1.293737642933466270e-01 1.290112469027447084e-01 1.095604087912085828e-01 1.142676077281116476e-01 1.287722766136862873e-01 1.407116357056516220e-01
1.030391677655201066e-01 9.866971055133326451e-02 9.332416309483218542e-02 1.650805239245745071e-02 1.145926713412103864e-01 1.217791697712026916e-01 1.273515956805408023e-01 1.317224687734729061e-01 1.329300138889614458e-01 1.274195512672403052e-01 1.089846926384932801e-01 6.724657784632555313e-02 8.135381743158695556e-02 1.173158226639504365e-01 1.316325418936507563e-01 1.344591867916569983e-01 1.317363105598246820e-01 1.267235210538285028e-01 1.191828506765489210e-01 2.314911854002268260e-02 1.409830707682852291e-01 1.341862512784635086e-01 1.184207242006086874e-01 1.133217769872828379e-01 1.093364805514122212e-01 9.662593122253869404e-02 1.048650556549951263e-01 1.200459926551957351e-01 1.266680879281427141e-01 1.237949607396402057e-01 7.533498755677793535e-02 8.063782768417837588e-02 9.275503654876793291e-02 1.258619860169432059e-01 1.398718404713164831e-01 1.370867356392078962e-01 1.387773154424753186e-01
1.092919258986164294e-01 1.048314440549340532e-01 9.887227246444947604e-02 1.665364704967355752e-02 1.162199666583539626e-01 1.236877910709347772e-01 1.291396219501566023e-01 1.331030454226661830e-01 1.336195413589708336e-01 1.270702780004569488e-01 1.072594943329782807e-01 6.450000129171443164e-02 7.969279651713279122e-02 1.164454369854755755e-01 1.320025186158534924e-01 1.360598379454463769e-01 1.343763780754583803e-01 1.299866856467016274e-01 1.223888911463252016e-01 2.272208333972649402e-02 1.330077584818233905e-01 1.259533549694804022e-01 1.254397336849098210e-01 1.086425767220535604e-01 9.805020328636668281e-02 9.482511395692690137e-02 1.149353827794445948e-01 1.241360251407643417e-01 1.248549142301817183e-01 7.457340311202301231e-02 1.128431275367706432e-01 1.096604449009657145e-01 1.134490710475596076e-01 1.239464073963072038e-01 1.149081729398999246e-01 1.258995147117477897e-01 1.319568027928507692e-01
1.172709999765158828e-01 1.137185328428277076e-01 1.077607255807983277e-01 1.697549174683938775e-02 1.199683955609815583e-01 1.270233521220753004e-01 1.316674785532159220e-01 1.347622079847443644e-01 1.342492886434028532e-01 1.260862500670441588e-01 1.034837814843403009e-01 5.998209437646689207e-02 7.661947649017125661e-02 1.144026480970694593e-01 1.314402334236916547e-01 1.366807349581886655e-01 1.364817015279907453e-01 1.341283009539075977e-01 1.279296033074540928e-01 2.136559253632910188e-02 9.192876551354060843e-02 1.024235470389417146e-01 1.066492053746237872e-01 1.176847786400562895e-01 9.046503259410917930e-02 1.061332202079203341e-01 1.200981648922272854e-01 1.220005210428542625e-01 6.884353152319697133e-02 1.001822956890281446e-01 1.074520076066512730e-01 1.106275944575024484e-01 1.145172839212396099e-01 1.188493549664862287e-01 1.218624981607362712e-01 1.271533440793788938e-01 1.306435678189870886e-01
1.243901582794876559e-01 1.238181220428053592e-01 1.194331824400434172e-01 1.741114711878495244e-02 1.240444078541051154e-01 1.297980015064822967e-01 1.322481341252622344e-01 1.338473873652841206e-01 1.320882298357483609e-01 1.218372524341809482e-01 9.998165729363678311e-02 6.825438958131488376e-02 8.670630065855433610e-02 1.188889015325799714e-01 1.380187597353578211e-01 1.428901798117759581e-01 1.399298269445222176e-01 1.365480000901269919e-01 1.334564605190998177e-01 2.173833547346486553e-02 1.115504700524017068e-01 1.047836870017592459e-01 9.489578566814245442e-02 9.593405915696048836e-02 9.865202836361000593e-02 1.130747506019105231e-01 1.192804017416310841e-01 6.375390721134396865e-02 9.537713394095401198e-02 1.008990710247441996e-01 1.047960629767985125e-01 1.089296016968617636e-01 1.135004428355678441e-01 1.184686719411541106e-01 1.234006939265963609e-01 1.281212146917351247e-01 1.306724913586190806e-01
1.247610442701521521e-01 1.306889772990160736e-01 1.302689264762380006e-01 1.763660653108107754e-02 1.272456312927545130e-01 1.294605300545054460e-01 1.371499725003412773e-01 1.436263026426273237e-01 1.441122923850813586e-01 1.305779174746142246e-01 1.112979971025557929e-01 7.365208830707953291e-02 9.116832130715017690e-02 1.257379711524311827e-01 1.336086499713891595e-01 1.336407339562340479e-01 1.281262678088456453e-01 1.190163745533507067e-01 1.081815071764223590e-01 2.087288494498000871e-02 1.148430330428484025e-01 9.900864914824097918e-02 1.035672364856561889e-01 1.037584569328370010e-01 1.056751756608825532e-01 1.118332225638486166e-01 5.935670104522874219e-02 9.221760296518262401e-02 9.606575847017158332e-02 9.855351070963411231e-02 1.019848832699935259e-01 1.063298778506098358e-01 1.114864195565481025e-01 1.173068200067543670e-01 1.233254646090063689e-01 1.286016412299314793e-01 1.304431424799464279e-01
1.131544167306503951e-01 1.294432146619680368e-01 1.362273387685290216e-01 1.693412579859892089e-02 9.786814273496027838e-02 1.086551154448079232e-01 1.174945250369736627e-01 1.240455438465840332e-01 1.278351432631657514e-01 1.304881129513265903e-01 1.184762711165138482e-01 7.681313782089276010e-02 8.454606558669830463e-02 1.201682562869940823e-01 1.322202910884524019e-01 1.333095855709690025e-01 1.291271897849387840e-01 1.230009377095720724e-01 1.159695453220804112e-01 1.983573174862058794e-02 8.608919590612647277e-02 9.986322238632468207e-02 1.202054871240344214e-01 1.181572105149077956e-01 9.907910201022965269e-02 5.287162592464229177e-02 9.249778755709367473e-02 9.363084416992392689e-02 9.958692471638981580e-02 1.076772448702225937e-01 1.149495973721428171e-01 1.218349327534261062e-01 1.285468907076723066e-01 1.351100134155509558e-01 1.403181239070986908e-01 1.438647717381678903e-01 1.368208040563473338e-01
1.131363895124136709e-01 1.104327850821725521e-01 1.223301193570046352e-01 1.663765398885868121e-02 1.073993866031162925e-01 1.140044875515453526e-01 1.200653155585026666e-01 1.254715051551233418e-01 1.284335349222516243e-01 1.262119130354079632e-01 1.109992590676306123e-01 7.036856805050320518e-02 8.250103812391210156e-02 1.182405294568958654e-01 1.317461788819446755e-01 1.339129660456538917e-01 1.307196092585947156e-01 1.255229506735622280e-01 1.191015919546240254e-01 1.773327055903575061e-02 3.327552718784194952e-02 3.824229815087196865e-02 4.174859844156841859e-02 4.311184386668572011e-02 4.482329314477837695e-02 6.430752600782571604e-02 7.050355620802779832e-02 7.588352186720115355e-02 8.134599036001474714e-02 8.692164214499591146e-02 9.290253151131384890e-02 9.948497561780093867e-02 1.069591795906976728e-01 1.163574118149384162e-01 1.258789481475911798e-01 1.375201812211617747e-01 1.705951956505597222e-01
1.134264522124462798e-01 1.036772029751660273e-01 1.019635386366433139e-01 1.593353874919589686e-02 1.118702304412377002e-01 1.182496257442403886e-01 1.234099243905344423e-01 1.276842395701562327e-01 1.291642879523187959e-01 1.244341320169914111e-01 1.069676553980642153e-01 6.582696569230428452e-02 8.244704018258204592e-02 1.178704225249363746e-01 1.319261510945063109e-01 1.346753326125330885e-01 1.318786596343183848e-01 1.267761237012566267e-01 1.196418343441653376e-01 1.790576544292115171e-02 9.142341030675585345e-02 8.443358518030975868e-02 1.000610558155256014e-01 1.113957997744421391e-01 1.233459774741366005e-01 1.310075097853689585e-01 1.352837316259710154e-01 1.394551381435646664e-01 1.436317509225172873e-01 1.475164895043398483e-01 1.509796911640727823e-01 1.538399630317027755e-01 1.558711017488687289e-01 1.554607629504135280e-01 1.607245799257867591e-01 1.600058602322413093e-01 1.426662072102501122e-01
5.909886047178787571e-02 5.391393717920341111e-02 4.599069085339184404e-02 1.396420619879403836e-02 1.153389555866052574e-01 1.217655927994066162e-01 1.265443901331090859e-01 1.298818603038469632e-01 1.299396204237734109e-01 1.232576826276586546e-01 1.036507055684101203e-01 6.122180096109595265e-02 8.262270922962286490e-02 1.177053907579486136e-01 1.321803790838426695e-01 1.354134276927869140e-01 1.328884116258503556e-01 1.277621041061097473e-01 1.201600513540997256e-01 1.868277586910025573e-02 1.101460138098717678e-01 1.023035331399531900e-01 9.242651900173566581e-02 9.892425015465912408e-02 1.102208790415901696e-01 1.216108307127477112e-01 1.292311704927760208e-01 1.357502526136346033e-01 1.416546121253277057e-01 1.468025376782800817e-01 1.510443370011835262e-01 1.542252755714313139e-01 1.561446385863522746e-01 1.565653840602116986e-01 1.562272996071085995e-01 1.551499954109188117e-01 1.477652375043491673e-01
1.035348966574049373e-01 8.715436411238081105e-02 9.824323713607832631e-02 1.535006714104021272e-02 1.194331747429037832e-01 1.259490274578169422e-01 1.296977880860968324e-01 1.316306515985893044e-01 1.299954530076208314e-01 1.211751116714596677e-01 9.863810764320994628e-02 5.780383882399205836e-02 8.133085575391199584e-02 1.165955530851038036e-01 1.319716121074515358e-01 1.360971671630778757e-01 1.341465230551406873e-01 1.292003767295696604e-01 1.214012313989835390e-01 1.883502317554803726e-02 1.119643349053831144e-01 1.108342711903286953e-01 1.058982219011277010e-01 1.009245333474042966e-01 9.723872707928774006e-02 1.020887290930001662e-01 1.135882004325549505e-01 1.228593889511726822e-01 1.312971720865673542e-01 1.382330024571631899e-01 1.435347373413717320e-01 1.471001860389749283e-01 1.487549454484425604e-01 1.483573912709897358e-01 1.459729609461610511e-01 1.412925465587431817e-01 1.340698383109809044e-01
9.689586816270220893e-02 1.023994273053508708e-01 1.068830592342665808e-01 1.597002389105668316e-02 1.256618634138593760e-01 1.299729570805428780e-01 1.304660154462071731e-01 1.298420534787515790e-01 1.260012382635691819e-01 1.148926364681052831e-01 9.739509161047313346e-02 6.976580837521191569e-02 7.602876738562862335e-02 1.131031191641410361e-01 1.305098304556779054e-01 1.365474253479675437e-01 1.359661680247224724e-01 1.317218503442807997e-01 1.238252643887115256e-01 1.881778594652239178e-02 1.092175495304852362e-01 1.098182224887645775e-01 1.050246409782786827e-01 1.062308704000763243e-01 1.071978940935005981e-01 1.074841484436829531e-01 1.079969971790482874e-01 1.086595922540368464e-01 1.096758044319240122e-01 1.189621336559275738e-01 1.254795127290111167e-01 1.293120951168683919e-01 1.301982470905732325e-01 1.279302874985243088e-01 1.225583702264922970e-01 1.141281972023491104e-01 1.030300527017132955e-01
