output_new_topo_ddd_6/finaltopo_topographic__steepest_slope.asc
ncols 300
nrows 100
xllcorner 0.0
yllcorner 0.0
cellsize 10.0
[rows 51 to 67 of 100, columns 148 to 184 of 300]
1.034999235166447207e-01 9.273316432977876667e-02 1.142906521375272461e-01 1.283837635629059004e-01 7.066091669934451702e-02 1.173591116306133414e-01 9.660673967882602020e-02 1.171144440246473795e-01 1.295789588495139810e-01 1.222504585760391949e-01 1.190724797517217909e-01 1.303242364579430268e-01 1.507366641948181540e-01 1.205937001892170429e-01 1.168733978700091727e-02 1.158853664171708396e-02 1.105111610683442436e-01 1.405821137420203704e-01 1.360338636893930753e-01 1.277970864051354849e-01 1.050756717615324853e-01 1.084990028611599600e-01 8.606104745814721624e-02 1.179049381250079492e-01 1.160318988137966495e-01 1.214962240668007176e-01 1.248692316219365689e-01 1.258272226475801447e-01 1.250192598905285057e-01 1.247094012982703920e-01 1.284057311599359485e-01 1.350880734841591047e-01 1.413603680162996423e-01 1.466004997622371020e-01 1.515380361949192622e-01 1.551559958139716033e-01 1.574339079837878685e-01
1.158203573663234703e-01 9.066060255493049724e-02 1.097523984139673336e-01 1.259665502405222515e-01 6.672088648390275822e-02 1.073668451863257906e-01 1.041773837823027904e-01 1.305057114315026079e-01 1.177252136542119160e-01 1.158859706930549238e-01 1.139121869042508395e-01 1.313639610856774942e-01 1.166865290831362173e-01 1.308690578515916622e-02 8.769889832669849894e-02 1.163945061922420920e-01 1.393111213125922399e-01 1.358643042077381236e-01 1.374544054139380245e-01 1.306098333846536508e-01 1.109628901585271304e-01 1.101650944609710719e-01 1.008900724976466989e-01 1.216555766951382400e-01 1.233656303554723777e-01 1.257167169448233091e-01 1.287017907987045295e-01 1.305750175224476284e-01 1.312746600145776044e-01 1.320253632543874622e-01 1.339046407555013751e-01 1.377346183320700412e-01 1.424914688601137680e-01 1.473507886348991436e-01 1.509927030525991531e-01 1.534727745148339040e-01 1.529423761247238611e-01
1.245380671910124304e-01 9.697726864880200359e-02 1.056880112745415545e-01 1.251933520764664243e-01 6.281039278490059552e-02 9.633082579202950635e-02 1.119323634669372736e-01 1.334156069632649322e-01 1.126594778315854334e-01 1.089769873748468731e-01 1.074003911971334324e-01 9.373263140118578973e-02 1.280364972520031154e-02 9.770596869887331060e-02 1.162719600400230202e-01 1.116211369022383770e-01 1.278944823907558481e-01 1.360252582191401605e-01 1.374991861689454087e-01 1.334614679719917929e-01 1.179833192037876149e-01 1.199789035586031061e-01 1.413344139599415072e-01 1.077965893023194038e-01 1.269886809316264076e-01 1.318552493524969005e-01 1.339230777007807682e-01 1.354132270794032589e-01 1.362868053496185394e-01 1.369573899753087631e-01 1.384659631698947901e-01 1.406116210875570649e-01 1.433971406683434424e-01 1.461386526184682844e-01 1.482694066407571620e-01 1.477522466250964783e-01 1.437606498574236225e-01
1.475554906186841431e-01 9.947923198815054879e-02 1.017013369741152640e-01 1.201562832843108830e-01 5.842884001256613835e-02 9.670464886452302677e-02 1.243988489220143323e-01 9.733138763974853724e-02 1.125228070502805322e-02 9.768126869291826261e-03 9.705720428816811199e-03 1.098116371724042716e-02 1.028152712321708656e-01 1.254334065017078115e-01 1.208781410717003207e-01 1.223717218952306701e-01 1.270297251331074517e-01 1.341330104958469716e-01 1.373445868490643373e-01 1.354764843962762699e-01 1.246659915910664357e-01 1.216591042673599021e-01 1.332165981102001184e-01 1.163427411615202828e-01 1.460698246504285591e-01 1.402286380143480116e-01 1.398202193357222789e-01 1.399212743403580872e-01 1.398839548525895038e-01 1.396988475687708786e-01 1.398121212444724260e-01 1.408698385004901743e-01 1.418073039305517424e-01 1.421689904893729817e-01 1.409730013354282274e-01 1.369222504941994267e-01 1.268044759313607384e-01
1.265614487990095738e-01 8.283573122158699453e-02 1.025370990989317166e-01 1.110149183293907826e-01 5.300885421840995093e-02 6.785854153168910385e-02 1.075866532752811806e-02 1.183122392913755691e-02 1.092219145591327434e-01 1.139153238140603597e-01 1.098291706779360999e-01 9.289787163378884771e-02 1.331381941984433048e-01 1.281144487277972310e-01 1.296292892959612919e-01 1.298375733539578192e-01 1.319158170034990252e-01 1.357719688537561697e-01 1.383492139762899087e-01 1.370353583019270072e-01 1.296567910288006220e-01 1.201653264994980985e-01 1.313341087911464311e-01 1.290656923209986817e-01 1.507699776117923107e-01 1.472813988175480926e-01 1.438406253040154792e-01 1.421874266695759559e-01 1.403868740485791355e-01 1.383797325021370039e-01 1.364260342987869135e-01 1.349898789640220087e-01 1.341605947719761716e-01 1.319971771333981747e-01 1.271539313711265440e-01 1.177096013189733031e-01 9.989061106590868544e-02
1.012311517711320386e-01 7.819533152554762612e-02 1.169523190045412553e-01 9.737371922716624162e-02 9.725849994165286505e-03 1.094601374722232665e-02 1.046370845502830882e-01 1.468907976893555900e-01 1.605029157776022286e-01 1.197013402669247356e-01 1.158686932264123143e-01 1.064731638898207267e-01 1.398234333206662960e-01 1.383452299505493199e-01 1.368261461734636419e-01 1.371203498109220265e-01 1.378381038465263941e-01 1.392698048697781354e-01 1.406254963869693897e-01 1.391126901164548568e-01 1.329306951728791986e-01 1.200019146576669637e-01 1.291155734170580105e-01 1.366551506161829965e-01 1.513526331049549201e-01 1.475561476733951993e-01 1.429393897875539110e-01 1.384350526887447586e-01 1.343041728943786262e-01 1.293304820394574894e-01 1.239602423202152831e-01 1.192509241869077335e-01 1.153050175377531017e-01 1.104906011472009675e-01 1.017938767630305885e-01 8.712940894896568922e-02 6.085216012945331848e-02
7.987241156888753857e-02 9.440298590302959036e-02 9.260805663820326217e-02 1.211130973459255758e-02 9.447494949547881327e-02 1.272280429552511971e-01 1.424054606898376985e-01 1.306950819462661117e-01 1.391620477482432283e-01 1.222031601754867552e-01 1.217551979219212710e-01 1.193910261406267992e-01 1.465651571491315697e-01 1.457012702002608295e-01 1.440570479272234583e-01 1.430694183009339482e-01 1.430885187627807253e-01 1.429507284899369235e-01 1.422718737499519825e-01 1.401121701792959751e-01 1.340464794398903980e-01 1.231318472864974117e-01 1.226575279129026030e-01 1.372897666682341422e-01 1.414985463844883606e-01 1.385434937720815551e-01 1.326403826713563605e-01 1.249517213008792538e-01 1.162543329392923541e-01 1.064317112421667710e-01 9.501551465654999029e-02 8.540125825437139273e-02 7.878952488329421522e-02 7.145574355322267812e-02 7.441238172580855181e-02 6.421720101150900362e-02 7.288370792420648114e-02
7.421478176348381139e-02 7.601906230534974385e-02 1.206282436675443735e-02 1.092230766267372061e-01 1.304812094014553003e-01 1.204573045865731939e-01 1.327749701900320378e-01 1.339463075036080586e-01 1.306490156156052962e-01 1.204013126174832138e-01 1.260583824010412246e-01 1.304991752755793044e-01 1.517208961654309685e-01 1.506287867381499168e-01 1.487898205438972499e-01 1.470262640375860352e-01 1.455092628098316465e-01 1.442613904372996303e-01 1.416598438442115138e-01 1.371477240527655406e-01 1.300861882006508208e-01 1.192551250506288102e-01 1.060363206557616012e-01 1.210875576814974125e-01 1.205885260327045211e-01 1.162170909950390879e-01 1.077875861788072237e-01 9.503735839185849243e-02 7.999508813327145529e-02 6.246345563076310947e-02 7.897018922704965305e-02 1.043393931342727343e-01 1.096104023884377499e-01 1.118806968400614665e-01 1.069200652879152696e-01 8.930850764610835657e-02 8.413118196514247915e-02
1.658587619797486853e-02 1.071663975089399805e-02 1.146365450975750377e-01 1.413678885366033144e-01 1.319534640079695897e-01 1.283112861920603642e-01 1.285127554284667961e-01 1.296771736979259459e-01 1.263058623326107910e-01 1.156882981813307232e-01 1.249610416895990256e-01 1.365200267155534664e-01 1.525050507320696580e-01 1.510144025807604595e-01 1.488541110064145467e-01 1.463433836318353276e-01 1.434554041467243080e-01 1.399313784585147213e-01 1.352304285719715948e-01 1.273994568933554672e-01 1.161936840360460743e-01 1.022894701547021473e-01 8.751432550099118302e-02 7.834344827286010560e-02 8.198393939287240695e-02 7.616968717498601160e-02 6.320837570653899118e-02 6.475744688559252615e-02 8.411924293694568455e-02 1.022574296806411098e-01 1.201778991564943083e-01 1.415870413468045541e-01 1.362427397159125531e-01 1.360693122545565681e-01 1.287526062178607766e-01 1.086518846187453924e-01 7.691048863116728418e-02
9.530511083815291704e-03 1.114800365807337157e-01 1.423133482378213521e-01 1.328433817769915093e-01 1.281695694301886457e-01 1.238472450457354240e-01 1.217200316419616152e-01 1.208458388471275319e-01 1.184572203667083046e-01 1.119062531548956629e-01 1.155652129710972587e-01 1.345448957560149705e-01 1.427501765544056112e-01 1.428984129983194018e-01 1.406630873674508397e-01 1.372567350354648719e-01 1.329225512207607984e-01 1.270776920862096704e-01 1.185185135916252963e-01 1.055376935597530375e-01 8.661665821743066984e-02 6.437344519881417482e-02 6.746110031313286293e-02 7.718133611802571736e-02 7.944757471704202989e-02 8.144232549285276845e-02 9.363648118904813189e-02 1.049608174492213664e-01 1.154309238294786155e-01 1.253738400979571566e-01 1.349372682308434546e-01 1.476024739584413936e-01 1.513724159281915338e-01 1.508751288416992908e-01 1.433639713479289701e-01 1.240994239562933643e-01 8.557144937996817580e-02
9.085223945368561815e-02 1.263061250888335429e-01 1.186640696603819406e-01 1.134932754878460875e-01 1.081615906566655988e-01 1.038977201754779228e-01 1.014718899009600661e-01 1.007880857845371847e-01 1.004236589633004245e-01 9.869115335612188566e-02 9.496635901765396182e-02 1.141735162523708907e-01 1.222174841172664617e-01 1.218820582538818059e-01 1.188308125908134061e-01 1.139086495984924230e-01 1.080498073215084426e-01 1.000319394292021602e-01 8.732179636727591121e-02 6.671935652217694801e-02 6.781187857570278310e-02 9.865147860288807358e-02 1.207315275769619972e-01 1.144577434331491561e-01 1.110745518995523151e-01 1.114987866661532878e-01 1.180102376475829773e-01 1.228027388028550548e-01 1.276858860034348342e-01 1.324319397142058874e-01 1.362827672399788415e-01 1.409887748503386717e-01 1.597153500250508840e-01 1.591562881156140807e-01 1.521538442719824746e-01 1.347139840216915463e-01 1.009353678894595319e-01
1.064516879081338629e-01 1.033032303462724649e-01 1.036322840140508350e-01 1.059189564294835129e-01 1.068038763945289293e-01 1.079381495684801628e-01 1.107858567231952279e-01 1.112191814170849086e-01 1.061890157535470419e-01 9.541551620912877563e-02 7.882656888709141385e-02 7.732093476891439832e-02 8.590575546833244258e-02 8.358512698922182516e-02 7.638087384480950204e-02 7.538507443196987290e-02 8.142891730754828195e-02 7.893636972100505356e-02 6.885278578865765275e-02 7.594845349177131721e-02 1.071524090702376947e-01 1.283847085304352376e-01 1.581687074362246592e-01 1.304111418984971460e-01 1.204437760906466592e-01 1.235977072574748065e-01 1.268181558491100758e-01 1.280339177957152685e-01 1.296428425935182704e-01 1.315344432866371593e-01 1.321541659825122284e-01 1.312099545798776634e-01 1.626835973746332820e-01 1.624944496839778874e-01 1.560478630853125159e-01 1.416763882393889951e-01 1.131974032815822734e-01
9.479637532305584813e-02 1.279295752220612481e-01 1.263220428841147214e-01 1.269078608940594211e-01 1.265816777346698840e-01 1.279222477610085784e-01 1.389226008495259013e-01 1.416474238044190814e-01 1.367290464094546576e-01 1.272146950024123369e-01 1.123067143707904003e-01 9.266589677440789652e-02 7.679598303020788996e-02 8.533349837650731906e-02 1.080827939547738537e-01 1.147369832747808793e-01 1.143180620233307937e-01 1.055665388727534265e-01 8.728354381011235730e-02 1.022740508372615154e-01 1.297749732275827461e-01 1.478273865521256281e-01 1.434390786973462895e-01 1.489219686196317227e-01 1.289621500765292528e-01 1.268470761177717121e-01 1.276591823048423835e-01 1.267414482343685589e-01 1.263934224054232003e-01 1.271877429070851773e-01 1.268044939581304820e-01 1.208841058294616716e-01 1.622964290234042983e-01 1.619900509172746417e-01 1.570283971694677594e-01 1.454021405629111474e-01 1.219790953790116927e-01
1.132620503861451328e-02 1.082915020623180374e-01 1.388084794477616457e-01 1.334861563924391870e-01 1.317091913882457443e-01 1.389256459366473295e-01 1.629910163057102235e-01 1.574462766790514223e-01 1.507651811912549544e-01 1.427770030821684522e-01 1.260041251670125373e-01 1.010927444998547947e-01 9.567865593779867339e-02 1.165078836296807169e-01 1.320654435105913238e-01 1.378992782464089628e-01 1.342481907871672098e-01 1.209279781821002292e-01 1.019623591564510490e-01 1.151324899188131551e-01 1.401856461370028228e-01 1.525569518792728729e-01 1.356137859840966797e-01 1.529943699763686438e-01 1.310969522951762889e-01 1.251520896252912851e-01 1.246543984586633569e-01 1.223902688277874462e-01 1.206086919967084697e-01 1.216064145609141861e-01 1.228968854377885805e-01 1.108893220152658843e-01 1.593141262986315643e-01 1.596864894277382763e-01 1.551201474266378222e-01 1.461327260318807664e-01 1.270777469172530705e-01
1.122286434911808628e-01 1.150200753535499977e-02 1.102558002665904036e-01 1.373667047771773009e-01 1.308535541612146358e-01 1.217397858434748348e-01 1.147365168052729700e-01 1.231531738042148660e-01 1.290322258446954251e-01 1.272021548234317234e-01 1.140380802863575072e-01 8.840722292006431005e-02 1.123381165282550526e-01 1.303855723602660999e-01 1.358751542594212880e-01 1.508897347283778001e-01 1.463142985040084831e-01 1.293115609215917672e-01 1.073227871998284344e-01 1.200553486607210812e-01 1.443517304781612443e-01 1.548739849570676674e-01 1.257754924352903758e-01 1.516272396502308106e-01 1.294043599426682734e-01 1.212919231814396370e-01 1.201913876702956629e-01 1.169487618513667115e-01 1.134316339174898103e-01 1.152355372357364571e-01 1.228675243154022240e-01 1.006885924435971802e-01 1.593334061166670479e-01 1.532235071476258648e-01 1.505524111575450852e-01 1.448121985215289897e-01 1.306674018024087669e-01
1.323512773602026071e-01 9.941519801574631721e-02 1.046658936159979014e-02 1.105339010488374518e-01 1.107613048382260212e-01 1.336834396812228987e-01 1.314182224713084379e-01 1.300526734236411852e-01 1.267761852496869790e-01 1.166527050011914868e-01 9.274810314419923429e-02 9.636239403402950543e-02 1.227770063061091876e-01 1.385778563606379632e-01 1.298551731164789003e-01 1.611072141906143007e-01 1.522024480338023122e-01 1.327887989748100239e-01 1.073861909550107158e-01 1.203092600535723561e-01 1.447441681448730089e-01 1.544275675307788254e-01 1.165340724353917806e-01 1.478126413532485639e-01 1.256442724625986274e-01 1.169617630617448556e-01 1.156035901526655252e-01 1.116462099655675944e-01 1.049766898502781515e-01 1.180283653149067219e-01 1.297219110484832127e-01 1.007551158543057990e-01 1.412158003524849603e-01 1.418079884368668719e-01 1.462319601653163659e-01 1.444156921987987396e-01 1.339509664191397553e-01
1.029899845654952684e-01 1.096048406760154748e-01 6.525437605227564497e-02 1.110808435853501315e-02 1.430515497166306993e-01 1.386056864695515145e-01 1.345382285099372410e-01 1.298229882009881153e-01 1.202015490736684511e-01 1.020401253905163230e-01 8.491606061348880297e-02 1.107135041480273030e-01 1.331785430599366493e-01 1.489492400142417294e-01 1.210455943913629484e-01 1.643259410551252131e-01 1.505961102836056720e-01 1.331089521117826691e-01 1.042228326177886133e-01 1.179252455062429067e-01 1.430539635166897250e-01 1.525121581436891249e-01 1.082577273740502888e-01 1.429100724328646599e-01 1.208007436271427149e-01 1.130625645274003360e-01 1.115021792854863081e-01 1.075795021278818098e-01 1.013604327904403107e-01 1.136804216749956881e-01 8.512597047608157219e-02 1.380959925816354628e-01 1.368205484543626449e-01 1.413384621031195942e-01 1.451951199333608444e-01 1.450816106621100054e-01 1.375413334638406204e-01
