output_new_topo_ddd_6/finaltopo_bedrock__elevation.asc
ncols 300
nrows 100
xllcorner 0.0
yllcorner 0.0
cellsize 10.0
[rows 0 to 16 of 100, columns 222 to 258 of 300]
6.634641463353864177e-01 2.302848708860651961e-01 5.150519977728184040e-01 1.586828348921588416e-01 4.980416481308139742e-01 9.960475001048368915e-01 9.233475435727866998e-02 6.773902597342253973e-01 5.101146345145131100e-01 2.107480761774771505e-02 4.134364357765382136e-01 7.038028341519411146e-01 9.430426148129561481e-01 1.938061158377347715e-01 5.203196543288136633e-01 5.807544021500455900e-01 4.512361387667066515e-01 8.130696849068546062e-01 6.603585264776218322e-01 9.455328379440108844e-01 7.732336775463934941e-01 5.235267732651589512e-01 5.967261040474842737e-01 3.514879796821993585e-01 6.042204206867569649e-01 2.328627607137148114e-01 4.467210856272388897e-01 9.511053733337623273e-01 9.934241088262791841e-01 8.377332268807752280e-01 3.452790364814461999e-02 7.443424591943981206e-02 8.612925274602434289e-02 7.889168793203938934e-01 2.471921048371528151e-01 4.985516601428241490e-01 6.052044915865419927e-01
4.539284257353360630e+01 4.554617581408214022e+01 4.573711141975739736e+01 4.595679872271960420e+01 4.622775511119188963e+01 4.640600377117439734e+01 4.628507615825498078e+01 4.583923924839184139e+01 4.518180979076466741e+01 4.439904475877057166e+01 4.355185037279034788e+01 4.267931802581368572e+01 4.180431622565793504e+01 4.093881103603866478e+01 4.008814470798570540e+01 3.925420630756137541e+01 3.843768493853087875e+01 3.763967021099997368e+01 3.686287753813084578e+01 3.611279350421148138e+01 3.539914651784066990e+01 3.473855384517040079e+01 3.416066327528326951e+01 3.372248955472954890e+01 3.353838930106688565e+01 3.358687374589320029e+01 3.381942024412310133e+01 3.400702706093974115e+01 3.410839543027858412e+01 3.414683472127455843e+01 3.421600024122977146e+01 3.439915766460824642e+01 3.475927678099740348e+01 3.517189006273662244e+01 3.552008948440484914e+01 3.565983587717822445e+01 3.543582622654287206e+01
4.465653078044332602e+01 4.483367955340809630e+01 4.503238423776517863e+01 4.522968319723661068e+01 4.562962258900208212e+01 4.594199381072444766e+01 4.584792417908141715e+01 4.531179892093386030e+01 4.458380034583536400e+01 4.375024401026603726e+01 4.286991883515786839e+01 4.197743354187817744e+01 4.109127754657826159e+01 4.021987459823029809e+01 3.936594710473041658e+01 3.852953086864336996e+01 3.770999323180625851e+01 3.690736912977258299e+01 3.612328181572812724e+01 3.536166273371029689e+01 3.462941293081449601e+01 3.393702631219744603e+01 3.329950418322791705e+01 3.274115137410274912e+01 3.257689586403818538e+01 3.266259987957579369e+01 3.311455953587370260e+01 3.332014467159213211e+01 3.341027774733156974e+01 3.338465918314368963e+01 3.339324102480029666e+01 3.352819658268537495e+01 3.401607023436064736e+01 3.453681089457818132e+01 3.500580209334941628e+01 3.520414226302931127e+01 3.494430259542303219e+01
4.355343439283650042e+01 4.376211124224361981e+01 4.397725595376020635e+01 4.415912081094286634e+01 4.476681314471873208e+01 4.520917569357879984e+01 4.515529885030264268e+01 4.456519495808083775e+01 4.370468782147547415e+01 4.278614196768457134e+01 4.185070661117421764e+01 4.092500527876872951e+01 4.002019493497862612e+01 3.913895534065715509e+01 3.827979638248859828e+01 3.743977085033387908e+01 3.661612170965936741e+01 3.580723501541440612e+01 3.501316690052672698e+01 3.423593428441061803e+01 3.347965248822112727e+01 3.275029734602662046e+01 3.205310445299707567e+01 3.136253444422198555e+01 3.113044240585733036e+01 3.134827482263460396e+01 3.204866070117397925e+01 3.230224582928342869e+01 3.238504832237836695e+01 3.224643997092184833e+01 3.215481411120052968e+01 3.227262974229040537e+01 3.294121546642353593e+01 3.363997131265860929e+01 3.425353297763485472e+01 3.445326127968939289e+01 3.423025973965521018e+01
4.231087778184373605e+01 4.254763690471629189e+01 4.278793420065260733e+01 4.299731245869145368e+01 4.378630984113452485e+01 4.434489246517360783e+01 4.432907435855097589e+01 4.370515714026942788e+01 4.276429267087941355e+01 4.171429794891628973e+01 4.070396116955969035e+01 3.973362230706928955e+01 3.880425148630936860e+01 3.791069598655725059e+01 3.704586040046627460e+01 3.620288272884425140e+01 3.537628250325853685e+01 3.456245447149098737e+01 3.375976638480580760e+01 3.296845276544654268e+01 3.219044347278405382e+01 3.142929028317676199e+01 3.069112633148161962e+01 2.999566841071259304e+01 2.937015735631327473e+01 2.992639331114013501e+01 3.086973180913064496e+01 3.116985841556850900e+01 3.125784894291442484e+01 3.098170087066606726e+01 3.072161912576578757e+01 3.095165660033594790e+01 3.184228431407195004e+01 3.269694101365271166e+01 3.338445608809323772e+01 3.355640045707714592e+01 3.335496629210923203e+01
4.104778587328358697e+01 4.130076081750227246e+01 4.156441810644385981e+01 4.184645705385512571e+01 4.279482509008939672e+01 4.344654410670941047e+01 4.345032781782504117e+01 4.279755683230764873e+01 4.180130355967056488e+01 4.067526117931957685e+01 3.955350213475245624e+01 3.852537865404202222e+01 3.756476067404486940e+01 3.665647214095019990e+01 3.578618665669996091e+01 3.494205206263404762e+01 3.411518700803016202e+01 3.329965791191230551e+01 3.249211775455285789e+01 3.169128541615050310e+01 3.089742103561856723e+01 3.011187787935259763e+01 2.933668632315003677e+01 2.857359445518556740e+01 2.777237681718988682e+01 2.884347007970928800e+01 2.972403035809306715e+01 3.002673293316750858e+01 3.012599037975568450e+01 2.986521010547137678e+01 2.910988668324100104e+01 2.990222063257377272e+01 3.082689104427252147e+01 3.174730915112700558e+01 3.246250517735501973e+01 3.259833316552291649e+01 3.241134129852575541e+01
3.981879424510108834e+01 4.007161646560546586e+01 4.033536472117641836e+01 4.074098363598857020e+01 4.188961316969498228e+01 4.258217303392383002e+01 4.257025990173857366e+01 4.188053713979162040e+01 4.084074789540965611e+01 3.966489685270852306e+01 3.848311379632239237e+01 3.736822473906013897e+01 3.636712214885422156e+01 3.544031429071895900e+01 3.456448429508418485e+01 3.372138851920647085e+01 3.289778333854484060e+01 3.208485962502358291e+01 3.127742627758252070e+01 3.047293996988265974e+01 2.967058393257219961e+01 2.887053841030513013e+01 2.807332704659379274e+01 2.727895378224688017e+01 2.644240906820360237e+01 2.764561285532926860e+01 2.857647347880893918e+01 2.891758518222173535e+01 2.912092852884730121e+01 2.857116353682882348e+01 2.786822426788215878e+01 2.882959729431829743e+01 2.983976569314940264e+01 3.080252801025443787e+01 3.152611289997729571e+01 3.162229771955834323e+01 3.144447966238699266e+01
3.864362921405042783e+01 3.888429248798279758e+01 3.905915148172465479e+01 4.010244244643072165e+01 4.112507557244798306e+01 4.178120703159171256e+01 4.171259302890273801e+01 4.097244944900867125e+01 3.989249327951004176e+01 3.868242483542114485e+01 3.746506319227111703e+01 3.630791433547965141e+01 3.524333064010432537e+01 3.429150952017057818e+01 3.340856076313370693e+01 3.256832444267411120e+01 3.175182359485268435e+01 3.094638828026556254e+01 3.014451527791735685e+01 2.934246398105386433e+01 2.853880244577028336e+01 2.773325782238901738e+01 2.692600702033059790e+01 2.611751726571639765e+01 2.526625644551211280e+01 2.650710444580313663e+01 2.743857840347971688e+01 2.784900182843251670e+01 2.811763726348911874e+01 2.761187801436211586e+01 2.674035294755321956e+01 2.781932287927818948e+01 2.888660463918022003e+01 2.987650675580357529e+01 3.059449835067353618e+01 3.064694526571008737e+01 3.047443707314265993e+01
3.752314061121985134e+01 3.776513297150987825e+01 3.805581238778312780e+01 3.933799401887809921e+01 4.044081516767811735e+01 4.103316662754375699e+01 4.087418229918733914e+01 4.007404278202145065e+01 3.895669398791012128e+01 3.772172149486298309e+01 3.648444063940035420e+01 3.530597288222188723e+01 3.421475985109911733e+01 3.321945984060781853e+01 3.232496428220377283e+01 3.148799210193351783e+01 3.068230937138144654e+01 2.988975161532006553e+01 2.909932550114849548e+01 2.830570610814097776e+01 2.750714061891892115e+01 2.670345920993532474e+01 2.589481461707728016e+01 2.508176594875125431e+01 2.422345264859380976e+01 2.542854025540161800e+01 2.620667351616938134e+01 2.707573857508744908e+01 2.721919386722927925e+01 2.666210520772221315e+01 2.573337081882737465e+01 2.686590669649518759e+01 2.797066700647050297e+01 2.897503964408902988e+01 2.967636936235370015e+01 2.967721109793804857e+01 2.950286080121635024e+01
3.643887676312904489e+01 3.661128812300328406e+01 3.785284660748752827e+01 3.897508470680052994e+01 3.988868220553203514e+01 4.031231560256816948e+01 4.002935724369292103e+01 3.917195531869240455e+01 3.802507846773170996e+01 3.677452308636621581e+01 3.552779549041262896e+01 3.434136781701493391e+01 3.324008189720780138e+01 3.223055352751372737e+01 3.130912929330732553e+01 3.047269198579424909e+01 2.968051222997955918e+01 2.890690628963041320e+01 2.813491933642759690e+01 2.735614743919118652e+01 2.656843744816443831e+01 2.577245801007475379e+01 2.496902096778625690e+01 2.415825533780172307e+01 2.329977165311611742e+01 2.434767881722857297e+01 2.551752607136796769e+01 2.628741844067815947e+01 2.637216763520903839e+01 2.576798108168953050e+01 2.479293355119280307e+01 2.596129627036759757e+01 2.709070590522081901e+01 2.810112969536845640e+01 2.877777206685322398e+01 2.871222876614906738e+01 2.851493316262958544e+01
3.533923872664655619e+01 3.651904331903494949e+01 3.763541787853243648e+01 3.862523844545146545e+01 3.935460006030456270e+01 3.957220842408097639e+01 3.910857495145985041e+01 3.824341094883806846e+01 3.708493915267099084e+01 3.583081577951488583e+01 3.458417629153695572e+01 3.339862618513034676e+01 3.229718446241225394e+01 3.128513958997843858e+01 3.035854114523710123e+01 2.950884664856524608e+01 2.872931265842881743e+01 2.798094694213740752e+01 2.723687792530923346e+01 2.648140210749337342e+01 2.571059161762743983e+01 2.492686763109408332e+01 2.413329694472980691e+01 2.333110754376635398e+01 2.247225176583190631e+01 2.371856018686094103e+01 2.480241699278868239e+01 2.553050309853967548e+01 2.556615630717291054e+01 2.491985536597681161e+01 2.390411068867947364e+01 2.509865588597451591e+01 2.624557014699548319e+01 2.725963126847760165e+01 2.791206774486101239e+01 2.774779869268062527e+01 2.746854588525034657e+01
3.460795957328614492e+01 3.588772765446916679e+01 3.700758682111571574e+01 3.798098836640020437e+01 3.870469303918194726e+01 3.881085921630516111e+01 3.822813124485064407e+01 3.725565479675258729e+01 3.612566439401813057e+01 3.488133920451041092e+01 3.364429273758690897e+01 3.246699040410400272e+01 3.137173886054495497e+01 3.036337261565115497e+01 2.943803290482534507e+01 2.858882712242841961e+01 2.780796209295025889e+01 2.708734782223338300e+01 2.638428200345716945e+01 2.566597206600109971e+01 2.492065858911512777e+01 2.415333876488105602e+01 2.337194190137394756e+01 2.258130790813142497e+01 2.173706224894311489e+01 2.302259785734142383e+01 2.410068667918820395e+01 2.479964068851153769e+01 2.479402415028904372e+01 2.411043425100114135e+01 2.305842216105964937e+01 2.427301134796276827e+01 2.543419607408964467e+01 2.645848319274167437e+01 2.712657818477635630e+01 2.706403105097249551e+01 2.620779613369777650e+01
3.391416151288583336e+01 3.514540750200650621e+01 3.627040106478740000e+01 3.732129355524588732e+01 3.803804863562928773e+01 3.805414127825922321e+01 3.737256795638477769e+01 3.632234645525208805e+01 3.512407144498939715e+01 3.391894632055880976e+01 3.270058008718054765e+01 3.153849715251583774e+01 3.045487581260729115e+01 2.945443792373651348e+01 2.853311870311652854e+01 2.768485769617921832e+01 2.690624947781632059e+01 2.619614530464363256e+01 2.554545608076827889e+01 2.488996657322614325e+01 2.418656364013752480e+01 2.344116846819532896e+01 2.267279685324648852e+01 2.189291046727570134e+01 2.105998599969235130e+01 2.235653331055327087e+01 2.342410099111876320e+01 2.409499588096134914e+01 2.405119291925305447e+01 2.333421566068650321e+01 2.224984488779077552e+01 2.347884722111886546e+01 2.464996309944127972e+01 2.568411613311156216e+01 2.636274995837211677e+01 2.632186487768732519e+01 2.556072718189666304e+01
3.325443858868226243e+01 3.432752998634445873e+01 3.556599801403799432e+01 3.671692764233075934e+01 3.740886572085253903e+01 3.732339152009299710e+01 3.654516580932631342e+01 3.542317770950918288e+01 3.417496122298772576e+01 3.292499218707092723e+01 3.174714704606369509e+01 3.060685318968231527e+01 2.954037696651613487e+01 2.855254533908602355e+01 2.763879634340826286e+01 2.679194779348571132e+01 2.600912220318225465e+01 2.529681913581262265e+01 2.466895438868865043e+01 2.411848430257353471e+01 2.349785382303169712e+01 2.278368849203397417e+01 2.202809916770435095e+01 2.125693164754454756e+01 2.043307463493610143e+01 2.172657100517849216e+01 2.277528964475332174e+01 2.341386530060350069e+01 2.333280888409572995e+01 2.258659552818671301e+01 2.147399611905817096e+01 2.270895665083178017e+01 2.388437297908740220e+01 2.492952324320752666e+01 2.561570922547805296e+01 2.558133971754847735e+01 2.483988988719917401e+01
3.263246858402676764e+01 3.393428007756009634e+01 3.518919747259496944e+01 3.625114761009143649e+01 3.685116898019545317e+01 3.662421135517314497e+01 3.574366049077965357e+01 3.455186836899029856e+01 3.325693097826569300e+01 3.197600059361095504e+01 3.076869700523197793e+01 2.966682054271272406e+01 2.862281349624341331e+01 2.765294766127506065e+01 2.675263890774507658e+01 2.591280030576690407e+01 2.512672651479423180e+01 2.439860619805725861e+01 2.374925653647440171e+01 2.322467848109448596e+01 2.285235633000797861e+01 2.218152201924275602e+01 2.143448221639124540e+01 2.066777017210580425e+01 1.985059103480809384e+01 2.113034161207982820e+01 2.214991113693177738e+01 2.274840192902514957e+01 2.263124668579237664e+01 2.186287314884448918e+01 2.072840678518936386e+01 2.194761554831989159e+01 2.312753556761509088e+01 2.419959144686125185e+01 2.489048847635750406e+01 2.484594444437850669e+01 2.410193530367413217e+01
3.200895955265257697e+01 3.362975841717287295e+01 3.497834355393329986e+01 3.599345326385262922e+01 3.635412187174232201e+01 3.591304524841012835e+01 3.495355423455596622e+01 3.369861676459376554e+01 3.236072564656708295e+01 3.105158940070840501e+01 2.982632378055932065e+01 2.870551865399635005e+01 2.769697363810435675e+01 2.674996075415922903e+01 2.586964248100169073e+01 2.504651166755621361e+01 2.426893440263860313e+01 2.353187832070818075e+01 2.284730569395141231e+01 2.222940369974848096e+01 2.232624377807074012e+01 2.165273914303170599e+01 2.089390111033213060e+01 2.012235134904359057e+01 1.930773886917129900e+01 2.056217446153625517e+01 2.153835062327944883e+01 2.208237761917642317e+01 2.193310993622420213e+01 2.115666538827435872e+01 2.001360953308770618e+01 2.112455614398047032e+01 2.238413288332903406e+01 2.352509747965691744e+01 2.419744403544721578e+01 2.412460511560528786e+01 2.335140647280212889e+01
3.232294165744946923e+01 3.367403194770842845e+01 3.489835912888295866e+01 3.577089168566183019e+01 3.589524586065918754e+01 3.522702885371901971e+01 3.414396749346052928e+01 3.285223064248506830e+01 3.147615039256272595e+01 3.014142465667347892e+01 2.890099724871929610e+01 2.777149904888168663e+01 2.675159286713570239e+01 2.583761222324557494e+01 2.498182237553051621e+01 2.418393803622009486e+01 2.343120852889376238e+01 2.270754208612834191e+01 2.200793410718592824e+01 2.133028092254558672e+01 2.169323979350971143e+01 2.130370944589866511e+01 2.040497457686655380e+01 1.962084558571319093e+01 1.880040414788829395e+01 2.001490628045048226e+01 2.092694896552034578e+01 2.138123120852036863e+01 2.121465256597048210e+01 2.045612650544576283e+01 1.932540945783901876e+01 2.076588710956940176e+01 2.196446743461880757e+01 2.290418228052216065e+01 2.353549924740640975e+01 2.343070669171285658e+01 2.261348706215359528e+01
