output_new_topo_ddd_6/finaltopo_topographic__elevation.asc
ncols 300
nrows 100
xllcorner 0.0
yllcorner 0.0
cellsize 10.0
[rows 51 to 67 of 100, columns 222 to 258 of 300]
1.875340764986387043e+01 1.893567996017406685e+01 1.877159996303419121e+01 1.814975126447164300e+01 1.720807322565947572e+01 1.608905285224145487e+01 1.485551150566833201e+01 1.362703006761949354e+01 1.312200181972821333e+01 1.267025240415503440e+01 1.234717487400885005e+01 1.314539950298921767e+01 1.403394024931085760e+01 1.499140540951406031e+01 1.598623499447393215e+01 1.703940063674411221e+01 1.814731771004399619e+01 1.930445775149388155e+01 2.050352401385455892e+01 2.173247968247783390e+01 2.295961340936333528e+01 2.411410721779491695e+01 2.505811606869637487e+01 2.554945178306473252e+01 2.527145366300591434e+01 2.440494354436695090e+01 2.324285215983884001e+01 2.197827156179238983e+01 2.073445125544122902e+01 1.957790382183917544e+01 1.845237414376448370e+01 1.737912297084157132e+01 1.633654618866810537e+01 1.534021528389190792e+01 1.440002340620398158e+01 1.344252924962659357e+01 1.247524963790544028e+01
1.753637442414954961e+01 1.813686111785209221e+01 1.819011757931533779e+01 1.784378033726801149e+01 1.721855677693733355e+01 1.635381850287526362e+01 1.547807295179051756e+01 1.459441169208378497e+01 1.384064844578218256e+01 1.300974434197035201e+01 1.204625681489451949e+01 1.297461281827195378e+01 1.390644220215421001e+01 1.488146645825968051e+01 1.589906228926495224e+01 1.696290192726211998e+01 1.807458568440693014e+01 1.923460884740601884e+01 2.043946705856194512e+01 2.167661767650492166e+01 2.291419024848379138e+01 2.408392372519598368e+01 2.505399842848074599e+01 2.558915639870409819e+01 2.535658281848620632e+01 2.448766307077903903e+01 2.331744588379776673e+01 2.204011247137747276e+01 2.075954278596136504e+01 1.951951287217067588e+01 1.832346387257324949e+01 1.717369497768082454e+01 1.606641469620284823e+01 1.499993344231226722e+01 1.417832477270674296e+01 1.320540112930532572e+01 1.225519751409300184e+01
1.688582711059536479e+01 1.717669442069582786e+01 1.731382883016972229e+01 1.722604134129774778e+01 1.675207859172741820e+01 1.618330188417537130e+01 1.549692111743252987e+01 1.474453206329087251e+01 1.390396549817888427e+01 1.293720841400672050e+01 1.180087075569581145e+01 1.276916174739122845e+01 1.374118728276922852e+01 1.475061427144180648e+01 1.579504208873326476e+01 1.687508842449012647e+01 1.799225933670229693e+01 1.915470269290810279e+01 2.036320873821969357e+01 2.160660536935569809e+01 2.285335436065037484e+01 2.403599077267215378e+01 2.502448209869663387e+01 2.558452997012796715e+01 2.537317132203986247e+01 2.450083250251078226e+01 2.331393508997761543e+01 2.200979699983948024e+01 2.069116303261233014e+01 1.940430312884231157e+01 1.816344208794974335e+01 1.696730114793334110e+01 1.580132088763956943e+01 1.463374789943122067e+01 1.341076204017753248e+01 1.232642694188482047e+01 1.138913454987685903e+01
1.706314581703436772e+01 1.595714636605874048e+01 1.623853497305371363e+01 1.629904327556934263e+01 1.603458151595430792e+01 1.541293531957020413e+01 1.487580292966778472e+01 1.426882068942977710e+01 1.360759993627374520e+01 1.273658220243964934e+01 1.155173126046489251e+01 1.257875080749909635e+01 1.360877974370961496e+01 1.466115908670108681e+01 1.572703336058490109e+01 1.681102381895095021e+01 1.790836811005585716e+01 1.906246728877904317e+01 2.027168319658064632e+01 2.152119694128325023e+01 2.277704168406684815e+01 2.397067476785511531e+01 2.497201895194176657e+01 2.554649980980910229e+01 2.534622918618274667e+01 2.446704619098610678e+01 2.326018563462729105e+01 2.192807811711803012e+01 2.057797799056410426e+01 1.926212640852052616e+01 1.800413404464057621e+01 1.681679545236546858e+01 1.571174513342588952e+01 1.465169839739992597e+01 1.366082026080618661e+01 1.286585978057260604e+01 1.198747910666666527e+01
1.714682951022834345e+01 1.609319905942325946e+01 1.506135753938372268e+01 1.524932509052508145e+01 1.501436119890674981e+01 1.447418739542228749e+01 1.386055182199636882e+01 1.337844614301043933e+01 1.283640205762590547e+01 1.221700187578200847e+01 1.130532096414901488e+01 1.250856613792395144e+01 1.363538567962734227e+01 1.472317864843260615e+01 1.576081030278492356e+01 1.681258068152134300e+01 1.777564116824121854e+01 1.893269519883310892e+01 2.015548533025056344e+01 2.141972748881109112e+01 2.268832234498198730e+01 2.389212217744210420e+01 2.490155229667944425e+01 2.548275513254638724e+01 2.529573700605376629e+01 2.441195923171579807e+01 2.318450903940100005e+01 2.182266204442936086e+01 2.043919277221298358e+01 1.908788241072159764e+01 1.779041951548163780e+01 1.655609685739430148e+01 1.557670268420291748e+01 1.455260355999507027e+01 1.360210512463020827e+01 1.273307202691715823e+01 1.188579334634034623e+01
1.712873139870026407e+01 1.611426841744556882e+01 1.516341268681983578e+01 1.423625475079604641e+01 1.370152561723071472e+01 1.319357988529985448e+01 1.269963167192499043e+01 1.222481050237586864e+01 1.178284956448218601e+01 1.138003267167903942e+01 1.107448281145293301e+01 1.233085125761638423e+01 1.340274111447511629e+01 1.439120454380091196e+01 1.510252631396562251e+01 1.618303492648848874e+01 1.747962559101000934e+01 1.874818257908924224e+01 2.002542695194761890e+01 2.131746107478763008e+01 2.260052138879514061e+01 2.381012435484872114e+01 2.481988729910367297e+01 2.538886924616734220e+01 2.524106707942923222e+01 2.436506521168679029e+01 2.311816834959737932e+01 2.172303553414904087e+01 2.030611589850077792e+01 1.892213132086075689e+01 1.757362597730989862e+01 1.621965850717630886e+01 1.475102826384595289e+01 1.373612340310767443e+01 1.280672257193822539e+01 1.193183001654337438e+01 1.109719401319163623e+01
1.815076016615802956e+01 1.722874284059313155e+01 1.638234191340350421e+01 1.563563160820236853e+01 1.501534231713021761e+01 1.443152963195107397e+01 1.385260341827943265e+01 1.327794046003104889e+01 1.264255337752556940e+01 1.185343934201949523e+01 1.085176260837245543e+01 1.171492639348738329e+01 1.262725648979510673e+01 1.360835328666878397e+01 1.492155563976968047e+01 1.614730453943587207e+01 1.740123368918040470e+01 1.862566233680291106e+01 1.986802903462201897e+01 2.113348172211121678e+01 2.238870229072692553e+01 2.356140513240870860e+01 2.452255769773248417e+01 2.522375092843823552e+01 2.521052923305943949e+01 2.436660660258148425e+01 2.309891398066118384e+01 2.164995606006106144e+01 2.019661096629689467e+01 1.882810114761701925e+01 1.757770150064951764e+01 1.642385684155813408e+01 1.577746037493248465e+01 1.486702072419111609e+01 1.398467050150475544e+01 1.307604840037209115e+01 1.218951142629233786e+01
1.901962513396675547e+01 1.820750411782498190e+01 1.744694012496042035e+01 1.674080602884690094e+01 1.607230425383235328e+01 1.540135413910198814e+01 1.471421762048220216e+01 1.389414763053511948e+01 1.291964418355725286e+01 1.184409475817705903e+01 1.064660717805880630e+01 1.170427169214034357e+01 1.261858993856610311e+01 1.355741633560575821e+01 1.460369739512635157e+01 1.567858695162758664e+01 1.673531308892854597e+01 1.788765000389655668e+01 1.910778845237106793e+01 2.039415463493824987e+01 2.169871515404476980e+01 2.292101397662805340e+01 2.411887540296906352e+01 2.503625289912209695e+01 2.529253632100281379e+01 2.476051436527663085e+01 2.367398823114810114e+01 2.237763710256930239e+01 2.107051342238777281e+01 1.989705755337208615e+01 1.879134146790439175e+01 1.773816409765128199e+01 1.679634525896723574e+01 1.586624704056503177e+01 1.487428177314970767e+01 1.387729762394989308e+01 1.289413756434922043e+01
1.951637698669087584e+01 1.881142368344462312e+01 1.813088677140217442e+01 1.744876842694062802e+01 1.673810372873028740e+01 1.595505290539247412e+01 1.502465605700516527e+01 1.398688007927802879e+01 1.285845360656670344e+01 1.167432158747904047e+01 1.043887635178488615e+01 1.114339317001097385e+01 1.190283522885709999e+01 1.273550126460302501e+01 1.364667136103519240e+01 1.462819746584157699e+01 1.568591909110238092e+01 1.682327006192535279e+01 1.804910242006249277e+01 1.943906315167087229e+01 2.085061074673102866e+01 2.230168300439650508e+01 2.369500561209232004e+01 2.482943199092560604e+01 2.538571407019815851e+01 2.510739268318415540e+01 2.421568947707339348e+01 2.309261656607640845e+01 2.199476964247743638e+01 2.089711419444505935e+01 1.974249533005324153e+01 1.860540800074235790e+01 1.748628783562834599e+01 1.631908566606453448e+01 1.516380238013948478e+01 1.403450699096486609e+01 1.292890008202679830e+01
1.926828298337858669e+01 1.870546262006737948e+01 1.813813046232924364e+01 1.750549544211415665e+01 1.678881104537229518e+01 1.596608337197972638e+01 1.498236493658053625e+01 1.389095236176590475e+01 1.272121273082503201e+01 1.150342967587724807e+01 1.023349887628636168e+01 1.126919376652320004e+01 1.224715406417844754e+01 1.325200276054625093e+01 1.425477239351956271e+01 1.529151804634486034e+01 1.637998899054016988e+01 1.752418217435120340e+01 1.871568978935059135e+01 1.981898750330032755e+01 2.110407424572852975e+01 2.244135517932885904e+01 2.374060729217378807e+01 2.484589879415109692e+01 2.550686159710969036e+01 2.540995888423531568e+01 2.469057379786963580e+01 2.375929768192133906e+01 2.263385464101182620e+01 2.137924244010542196e+01 2.010381288028900215e+01 1.883707188428317281e+01 1.758145399517900032e+01 1.633014013868593750e+01 1.510073606167526528e+01 1.392586424255514643e+01 1.277660016812534849e+01
1.834379584828364074e+01 1.789026386156468718e+01 1.749347586927934373e+01 1.693951304093131682e+01 1.625535265873604018e+01 1.546476030465081486e+01 1.461387811911796142e+01 1.361458486552919922e+01 1.251703662227419755e+01 1.134522980740568343e+01 1.002362762987807265e+01 1.103547351996504311e+01 1.204603551376505344e+01 1.308628053417874071e+01 1.415209556246453459e+01 1.524853141305087334e+01 1.638246777512910413e+01 1.755779382374927877e+01 1.877155530900174085e+01 2.000521235206872817e+01 2.128660292054455638e+01 2.258769000913226321e+01 2.384066618741867316e+01 2.491941348355900843e+01 2.561182700057618078e+01 2.561743395879980767e+01 2.500134702473658876e+01 2.399200857571560874e+01 2.279378899158675509e+01 2.151104454206224403e+01 2.021050339155720366e+01 1.891775483986524620e+01 1.763335997631975971e+01 1.634265617086781219e+01 1.500587864885815570e+01 1.386591517603026524e+01 1.279159377081691140e+01
1.695948590773213738e+01 1.667791280323025660e+01 1.653091302270494722e+01 1.606630815730717643e+01 1.542254213347731984e+01 1.464328189336542074e+01 1.377197100935194385e+01 1.284571852995155616e+01 1.178435017986218902e+01 1.072285564830653826e+01 9.802541414607928161e+00 1.093074303995218699e+01 1.199920803628804755e+01 1.307511732668070614e+01 1.417210065555569187e+01 1.529876057003039591e+01 1.646094760519260447e+01 1.766160608515773944e+01 1.889912006486954965e+01 2.016555557925817865e+01 2.145200940269873868e+01 2.272993854260542079e+01 2.393955028361512660e+01 2.497136859716059121e+01 2.563943239083610948e+01 2.567087548288058585e+01 2.504686290064297793e+01 2.403821815493217784e+01 2.284262270925138694e+01 2.157779095251364865e+01 2.031034034742432581e+01 1.907129309835627851e+01 1.787041112424609679e+01 1.671435300054451289e+01 1.580777638830125120e+01 1.472817282751113233e+01 1.352535675095734646e+01
1.527659088481629368e+01 1.526590114250347163e+01 1.527605030479818105e+01 1.509785810025158881e+01 1.449390856880532574e+01 1.372271065310354743e+01 1.284562137528782877e+01 1.190293743216326128e+01 1.086935370900235220e+01 9.472718654628693002e+00 1.042400377454615956e+01 1.121941349375440389e+01 1.220839880558068202e+01 1.325292441014202893e+01 1.434396764718658801e+01 1.547763110187530522e+01 1.665273408869670391e+01 1.786746213285283602e+01 1.911601233219795759e+01 2.038551852285910115e+01 2.165408261697983860e+01 2.288412449705367280e+01 2.401624478320364631e+01 2.495248259228404919e+01 2.553181642791494355e+01 2.559385570189228076e+01 2.503142140170405838e+01 2.406314780363120676e+01 2.289289594804981931e+01 2.165477440258498021e+01 2.043009601392175512e+01 1.926142970996354720e+01 1.814049748476968560e+01 1.707742508340541221e+01 1.608127815730911081e+01 1.509215370850420257e+01 1.443951715126457813e+01
1.497834152615536851e+01 1.380253620448337060e+01 1.391209465301671599e+01 1.390086593082221889e+01 1.362511366135023394e+01 1.282355836313961284e+01 1.193616575814962744e+01 1.097408955281587239e+01 1.007327034877881644e+01 9.240745024727310408e+00 1.035506953378773787e+01 1.137859196926688021e+01 1.241639619949912721e+01 1.348432714042808023e+01 1.458814484442854820e+01 1.573014240829259869e+01 1.691099195957826495e+01 1.812713657737511141e+01 1.936657455850278353e+01 2.060505578344863054e+01 2.180615293144965605e+01 2.291552512950905651e+01 2.388309031776034175e+01 2.460774573819530175e+01 2.516607375562269411e+01 2.533671423549689194e+01 2.495729955213292683e+01 2.407198157668466010e+01 2.292772923398606721e+01 2.168761683287776876e+01 2.046403068566648997e+01 1.940548871778662487e+01 1.834808208637393179e+01 1.733243431920522681e+01 1.638018912022623041e+01 1.547402886572728775e+01 1.466802328033268310e+01
1.476907810200875737e+01 1.362565246797259633e+01 1.247842854838909510e+01 1.262378390160690245e+01 1.258532045534419552e+01 1.204107816112072626e+01 1.111055610430322815e+01 1.013773577485496169e+01 8.921429527892893674e+00 9.883793519830852858e+00 1.068659980150407485e+01 1.167537870464843053e+01 1.270927850839262163e+01 1.378091066366166828e+01 1.488553012741460613e+01 1.602247539163601076e+01 1.719429625136528017e+01 1.839436338608440025e+01 1.959788584208842011e+01 2.075468771529070366e+01 2.180838815488633742e+01 2.266378702365771147e+01 2.329174010360719294e+01 2.393249578143822376e+01 2.448266923351546609e+01 2.483840714557879892e+01 2.468784641123156121e+01 2.394817938814285796e+01 2.284436647435271084e+01 2.155810570921460467e+01 2.019833001947604600e+01 1.880536330330536643e+01 1.785024679819794002e+01 1.683301433732219365e+01 1.593258591379238531e+01 1.504153133185686286e+01 1.418872146946616830e+01
1.464270367850465071e+01 1.349372028371126042e+01 1.238767849374493046e+01 1.128364048409841480e+01 1.143040623428415792e+01 1.119332456352367267e+01 1.037906029968626065e+01 9.450622168939812440e+00 8.698647415856795462e+00 9.852102318161245265e+00 1.089176360382214526e+01 1.193067395453605961e+01 1.298440439955649772e+01 1.405464415017182844e+01 1.513414825935150176e+01 1.622553316744825835e+01 1.735154625498009295e+01 1.850041481532355192e+01 1.962153215276018159e+01 2.059888162580234550e+01 2.135726643912241229e+01 2.191316506441233614e+01 2.232712888101422166e+01 2.292871174442208826e+01 2.360512706458344923e+01 2.413856905809181086e+01 2.425593763479335152e+01 2.379141655799822175e+01 2.279021791842409783e+01 2.150297578579567670e+01 2.007341293175688079e+01 1.857467934477201865e+01 1.701999926313097689e+01 1.581568043016002711e+01 1.510261316535578757e+01 1.419604042175050118e+01 1.331468477052490051e+01
1.458438105045810396e+01 1.343747889197813095e+01 1.233454607539975711e+01 1.127209221343572665e+01 1.021358410354996415e+01 1.025889067117613784e+01 9.635995023076683097e+00 8.388126016125340811e+00 9.344866375740808806e+00 1.019540765216212819e+01 1.117737622229096672e+01 1.218517559222137869e+01 1.320977714292975946e+01 1.423493639603962002e+01 1.520546885311343033e+01 1.613948837655407686e+01 1.716070426158317019e+01 1.820953994785513785e+01 1.915468969040531277e+01 1.997784691726030815e+01 2.058377922489865242e+01 2.099669789440522294e+01 2.101416870083215827e+01 2.175980518216295323e+01 2.255989397293488707e+01 2.322401100211427050e+01 2.365148219218076164e+01 2.350640873043840529e+01 2.270875524454046612e+01 2.150594444740430333e+01 2.010145830346210261e+01 1.860789569989817949e+01 1.708052558926760867e+01 1.550736759855739066e+01 1.418736560228003007e+01 1.316413562452062180e+01 1.223471732344157026e+01
