output_new_topo_ddd_6/finaltopo_soil__depth.asc
ncols 300
nrows 100
xllcorner 0.0
yllcorner 0.0
cellsize 10.0
[rows 51 to 67 of 100, columns 37 to 73 of 300]
7.893949273752765006e-02 8.081983441247925226e-02 8.055827087118273833e-02 8.235420045713287562e-02 8.221086494349566509e-02 7.992529279641143181e-02 7.703000942628136782e-02 8.420242183519965895e-02 8.955910438944368612e-02 8.613615717055489451e-02 8.633690787726595872e-02 8.642479013817132294e-02 8.653541539311986053e-02 8.669100798010156983e-02 8.565813428984354883e-02 8.440926005764742834e-02 8.276718182079523256e-02 8.243347989399744946e-02 7.977692091077606684e-02 7.626034473083598275e-02 7.431373031956715891e-02 7.554639635820106780e-02 7.900681324821584584e-02 8.154766489997755663e-02 8.328262592574882384e-02 8.443053086101560967e-02 8.518806109343007860e-02 8.569940888587590511e-02 8.605838760454161129e-02 8.632195553778511388e-02 8.652424624270992071e-02 8.668745965011236121e-02 8.682767747054792595e-02 8.695523370967474241e-02 8.707028358083178377e-02 8.716186497002192946e-02 8.721463848234904670e-02
1.071540528941107295e-01 8.116846725406284824e-02 8.465221786342574939e-02 8.444097803151272286e-02 8.282163495113750717e-02 7.782701696555835436e-02 7.905697411063296320e-02 9.176003386462883160e-02 8.695820239670982998e-02 8.700026795062576479e-02 8.703817690543398655e-02 8.710999367935069737e-02 8.725010501430008336e-02 8.640223494363692691e-02 8.546429152807431817e-02 8.431622772161277701e-02 8.441751195689511933e-02 8.267691598363158256e-02 8.025724368689253485e-02 7.917055657541305358e-02 7.539788086966531244e-02 7.464139106194453421e-02 7.838760479304346385e-02 8.126421536690379976e-02 8.325078844293069824e-02 8.456088070509476529e-02 8.541199303249387420e-02 8.597168931187076923e-02 8.635312870544403774e-02 8.662673498811809814e-02 8.683545194391180388e-02 8.700749489897040279e-02 8.716228622764200795e-02 8.730647346084569049e-02 8.742719085713943072e-02 8.750954444543732058e-02 8.753445769416379196e-02
8.439260687634396463e-02 1.083492100315078810e-01 8.366993681715040321e-02 8.510964425431570557e-02 8.133284629418763290e-02 7.809559585967479345e-02 8.024304282395609833e-02 9.300818178718422979e-02 8.751936777893203068e-02 8.747614137534796830e-02 8.748307451611092578e-02 8.757485627069405698e-02 8.682295202674976398e-02 8.605590459677292525e-02 8.519771459729602592e-02 8.550638580257563515e-02 8.437434413935464284e-02 8.281313868380311971e-02 8.252559014931160064e-02 7.985718596657663537e-02 7.629109291102553758e-02 7.429005580292828703e-02 7.569617183170171404e-02 7.912257014239192088e-02 8.160756799677357232e-02 8.329994343704438808e-02 8.442679662876312330e-02 8.518075382771335413e-02 8.569940713860024761e-02 8.607208276290788385e-02 8.635590342299900857e-02 8.659434715735492283e-02 8.683097971829978334e-02 8.709644406291813801e-02 8.731621467640481027e-02 8.747807700291936051e-02 8.755129965605017162e-02
8.535339685020708334e-02 8.337626132716297045e-02 1.092284000709377728e-01 8.179630363260945169e-02 8.197818740991165420e-02 7.840290098993951684e-02 8.194691647301144410e-02 9.330255378701382551e-02 8.770453447638032474e-02 8.772525641721717893e-02 8.776621912821874760e-02 8.706167246665671988e-02 8.638166178768062753e-02 8.568674034826528896e-02 8.606628147390286976e-02 8.529952104511318023e-02 8.429429262528678746e-02 8.450699217644808137e-02 8.282658655633537426e-02 8.038560688719767477e-02 7.921996095077078748e-02 7.533240151560248454e-02 7.485993006960425800e-02 7.853619702693041826e-02 8.129637312093740409e-02 8.319212385306813673e-02 8.445048989751079149e-02 8.528048309530844584e-02 8.583733310374620784e-02 8.622045956129320565e-02 8.648296392136467503e-02 8.665732199625678089e-02 8.683371438294908151e-02 8.735067535137658323e-02 8.771222203428380437e-02 8.804144800835922435e-02 8.831842729474627396e-02
8.416846338984496079e-02 8.323298280554830564e-02 8.135417287237289852e-02 1.091293232231663607e-01 8.024065166096019941e-02 8.636333468207450792e-02 7.690062512929998761e-02 9.344595694084728565e-02 8.780537027105601855e-02 8.788292112837244041e-02 8.720500381457710337e-02 8.655724060232633521e-02 8.594925102539474615e-02 8.633393071812388297e-02 8.578051233709009515e-02 8.510326593478291513e-02 8.556777144033529681e-02 8.457884101762769280e-02 8.308837913970965050e-02 8.277380384347360343e-02 7.991545477713619949e-02 7.615296207070343382e-02 7.396747632969129238e-02 7.589398831949209501e-02 7.914012630917556523e-02 8.147781166125594998e-02 8.308466989024815286e-02 8.417262192727241465e-02 8.492465756742390015e-02 8.547144858133168266e-02 8.585363162648405877e-02 8.590398446589375681e-02 8.559580013898043793e-02 7.668983515659522077e-02 7.669017526981815325e-02 7.663401970432727472e-02 7.679383445276036224e-02
8.065472203122311945e-02 8.080100500303771804e-02 7.856898281066759804e-02 7.701617431579493855e-02 1.050109641245668135e-01 8.002819971942677635e-02 7.644481512006912061e-02 9.343706883422231435e-02 8.789424548464498665e-02 8.731671797069738561e-02 8.665168901138253776e-02 8.607045055502735020e-02 8.643928865718802923e-02 8.602779802480037263e-02 8.553863764870023312e-02 8.607952913846382559e-02 8.549747314424854805e-02 8.469295013177453868e-02 8.504443909942431545e-02 8.320515724811032576e-02 8.042259969054196822e-02 7.883449581701176823e-02 7.470938746566184452e-02 7.566017622892604044e-02 7.661175570891201603e-02 7.711068450911563732e-02 7.733324961983044366e-02 7.737537393378618455e-02 7.729664252350203213e-02 7.712214235292948195e-02 7.711952038265351694e-02 7.944008265086760501e-02 8.170814195389042300e-02 8.921101755667992794e-02 8.944973425891573904e-02 8.979480770423994840e-02 8.997107105702478735e-02
7.749751697369806902e-02 7.791928083718539788e-02 8.077829210523712611e-02 8.290585129315553026e-02 1.036092351217782898e-01 7.824686194563240660e-02 7.723884160179189662e-02 9.335559470795126713e-02 8.740022270206754262e-02 8.672311610977455343e-02 8.607104846656812858e-02 8.642967131146328530e-02 8.615885243108969971e-02 8.580339237082948434e-02 8.631558641343395344e-02 8.590845322345116997e-02 8.545079773056016292e-02 8.636447562498614228e-02 8.547959501929956738e-02 8.357766839998871655e-02 8.270812090190196586e-02 7.922154124029391620e-02 7.502992535947598796e-02 7.601094512215417209e-02 7.964831416078621551e-02 8.060855317722791236e-02 8.111752573795681653e-02 8.130191345676915371e-02 8.124141684849883749e-02 8.105785113733343650e-02 8.080798040327075160e-02 7.802563414744216608e-02 7.777455204545093148e-02 7.736611408169541404e-02 7.702507585030739234e-02 7.668954971713048963e-02 7.636909305165390238e-02
8.198834914909414184e-02 8.364828559720173529e-02 8.542018931197684073e-02 9.393874045351455204e-02 7.640425857156017686e-02 1.011139975741117553e-01 7.620716062949946246e-02 9.286359371028571341e-02 8.686228311014893011e-02 8.588224183714335269e-02 8.626619308333502434e-02 8.621882507496457515e-02 8.601928908209288682e-02 8.649233720135231229e-02 8.604119914405719549e-02 8.577539336035817918e-02 8.638780400758372391e-02 8.722344119500842485e-02 8.586087264915395756e-02 8.549159031750554194e-02 8.289425699565072803e-02 7.933423882209265920e-02 7.501034460875273535e-02 7.612134132254606833e-02 8.003109360428034558e-02 8.312255550549005334e-02 8.384756550240936301e-02 8.423585666975472175e-02 8.411450158982063108e-02 8.390856292084866719e-02 8.367357030430781772e-02 8.345801571014227482e-02 8.131509356165561586e-02 8.097922912331606549e-02 8.061622069259445633e-02 8.022593402418826125e-02 7.975876048750007996e-02
8.608414252696439117e-02 9.123945239916562977e-02 9.181773456649604259e-02 8.126034298767005615e-02 8.619221127727522136e-02 1.030966781093287654e-01 7.529282660222236245e-02 9.488805326566557286e-02 8.507378206493897144e-02 8.576268514588393510e-02 8.622119365441413552e-02 8.622775613877646517e-02 8.674018499519550729e-02 8.625474082695185063e-02 8.539533246480067452e-02 8.723814324338376169e-02 9.614060208285885034e-02 9.408331828880792114e-02 9.332356319924617338e-02 9.091944024711381966e-02 8.682520109922663154e-02 8.097648865109734195e-02 7.446259142183689339e-02 7.599723859937684844e-02 8.212921482083920810e-02 8.751314711798222068e-02 9.165158529706821100e-02 9.436141953379068026e-02 9.709893556756132860e-02 9.782483687977366893e-02 9.820937809840123156e-02 9.835808750696652114e-02 9.832760694730731388e-02 9.793392139242813876e-02 9.734887984663043170e-02 9.647904507359982007e-02 9.495950817360238050e-02
8.629658513523902341e-02 7.765094035549939544e-02 7.936334468653415131e-02 8.026912803069530256e-02 8.124926810280978795e-02 7.928002317588130066e-02 1.032382604365632145e-01 7.561071351408960028e-02 8.568144001795371945e-02 8.617609928278359421e-02 8.631080129814595880e-02 8.686086573739264238e-02 8.658953829059758134e-02 8.581176084296009143e-02 9.603413470894901771e-02 9.546682765073388754e-02 8.702173587900934038e-02 8.561862423901792085e-02 8.442353354523708664e-02 8.280286596424309142e-02 8.017768097536144556e-02 7.628349802015178815e-02 7.407770563789491114e-02 7.551203255992305907e-02 7.669283763340871418e-02 7.965574117708650037e-02 8.158942693173890093e-02 8.347824872494605253e-02 7.821059244819768275e-02 7.820647414418890886e-02 7.803874271950637931e-02 7.778582766148338379e-02 7.748484319455389846e-02 7.713427690156825223e-02 7.670029986751608631e-02 7.674104632408319804e-02 7.886188340314455314e-02
7.586533994151141436e-02 7.573910039066973632e-02 7.616869332199699416e-02 7.676737904832137138e-02 7.717799185074486479e-02 7.744361641781177807e-02 7.596077329773295861e-02 9.813675669932431234e-02 9.603061757062801573e-02 9.805993201647414392e-02 9.895728833052265527e-02 9.941194188655264052e-02 9.973863810823341280e-02 1.004196995212042059e-01 9.488678098189420873e-02 9.355474635212983336e-02 9.308932636351263668e-02 9.119909356531516464e-02 8.865259652252702183e-02 8.456219128883994685e-02 7.975094548036752717e-02 7.531167765096020983e-02 7.501110028398315366e-02 7.819345540649086379e-02 7.866758389108294280e-02 7.638885084693954053e-02 7.659180132080478653e-02 7.880452147605321311e-02 8.084341918229737134e-02 8.235181613497374875e-02 8.338772806317523711e-02 8.408404559999857475e-02 8.484772243385535484e-02 8.557189177774619793e-02 8.631994960918595861e-02 8.704810958942331423e-02 8.723320230378150963e-02
7.943265208906818975e-02 7.840825449149718684e-02 7.625560651126257750e-02 7.669404469890485354e-02 7.762078323528841250e-02 7.866385036889191051e-02 7.660772301205975854e-02 1.030274244202320777e-01 8.149638859878326203e-02 8.174065525903009832e-02 8.403809464517626726e-02 8.484581499080354194e-02 8.553493464160186188e-02 8.629214535019903709e-02 8.736237429268405019e-02 8.601329304877837478e-02 8.459195181743806025e-02 8.437859134326473887e-02 8.170147579653841419e-02 8.039963945867219242e-02 7.624955701469068869e-02 7.422079394368535921e-02 7.607752584041341248e-02 7.924892597404978312e-02 8.138504912218645637e-02 8.118217156447632421e-02 7.887588540126025394e-02 7.602722628668354132e-02 7.651929984614200264e-02 7.914353406682596292e-02 8.095220314348758328e-02 8.211659401694945681e-02 7.710262586884691904e-02 7.724358100847932007e-02 7.722220528184733923e-02 7.711759204372165000e-02 7.935236268191382669e-02
7.844043510617049186e-02 8.219745319814006357e-02 8.001010708465039478e-02 7.872640987727035078e-02 7.989045671554982631e-02 8.449573433050588944e-02 1.044684661846641271e-01 7.669938410660756545e-02 7.836599214475564734e-02 7.996851469718635474e-02 8.158158263104388352e-02 8.348986884627296323e-02 8.409264757807716206e-02 8.471162519814057212e-02 8.532338125861149702e-02 8.568078805696785483e-02 8.399846479059165649e-02 8.157015287984240026e-02 8.070702314367855790e-02 7.683871747942963570e-02 7.474526033543212045e-02 7.565929989110327381e-02 7.930616204098564492e-02 8.017364803455358235e-02 8.230094798151857405e-02 8.368001761776777681e-02 8.318872397219499726e-02 8.066931719250328148e-02 7.813607980203546299e-02 7.704527414755152348e-02 7.768369940633781945e-02 7.810390495788774312e-02 8.545630537362720880e-02 8.111941664252142470e-02 8.116539256950988657e-02 8.107943580834037212e-02 7.677764924613438013e-02
9.526967838613502326e-02 9.795804812760383617e-02 8.191896647116936325e-02 7.673358738002986068e-02 8.065481482755074150e-02 7.768805134750492170e-02 1.009754890551924911e-01 8.207781412518046216e-02 8.051886032609260890e-02 7.769508656232637644e-02 7.732569952920341494e-02 7.987394022672676674e-02 8.209183018868650150e-02 8.258221814513501402e-02 8.300457283768175598e-02 8.322527710488993036e-02 8.310569174374564383e-02 8.055576528259437985e-02 7.705651000233758319e-02 7.534594962870783119e-02 7.512741332428941876e-02 7.689337432608647771e-02 8.040322741945830909e-02 8.289425879015371867e-02 8.293921470777787519e-02 8.435378761837700190e-02 8.533162276279332437e-02 8.712949932370384065e-02 7.568285831367564664e-02 8.029081559859485573e-02 8.457369612163713468e-02 8.764051726082486282e-02 8.959005504628653194e-02 9.244034027890062066e-02 9.288898410314422316e-02 9.278395088908371335e-02 1.028035594343227888e-01
8.707923633370608096e-02 8.758242774903575445e-02 9.855719781735972074e-02 7.676240746776080703e-02 8.024942907353266319e-02 8.064782380191751199e-02 1.036769446881635748e-01 9.076591966975544601e-02 8.515048891683010823e-02 8.264553422556591977e-02 8.013236276212652720e-02 7.729192915797533647e-02 7.723013952835453000e-02 7.989026318548070327e-02 8.019330305888136556e-02 8.027537289547027888e-02 8.000033071370933613e-02 7.916904106850940204e-02 7.567066941897587773e-02 7.443497493460277115e-02 7.652753687359165058e-02 8.037971106954949763e-02 8.128760194513028059e-02 8.361790014061408483e-02 8.501400570722962569e-02 8.460810001186995499e-02 8.575077832451409587e-02 9.145247872185759130e-02 7.807098216604146934e-02 7.580478720045846774e-02 7.684910061939981274e-02 7.985442538403299262e-02 8.191676267091281549e-02 8.322764012123791411e-02 8.424454973196898733e-02 8.484427341659522837e-02 1.000555135858114258e-01
8.749638741337864567e-02 8.755624778420796617e-02 8.749551383252082704e-02 9.687338770144032774e-02 7.681663898751273090e-02 1.020175631409111772e-01 7.635533210545808469e-02 7.809835594023284422e-02 8.502615227322107838e-02 8.440428419726342391e-02 8.336059153072572503e-02 8.176086719317832152e-02 7.965160638216434164e-02 7.701567535215286808e-02 7.671194963892029317e-02 7.670204647255929320e-02 7.637862063525162337e-02 7.557015930018547156e-02 7.399852844915232042e-02 7.580037364006908529e-02 7.990069627903739757e-02 8.126007223672920832e-02 8.411591138538149215e-02 8.430257003595792442e-02 8.554320651632207895e-02 8.574043025644308147e-02 8.552374133242601761e-02 9.430448102169612656e-02 7.699084401011796475e-02 7.573816258414987901e-02 7.878119369891481427e-02 7.732592087647659207e-02 7.768106791700565839e-02 7.773893565698358765e-02 7.766158242184523219e-02 7.994431536903590096e-02 9.972081520528010279e-02
9.238561514861587387e-02 9.212853490520525601e-02 9.186874774281050815e-02 9.118653210027227729e-02 9.514201270747425776e-02 9.696318413511116618e-02 8.732038256340675375e-02 8.763755174359476319e-02 8.741349567268058562e-02 8.719902578087083966e-02 8.661256978121624484e-02 8.562888135738275230e-02 8.427322808980054758e-02 8.257260008793088080e-02 8.046483531580644888e-02 7.813491805662288459e-02 7.544263314737169324e-02 7.427960554324558595e-02 7.439866617641487101e-02 7.666224586348445447e-02 8.067560522657422906e-02 8.387458522711084552e-02 8.456898721437505762e-02 8.653585905036009773e-02 8.665979038259291611e-02 8.591281882002216319e-02 8.598360992863472718e-02 9.549301431858346623e-02 7.732799686029689923e-02 7.545758321861721629e-02 7.874489129591764891e-02 8.205840473554908143e-02 8.121715943656340753e-02 8.165515589005178931e-02 8.183464153511516015e-02 7.703703024399678745e-02 1.006584931870943000e-01
