output_new_topo_ddd_6/finaltopo_surface_water__discharge.asc
ncols 300
nrows 100
xllcorner 0.0
yllcorner 0.0
cellsize 10.0
[rows 51 to 67 of 100, columns 37 to 73 of 300]
1.600000000000000000e+02 1.600000000000000000e+02 1.600000000000000000e+02 2.400000000000000000e+02 2.400000000000000000e+02 1.600000000000000000e+02 8.000000000000000000e+01 3.200000000000000000e+02 8.800000000000000000e+02 4.800000000000000000e+02 4.800000000000000000e+02 4.800000000000000000e+02 4.800000000000000000e+02 4.800000000000000000e+02 4.000000000000000000e+02 3.200000000000000000e+02 2.400000000000000000e+02 2.400000000000000000e+02 1.600000000000000000e+02 8.000000000000000000e+01 8.000000000000000000e+01 8.000000000000000000e+01 1.600000000000000000e+02 2.400000000000000000e+02 3.200000000000000000e+02 4.000000000000000000e+02 4.800000000000000000e+02 5.600000000000000000e+02 6.400000000000000000e+02 7.200000000000000000e+02 8.000000000000000000e+02 8.800000000000000000e+02 9.600000000000000000e+02 1.040000000000000000e+03 1.120000000000000000e+03 1.200000000000000000e+03 1.280000000000000000e+03
2.292800000000000000e+05 2.400000000000000000e+02 3.200000000000000000e+02 3.200000000000000000e+02 2.400000000000000000e+02 8.000000000000000000e+01 1.600000000000000000e+02 1.280000000000000000e+03 5.600000000000000000e+02 5.600000000000000000e+02 5.600000000000000000e+02 5.600000000000000000e+02 5.600000000000000000e+02 4.800000000000000000e+02 4.000000000000000000e+02 3.200000000000000000e+02 3.200000000000000000e+02 2.400000000000000000e+02 1.600000000000000000e+02 1.600000000000000000e+02 8.000000000000000000e+01 8.000000000000000000e+01 1.600000000000000000e+02 2.400000000000000000e+02 3.200000000000000000e+02 4.000000000000000000e+02 4.800000000000000000e+02 5.600000000000000000e+02 6.400000000000000000e+02 7.200000000000000000e+02 8.000000000000000000e+02 8.800000000000000000e+02 9.600000000000000000e+02 1.040000000000000000e+03 1.120000000000000000e+03 1.200000000000000000e+03 1.280000000000000000e+03
5.600000000000000000e+02 2.308800000000000000e+05 4.000000000000000000e+02 3.200000000000000000e+02 1.600000000000000000e+02 8.000000000000000000e+01 2.400000000000000000e+02 1.920000000000000000e+03 6.400000000000000000e+02 6.400000000000000000e+02 6.400000000000000000e+02 6.400000000000000000e+02 5.600000000000000000e+02 4.800000000000000000e+02 4.000000000000000000e+02 4.000000000000000000e+02 3.200000000000000000e+02 2.400000000000000000e+02 2.400000000000000000e+02 1.600000000000000000e+02 8.000000000000000000e+01 8.000000000000000000e+01 8.000000000000000000e+01 1.600000000000000000e+02 2.400000000000000000e+02 3.200000000000000000e+02 4.000000000000000000e+02 4.800000000000000000e+02 5.600000000000000000e+02 6.400000000000000000e+02 7.200000000000000000e+02 8.000000000000000000e+02 8.800000000000000000e+02 9.600000000000000000e+02 1.040000000000000000e+03 1.120000000000000000e+03 1.200000000000000000e+03
4.000000000000000000e+02 4.000000000000000000e+02 2.323200000000000000e+05 2.400000000000000000e+02 1.600000000000000000e+02 8.000000000000000000e+01 3.200000000000000000e+02 2.640000000000000000e+03 7.200000000000000000e+02 7.200000000000000000e+02 7.200000000000000000e+02 6.400000000000000000e+02 5.600000000000000000e+02 4.800000000000000000e+02 4.800000000000000000e+02 4.000000000000000000e+02 3.200000000000000000e+02 3.200000000000000000e+02 2.400000000000000000e+02 1.600000000000000000e+02 1.600000000000000000e+02 8.000000000000000000e+01 8.000000000000000000e+01 1.600000000000000000e+02 2.400000000000000000e+02 3.200000000000000000e+02 4.000000000000000000e+02 4.800000000000000000e+02 5.600000000000000000e+02 6.400000000000000000e+02 7.200000000000000000e+02 8.000000000000000000e+02 8.800000000000000000e+02 9.600000000000000000e+02 1.040000000000000000e+03 1.120000000000000000e+03 1.200000000000000000e+03
3.200000000000000000e+02 2.400000000000000000e+02 2.400000000000000000e+02 2.331200000000000000e+05 1.600000000000000000e+02 4.000000000000000000e+02 8.000000000000000000e+01 3.440000000000000000e+03 8.000000000000000000e+02 8.000000000000000000e+02 7.200000000000000000e+02 6.400000000000000000e+02 5.600000000000000000e+02 5.600000000000000000e+02 4.800000000000000000e+02 4.000000000000000000e+02 4.000000000000000000e+02 3.200000000000000000e+02 2.400000000000000000e+02 2.400000000000000000e+02 1.600000000000000000e+02 8.000000000000000000e+01 8.000000000000000000e+01 8.000000000000000000e+01 1.600000000000000000e+02 2.400000000000000000e+02 3.200000000000000000e+02 4.000000000000000000e+02 4.800000000000000000e+02 5.600000000000000000e+02 6.400000000000000000e+02 7.200000000000000000e+02 8.000000000000000000e+02 8.000000000000000000e+01 8.000000000000000000e+01 8.000000000000000000e+01 8.000000000000000000e+01
1.600000000000000000e+02 1.600000000000000000e+02 8.000000000000000000e+01 8.000000000000000000e+01 2.340000000000000000e+05 1.600000000000000000e+02 8.000000000000000000e+01 4.320000000000000000e+03 8.800000000000000000e+02 8.000000000000000000e+02 7.200000000000000000e+02 6.400000000000000000e+02 6.400000000000000000e+02 5.600000000000000000e+02 4.800000000000000000e+02 4.800000000000000000e+02 4.000000000000000000e+02 3.200000000000000000e+02 3.200000000000000000e+02 2.400000000000000000e+02 1.600000000000000000e+02 1.600000000000000000e+02 8.000000000000000000e+01 8.000000000000000000e+01 8.000000000000000000e+01 8.000000000000000000e+01 8.000000000000000000e+01 8.000000000000000000e+01 8.000000000000000000e+01 8.000000000000000000e+01 8.000000000000000000e+01 1.600000000000000000e+02 2.400000000000000000e+02 1.120000000000000000e+03 1.280000000000000000e+03 1.440000000000000000e+03 1.600000000000000000e+03
8.000000000000000000e+01 8.000000000000000000e+01 1.600000000000000000e+02 2.400000000000000000e+02 2.362400000000000000e+05 1.600000000000000000e+02 8.000000000000000000e+01 5.280000000000000000e+03 8.800000000000000000e+02 8.000000000000000000e+02 7.200000000000000000e+02 7.200000000000000000e+02 6.400000000000000000e+02 5.600000000000000000e+02 5.600000000000000000e+02 4.800000000000000000e+02 4.000000000000000000e+02 4.000000000000000000e+02 3.200000000000000000e+02 2.400000000000000000e+02 2.400000000000000000e+02 1.600000000000000000e+02 8.000000000000000000e+01 8.000000000000000000e+01 1.600000000000000000e+02 1.600000000000000000e+02 1.600000000000000000e+02 1.600000000000000000e+02 1.600000000000000000e+02 1.600000000000000000e+02 1.600000000000000000e+02 8.000000000000000000e+01 8.000000000000000000e+01 8.000000000000000000e+01 8.000000000000000000e+01 8.000000000000000000e+01 8.000000000000000000e+01
2.400000000000000000e+02 3.200000000000000000e+02 4.000000000000000000e+02 1.920000000000000000e+03 8.000000000000000000e+01 2.367200000000000000e+05 8.000000000000000000e+01 6.240000000000000000e+03 8.800000000000000000e+02 8.000000000000000000e+02 8.000000000000000000e+02 7.200000000000000000e+02 6.400000000000000000e+02 6.400000000000000000e+02 5.600000000000000000e+02 4.800000000000000000e+02 4.800000000000000000e+02 4.000000000000000000e+02 3.200000000000000000e+02 3.200000000000000000e+02 2.400000000000000000e+02 1.600000000000000000e+02 8.000000000000000000e+01 8.000000000000000000e+01 1.600000000000000000e+02 2.400000000000000000e+02 2.400000000000000000e+02 2.400000000000000000e+02 2.400000000000000000e+02 2.400000000000000000e+02 2.400000000000000000e+02 2.400000000000000000e+02 1.600000000000000000e+02 1.600000000000000000e+02 1.600000000000000000e+02 1.600000000000000000e+02 1.600000000000000000e+02
4.800000000000000000e+02 1.280000000000000000e+03 1.440000000000000000e+03 2.400000000000000000e+02 4.800000000000000000e+02 2.374400000000000000e+05 8.000000000000000000e+01 8.080000000000000000e+03 8.800000000000000000e+02 8.800000000000000000e+02 8.000000000000000000e+02 7.200000000000000000e+02 7.200000000000000000e+02 6.400000000000000000e+02 5.600000000000000000e+02 5.600000000000000000e+02 2.080000000000000000e+03 1.600000000000000000e+03 1.200000000000000000e+03 8.000000000000000000e+02 4.800000000000000000e+02 2.400000000000000000e+02 8.000000000000000000e+01 8.000000000000000000e+01 2.400000000000000000e+02 4.800000000000000000e+02 8.000000000000000000e+02 1.120000000000000000e+03 1.760000000000000000e+03 2.160000000000000000e+03 2.560000000000000000e+03 2.960000000000000000e+03 3.360000000000000000e+03 3.680000000000000000e+03 4.000000000000000000e+03 4.320000000000000000e+03 4.560000000000000000e+03
7.200000000000000000e+02 8.000000000000000000e+01 1.600000000000000000e+02 1.600000000000000000e+02 1.600000000000000000e+02 1.600000000000000000e+02 2.459200000000000000e+05 8.000000000000000000e+01 9.600000000000000000e+02 8.800000000000000000e+02 8.000000000000000000e+02 8.000000000000000000e+02 7.200000000000000000e+02 6.400000000000000000e+02 3.280000000000000000e+03 2.640000000000000000e+03 4.800000000000000000e+02 4.000000000000000000e+02 3.200000000000000000e+02 2.400000000000000000e+02 1.600000000000000000e+02 8.000000000000000000e+01 8.000000000000000000e+01 8.000000000000000000e+01 8.000000000000000000e+01 1.600000000000000000e+02 2.400000000000000000e+02 3.200000000000000000e+02 8.000000000000000000e+01 8.000000000000000000e+01 8.000000000000000000e+01 8.000000000000000000e+01 8.000000000000000000e+01 8.000000000000000000e+01 8.000000000000000000e+01 8.000000000000000000e+01 1.600000000000000000e+02
8.000000000000000000e+01 8.000000000000000000e+01 8.000000000000000000e+01 8.000000000000000000e+01 8.000000000000000000e+01 8.000000000000000000e+01 8.000000000000000000e+01 2.588800000000000000e+05 1.176000000000000000e+04 1.048000000000000000e+04 9.200000000000000000e+03 7.920000000000000000e+03 6.720000000000000000e+03 5.600000000000000000e+03 1.840000000000000000e+03 1.440000000000000000e+03 1.120000000000000000e+03 8.000000000000000000e+02 5.600000000000000000e+02 3.200000000000000000e+02 1.600000000000000000e+02 8.000000000000000000e+01 8.000000000000000000e+01 1.600000000000000000e+02 1.600000000000000000e+02 8.000000000000000000e+01 8.000000000000000000e+01 1.600000000000000000e+02 2.400000000000000000e+02 3.200000000000000000e+02 4.000000000000000000e+02 4.800000000000000000e+02 5.600000000000000000e+02 6.400000000000000000e+02 7.200000000000000000e+02 8.000000000000000000e+02 8.800000000000000000e+02
1.600000000000000000e+02 1.600000000000000000e+02 8.000000000000000000e+01 8.000000000000000000e+01 8.000000000000000000e+01 8.000000000000000000e+01 8.000000000000000000e+01 2.592800000000000000e+05 2.400000000000000000e+02 3.200000000000000000e+02 4.000000000000000000e+02 4.000000000000000000e+02 4.000000000000000000e+02 4.000000000000000000e+02 4.000000000000000000e+02 3.200000000000000000e+02 2.400000000000000000e+02 2.400000000000000000e+02 1.600000000000000000e+02 1.600000000000000000e+02 8.000000000000000000e+01 8.000000000000000000e+01 8.000000000000000000e+01 1.600000000000000000e+02 2.400000000000000000e+02 2.400000000000000000e+02 1.600000000000000000e+02 8.000000000000000000e+01 8.000000000000000000e+01 1.600000000000000000e+02 2.400000000000000000e+02 3.200000000000000000e+02 8.000000000000000000e+01 8.000000000000000000e+01 8.000000000000000000e+01 8.000000000000000000e+01 1.600000000000000000e+02
8.000000000000000000e+01 2.400000000000000000e+02 2.400000000000000000e+02 1.600000000000000000e+02 1.600000000000000000e+02 3.200000000000000000e+02 2.599200000000000000e+05 8.000000000000000000e+01 8.000000000000000000e+01 1.600000000000000000e+02 2.400000000000000000e+02 3.200000000000000000e+02 3.200000000000000000e+02 3.200000000000000000e+02 3.200000000000000000e+02 3.200000000000000000e+02 2.400000000000000000e+02 1.600000000000000000e+02 1.600000000000000000e+02 8.000000000000000000e+01 8.000000000000000000e+01 8.000000000000000000e+01 1.600000000000000000e+02 1.600000000000000000e+02 2.400000000000000000e+02 3.200000000000000000e+02 3.200000000000000000e+02 2.400000000000000000e+02 1.600000000000000000e+02 8.000000000000000000e+01 8.000000000000000000e+01 8.000000000000000000e+01 4.000000000000000000e+02 1.600000000000000000e+02 1.600000000000000000e+02 1.600000000000000000e+02 8.000000000000000000e+01
3.360000000000000000e+03 3.760000000000000000e+03 3.200000000000000000e+02 8.000000000000000000e+01 2.400000000000000000e+02 8.000000000000000000e+01 2.603200000000000000e+05 2.400000000000000000e+02 1.600000000000000000e+02 8.000000000000000000e+01 8.000000000000000000e+01 1.600000000000000000e+02 2.400000000000000000e+02 2.400000000000000000e+02 2.400000000000000000e+02 2.400000000000000000e+02 2.400000000000000000e+02 1.600000000000000000e+02 8.000000000000000000e+01 8.000000000000000000e+01 8.000000000000000000e+01 8.000000000000000000e+01 1.600000000000000000e+02 2.400000000000000000e+02 2.400000000000000000e+02 3.200000000000000000e+02 4.000000000000000000e+02 6.400000000000000000e+02 8.000000000000000000e+01 2.400000000000000000e+02 4.000000000000000000e+02 5.600000000000000000e+02 7.200000000000000000e+02 1.200000000000000000e+03 1.440000000000000000e+03 1.680000000000000000e+03 2.598400000000000000e+05
8.800000000000000000e+02 9.600000000000000000e+02 5.120000000000000000e+03 8.000000000000000000e+01 1.600000000000000000e+02 3.200000000000000000e+02 2.613600000000000000e+05 8.800000000000000000e+02 3.200000000000000000e+02 2.400000000000000000e+02 1.600000000000000000e+02 8.000000000000000000e+01 8.000000000000000000e+01 1.600000000000000000e+02 1.600000000000000000e+02 1.600000000000000000e+02 1.600000000000000000e+02 1.600000000000000000e+02 8.000000000000000000e+01 8.000000000000000000e+01 8.000000000000000000e+01 1.600000000000000000e+02 1.600000000000000000e+02 2.400000000000000000e+02 3.200000000000000000e+02 3.200000000000000000e+02 4.000000000000000000e+02 1.120000000000000000e+03 1.600000000000000000e+02 8.000000000000000000e+01 8.000000000000000000e+01 1.600000000000000000e+02 2.400000000000000000e+02 3.200000000000000000e+02 4.000000000000000000e+02 4.800000000000000000e+02 2.606400000000000000e+05
8.800000000000000000e+02 9.600000000000000000e+02 1.040000000000000000e+03 6.320000000000000000e+03 8.000000000000000000e+01 2.620800000000000000e+05 8.000000000000000000e+01 8.000000000000000000e+01 4.800000000000000000e+02 4.000000000000000000e+02 3.200000000000000000e+02 2.400000000000000000e+02 1.600000000000000000e+02 8.000000000000000000e+01 8.000000000000000000e+01 8.000000000000000000e+01 8.000000000000000000e+01 8.000000000000000000e+01 8.000000000000000000e+01 8.000000000000000000e+01 1.600000000000000000e+02 1.600000000000000000e+02 2.400000000000000000e+02 2.400000000000000000e+02 3.200000000000000000e+02 4.000000000000000000e+02 4.000000000000000000e+02 1.760000000000000000e+03 8.000000000000000000e+01 8.000000000000000000e+01 1.600000000000000000e+02 8.000000000000000000e+01 8.000000000000000000e+01 8.000000000000000000e+01 8.000000000000000000e+01 1.600000000000000000e+02 2.609600000000000000e+05
1.600000000000000000e+03 1.760000000000000000e+03 1.920000000000000000e+03 2.080000000000000000e+03 8.480000000000000000e+03 2.715200000000000000e+05 8.800000000000000000e+02 8.000000000000000000e+02 7.200000000000000000e+02 6.400000000000000000e+02 5.600000000000000000e+02 4.800000000000000000e+02 4.000000000000000000e+02 3.200000000000000000e+02 2.400000000000000000e+02 1.600000000000000000e+02 8.000000000000000000e+01 8.000000000000000000e+01 8.000000000000000000e+01 8.000000000000000000e+01 1.600000000000000000e+02 2.400000000000000000e+02 2.400000000000000000e+02 3.200000000000000000e+02 3.200000000000000000e+02 4.000000000000000000e+02 4.800000000000000000e+02 2.320000000000000000e+03 8.000000000000000000e+01 8.000000000000000000e+01 1.600000000000000000e+02 2.400000000000000000e+02 1.600000000000000000e+02 1.600000000000000000e+02 1.600000000000000000e+02 8.000000000000000000e+01 2.678400000000000000e+05
