output_new_topo_ddd_6/finaltopo_soil_production__rate.asc
ncols 300
nrows 100
xllcorner 0.0
yllcorner 0.0
cellsize 10.0
[rows 51 to 67 of 100, columns 148 to 184 of 300]
4.357524279846108705e-05 4.681764524756685983e-05 4.529560503852940863e-05 4.401565388637452837e-05 3.711062945670365418e-05 4.510153259343211899e-05 4.657373893262047824e-05 4.324096167917078500e-05 4.135685331654513858e-05 4.210277811204057765e-05 4.314268274711448802e-05 4.582159653186492778e-05 4.412550050828884180e-05 4.419135916277705192e-05 3.517516635166687195e-05 3.527674971930413415e-05 4.300187363433275410e-05 4.280642984082950493e-05 4.366819519885708757e-05 4.475717646324784153e-05 4.632067289131497790e-05 4.351161855473358774e-05 3.864504059191935231e-05 4.221136819099719455e-05 4.230695097538325671e-05 4.205902537291364798e-05 4.191128650105061844e-05 4.187638505513610203e-05 4.235772844948699096e-05 4.237535662111515934e-05 4.221290278358491007e-05 4.192269790196899302e-05 4.218721827192028752e-05 4.198627012558666749e-05 4.243745984403802444e-05 4.232212778384748076e-05 4.302574781023273245e-05
4.218722049326606872e-05 4.684553675806452566e-05 4.637831199165785265e-05 4.409347625085980682e-05 3.730705150100384039e-05 4.538223883890590794e-05 4.639501983901301311e-05 4.582303235135736999e-05 4.011472005837797696e-05 4.200658535822204197e-05 4.288223470288095058e-05 4.577207528204845958e-05 4.506818157322596032e-05 3.402539170875890800e-05 4.343337309457932218e-05 4.195098669698188096e-05 4.083960997598112900e-05 4.240557661140149378e-05 4.364071328739179345e-05 4.470342884530684272e-05 4.622550753911181784e-05 4.396492524212018520e-05 3.833012965971743194e-05 4.205115762535293635e-05 4.241448673597372120e-05 4.232596382289040060e-05 4.220973343629057787e-05 4.214085642981623846e-05 4.212159833432110694e-05 4.260234696809840708e-05 4.253150521661299392e-05 4.238038558270648096e-05 4.219461160767433932e-05 4.263165926953644289e-05 4.251102507207762672e-05 4.318920411249501566e-05 4.322550206825932935e-05
4.502276466473341876e-05 4.668910559981759306e-05 4.645721670249875195e-05 4.490243104255537272e-05 3.754808492554545106e-05 4.654090679294552624e-05 4.524031295853490144e-05 4.574474466581454060e-05 3.994866314278144843e-05 4.201710523293165656e-05 4.278114658380269535e-05 4.656099042187056281e-05 3.423229583294006782e-05 4.291155561091228901e-05 4.196115598725103638e-05 4.255751750505845865e-05 4.179671991097831500e-05 4.143584165076489602e-05 4.296676612934213128e-05 4.464347605096640078e-05 4.610250861857816270e-05 4.423991859196794090e-05 4.218245821759950123e-05 3.871118061904653656e-05 4.227516957605498461e-05 4.258633679203574951e-05 4.252224016932602677e-05 4.247884943395100268e-05 4.245744213411045481e-05 4.244205711953013226e-05 4.298500210172074372e-05 4.291328298416465951e-05 4.281774099888421419e-05 4.272617067822378258e-05 4.339397349273887690e-05 4.342669130637111653e-05 4.445871187954075564e-05
4.434907490770108665e-05 4.661018552928009268e-05 4.652751832458251773e-05 4.503976684205219936e-05 3.798739731280135275e-05 4.652115234228928667e-05 4.408971212715736383e-05 4.650045059548202039e-05 3.542622608950610116e-05 3.675836251364623377e-05 3.682622214801460641e-05 3.569672781249936703e-05 4.265258537802537437e-05 4.191308727531818787e-05 4.212580557630502486e-05 4.206214064438162356e-05 4.229618537180474187e-05 4.200062956973559544e-05 4.188028796144509312e-05 4.376370028768246444e-05 4.598315575545104775e-05 4.498073531114882219e-05 4.311579608572269599e-05 3.925416996063074780e-05 4.201974318189849363e-05 4.227341464308526135e-05 4.291178444718120631e-05 4.292950649623078198e-05 4.294781250455049126e-05 4.296814917054597092e-05 4.297562062131859279e-05 4.365225478114995514e-05 4.363129705724645268e-05 4.362975742383798968e-05 4.368194953285536251e-05 4.468062836070035816e-05 4.498539461132910415e-05
4.491567308247044175e-05 4.694360532719523701e-05 4.648624513611574702e-05 4.529282174961491401e-05 3.866316368882529028e-05 4.715059350920153681e-05 3.585550403455635583e-05 3.493729504093185214e-05 4.624424468963713646e-05 4.384072791642108237e-05 4.305999109156020239e-05 3.890626011587534834e-05 4.156286937638254260e-05 4.179351358500390926e-05 4.217874903054750184e-05 4.218240674503827547e-05 4.210561582747058569e-05 4.246784684870870305e-05 4.237916516742461367e-05 4.244856633140003374e-05 4.479520208489536770e-05 4.608304109269838916e-05 4.388487745703264001e-05 3.972005389975651052e-05 4.249389360805337276e-05 4.264333289022587418e-05 4.279541464346275285e-05 4.359102484207950083e-05 4.367065649425906090e-05 4.375234936226428070e-05 4.382954393194239153e-05 4.388917813963554265e-05 4.476400648479286661e-05 4.483861994867198127e-05 4.499017259745092010e-05 4.527591280966918296e-05 4.668972828771104201e-05
4.562595155169817200e-05 4.701077399386879212e-05 4.614776774295647956e-05 4.567806888779666339e-05 3.668182402105501377e-05 3.568112454436451271e-05 4.421620175121346454e-05 4.424793432352678885e-05 4.519760777502255123e-05 4.425377366106907870e-05 4.325057259965782100e-05 3.883841152898259990e-05 4.173505033101019906e-05 4.180571019328612798e-05 4.188483083344863732e-05 4.240712954943523478e-05 4.239324539674051097e-05 4.234934623768387270e-05 4.290957699786130655e-05 4.297912831815276440e-05 4.322008229424559902e-05 4.611584739635750575e-05 4.480036962323955208e-05 4.064560070314112735e-05 4.325224825641853379e-05 4.340027081029114127e-05 4.357939724991504159e-05 4.375461364772841060e-05 4.474976405928934295e-05 4.490799941227402377e-05 4.507368449051436538e-05 4.521987788873221077e-05 4.534694380473267288e-05 4.646440518763932825e-05 4.666774329218177701e-05 4.699923859741863912e-05 4.758469100543498420e-05
4.695398347550317993e-05 4.662337687962531059e-05 4.582469832913860209e-05 3.457825493287767116e-05 4.418701870379869825e-05 4.280514274159085997e-05 4.166674935439563686e-05 4.391378349876013125e-05 4.567475185712528837e-05 4.497480112463759594e-05 4.356644556421988113e-05 3.907297442976107054e-05 4.200691523901687544e-05 4.205345029430326078e-05 4.213514297128120574e-05 4.219128516899678410e-05 4.281452097988186863e-05 4.283299281627028218e-05 4.287049625089232923e-05 4.366419196786086549e-05 4.387574591801269598e-05 4.424581021029492622e-05 4.607080939160785216e-05 4.246013183283326158e-05 4.361796548742710077e-05 4.459801542758088663e-05 4.479489401227628289e-05 4.504117792722655260e-05 4.531368617376031971e-05 4.654715753833364923e-05 4.680402026982824324e-05 4.701977578654142350e-05 4.717507783880833740e-05 4.735151845416042291e-05 4.730288880465643563e-05 4.753895054814874217e-05 4.733180198415740597e-05
4.705926465372992535e-05 4.700364106262978946e-05 3.461140163201729421e-05 4.405630172475515891e-05 4.325568674559706039e-05 4.364362575292635870e-05 4.319251172559282427e-05 4.258356412791595264e-05 4.478247805695688069e-05 4.610130986887792342e-05 4.408415891987679710e-05 3.965078639806299629e-05 4.246476994631461643e-05 4.251796016136731750e-05 4.260112542842643511e-05 4.268116194543027840e-05 4.275074018192024755e-05 4.352707049976397056e-05 4.362415992608248953e-05 4.378392201596677388e-05 4.484163976597400951e-05 4.515723078309004108e-05 4.553962710301627650e-05 4.509901302477187690e-05 4.513131961762546237e-05 4.528638404604703885e-05 4.650650328615471357e-05 4.681195191823925750e-05 4.715954694737158303e-05 4.755552095688791330e-05 4.718348106418035167e-05 4.662000607609302925e-05 4.651103248533395787e-05 4.550141938218357285e-05 4.566268553454057657e-05 4.699098832428362808e-05 4.708428036688647091e-05
3.886322316520139658e-05 3.576256535674513036e-05 4.445315860072747048e-05 4.357303551146349811e-05 4.390318988518000434e-05 4.404392394404080144e-05 4.405290328995352113e-05 4.402643649965871925e-05 4.350160981409061111e-05 4.624378117558961216e-05 4.494742189832744660e-05 4.066588257110706934e-05 4.322074428338473003e-05 4.328205273227226713e-05 4.336742243423558177e-05 4.346340348968717146e-05 4.357000491850900482e-05 4.369669453403600596e-05 4.470114747659651821e-05 4.493084644562684503e-05 4.525865543318105630e-05 4.656646613161412313e-05 4.689429461869468375e-05 4.710736885957765574e-05 4.705258246777339101e-05 4.721553927896425220e-05 4.753871952433318582e-05 4.753196932230845069e-05 4.710718546320666978e-05 4.669606802629420068e-05 4.524475636689323982e-05 4.373645190180533980e-05 4.391797774256793246e-05 4.394254141183668921e-05 4.502164012789646472e-05 4.656801025314732885e-05 4.724421392628547618e-05
3.598617394422763736e-05 4.527930077184028616e-05 4.442651659792924061e-05 4.471918812714503001e-05 4.487773708859066791e-05 4.502183286421361199e-05 4.509782984361057476e-05 4.513312747198158851e-05 4.520678676340146492e-05 4.467476752657277442e-05 4.625905187263766729e-05 4.258917099138567096e-05 4.358265760772881380e-05 4.446580846485195142e-05 4.454124763826416240e-05 4.464826228925534128e-05 4.477954277946190559e-05 4.495221666160902248e-05 4.520229355920941033e-05 4.650337183142679210e-05 4.691340942531076902e-05 4.740542594781665448e-05 4.734210115016482457e-05 4.714815512562668925e-05 4.713533462958351860e-05 4.713499304905029836e-05 4.689795441256958727e-05 4.574223723666376860e-05 4.542729429498953888e-05 4.511065308177192345e-05 4.395260751818114934e-05 4.109582448721991690e-05 4.263755528245725469e-05 4.342936207234256055e-05 4.459269617187829922e-05 4.623045516114299109e-05 4.706051965163043530e-05
4.668130459805481630e-05 4.595080348210995279e-05 4.614996713162030061e-05 4.629444577943991955e-05 4.643437820845950118e-05 4.654371265716819372e-05 4.660800961989746045e-05 4.663128993059559876e-05 4.664441956541897033e-05 4.668081973303206427e-05 4.590976711532148444e-05 4.532228345949304430e-05 4.508839747695231819e-05 4.510202533795819524e-05 4.622138137178185505e-05 4.633419204015552041e-05 4.646552929613722319e-05 4.664146253269084154e-05 4.691676331774655124e-05 4.736402037568268391e-05 4.732427907813498732e-05 4.663457249938750417e-05 4.512470342444629897e-05 4.459832912347924558e-05 4.644328011948149342e-05 4.551213541071325546e-05 4.534846615078868491e-05 4.443389749632212677e-05 4.425004923266348994e-05 4.405127449682852886e-05 4.318029079203658527e-05 3.947340998575896506e-05 4.230186432125222469e-05 4.313412798453317246e-05 4.432837264981835836e-05 4.485201613690683036e-05 4.673236993396885332e-05
4.541929776450464928e-05 4.644423548546818627e-05 4.647908578335794259e-05 4.646324650209846972e-05 4.646573217145701112e-05 4.645333690624356881e-05 4.640028549545411029e-05 4.639933256836890842e-05 4.651664625125320149e-05 4.675819863313460058e-05 4.712580537634304955e-05 4.715483950503057876e-05 4.695969063270253869e-05 4.700351170007057089e-05 4.715774058613425687e-05 4.718137629281273345e-05 4.705240864733557755e-05 4.711060278564094928e-05 4.733018806413968286e-05 4.715396301209699416e-05 4.644711674212079655e-05 4.407488163804406279e-05 4.309380989052736600e-05 4.279602814535400282e-05 4.622649841048261169e-05 4.436644638134724510e-05 4.427747555944575530e-05 4.357505486835629334e-05 4.348926744378395296e-05 4.337286739453571818e-05 4.271836462142949173e-05 3.863795978124006921e-05 4.216284254764341642e-05 4.299953958668232819e-05 4.325614569045446565e-05 4.464562069223794682e-05 4.647305638038106356e-05
4.658673777752758547e-05 4.481477662161539372e-05 4.488938902478942287e-05 4.489973395194668190e-05 4.492642537122862740e-05 4.489529108095596571e-05 4.459151030668098633e-05 4.452635787630842879e-05 4.467984085326688083e-05 4.496812601517807665e-05 4.639043553755330330e-05 4.682346770589917875e-05 4.716528986406588920e-05 4.695527234945659945e-05 4.550011183886821885e-05 4.530864156094170176e-05 4.533031363727594188e-05 4.559602769198621818e-05 4.691514296162912806e-05 4.656781098486021612e-05 4.484441850655752687e-05 4.430921920661352593e-05 3.930418633585019386e-05 4.430712272269053150e-05 4.602857098460465685e-05 4.358423123774928697e-05 4.356735842411421877e-05 4.303393860599069305e-05 4.301795584174108252e-05 4.293569383800864174e-05 4.240570485415533951e-05 3.822498598098444489e-05 4.214665021462878818e-05 4.220463363196229936e-05 4.320628787863483623e-05 4.453136300460977423e-05 4.628451004979775929e-05
3.416349485079111999e-05 4.466046900010408910e-05 4.364775738666356914e-05 4.384125587368686513e-05 4.391305946615493236e-05 4.367371169018504262e-05 4.290620296041066343e-05 4.309933565800647088e-05 4.333653957493875880e-05 4.450113424631500542e-05 4.500003294239996360e-05 4.573446450191623265e-05 4.672451776598870896e-05 4.523910490488988121e-05 4.270246022864774557e-05 4.376055834526540244e-05 4.390113083311467898e-05 4.617528230894383151e-05 4.569245166042112911e-05 4.628157438108144068e-05 4.453692977265272403e-05 4.323728913948447647e-05 3.835094678415026974e-05 4.417589102589710440e-05 4.596252898215574508e-05 4.307116970845209963e-05 4.309915255168726066e-05 4.269924936361247411e-05 4.274462426075734079e-05 4.264769241095174248e-05 4.210933592144137228e-05 3.806720095545815220e-05 4.156885512721509700e-05 4.226628946522044785e-05 4.325255856679024503e-05 4.449948895016268168e-05 4.508170338078211703e-05
4.530075267742676335e-05 3.399840813296170077e-05 4.401036819697707187e-05 4.299342058027902494e-05 4.582323904215341995e-05 3.778394144350219030e-05 3.963962822139006768e-05 4.012027133269537509e-05 4.108065370697314850e-05 4.242084631756297012e-05 4.459754642148673907e-05 4.687721085883378967e-05 4.535792478572114552e-05 4.398975818459339076e-05 4.072112764682499334e-05 4.256328181091625614e-05 4.437837559648340695e-05 4.598576016282431673e-05 4.483510515734318762e-05 4.616929206610055728e-05 4.441103932314018830e-05 4.315016725437432316e-05 3.770363289677131503e-05 4.419684235284594492e-05 4.597636183545237627e-05 4.272762773752870522e-05 4.277848397666520456e-05 4.248974102075507830e-05 4.262248417743938592e-05 4.248176929141252969e-05 4.168519773260785297e-05 3.801538362833388067e-05 4.154983604920920408e-05 4.248265619782029475e-05 4.338644977147212219e-05 4.363259641562616727e-05 4.496985850066656173e-05
4.592799916364976930e-05 4.653637823550543264e-05 3.494257657921881623e-05 4.623462559264997408e-05 3.721671293971754726e-05 4.158395074049851353e-05 4.216190463857417270e-05 4.274884398356918044e-05 4.346980283066980951e-05 4.449222973230672557e-05 4.595540923296687974e-05 4.668393270487417062e-05 4.424924776532068005e-05 4.298953486944468550e-05 3.944425594280246452e-05 4.295789421542804541e-05 4.420179720055506667e-05 4.590336563459026977e-05 4.425925483537217577e-05 4.615915637917487798e-05 4.439406201282996580e-05 4.315611008382820709e-05 3.735231898972022192e-05 4.428760717323465502e-05 4.603378025143148967e-05 4.247602771494950099e-05 4.253768128635360178e-05 4.234138679162883649e-05 4.264775118436357971e-05 4.193290739223812062e-05 4.094765723712618581e-05 3.674721215509930744e-05 4.224567190706739851e-05 4.288581007640522732e-05 4.278446643956020302e-05 4.362904450621314618e-05 4.486294001500865450e-05
4.452104775066154129e-05 4.636526732879979034e-05 4.724770827451758469e-05 3.431256505652879527e-05 4.163738694237589452e-05 4.236340966809407224e-05 4.313857171670576913e-05 4.401124966541825192e-05 4.513117829802303912e-05 4.658032568813498764e-05 4.696110286878012397e-05 4.636379997085048413e-05 4.262143680691437355e-05 4.196079527718945792e-05 3.900563733426683384e-05 4.284360192125381654e-05 4.423746704214533143e-05 4.588981739625500500e-05 4.390143465794484848e-05 4.620726629107543967e-05 4.443780998031890216e-05 4.321194507028953345e-05 3.716548672344832308e-05 4.441060703797633979e-05 4.611482735841828659e-05 4.226267059133447212e-05 4.233416234051127808e-05 4.218473064727268639e-05 4.249149371911286488e-05 4.617477105454563307e-05 3.670733022121574807e-05 4.562214513681981699e-05 4.241735804178899040e-05 4.228451362293536521e-05 4.280235603692380771e-05 4.358519389433214615e-05 4.474075350705508625e-05
