output_new_topo_ddd_6/finaltopo_surface_water__discharge.asc
ncols 300
nrows 100
xllcorner 0.0
yllcorner 0.0
cellsize 10.0
[rows 0 to 16 of 100, columns 37 to 73 of 300]
0.000000000000000000e+00 0.000000000000000000e+00 0.000000000000000000e+00 0.000000000000000000e+00 0.000000000000000000e+00 0.000000000000000000e+00 0.000000000000000000e+00 0.000000000000000000e+00 0.000000000000000000e+00 0.000000000000000000e+00 0.000000000000000000e+00 0.000000000000000000e+00 0.000000000000000000e+00 0.000000000000000000e+00 0.000000000000000000e+00 0.000000000000000000e+00 0.000000000000000000e+00 0.000000000000000000e+00 0.000000000000000000e+00 0.000000000000000000e+00 0.000000000000000000e+00 0.000000000000000000e+00 0.000000000000000000e+00 0.000000000000000000e+00 0.000000000000000000e+00 0.000000000000000000e+00 0.000000000000000000e+00 0.000000000000000000e+00 0.000000000000000000e+00 0.000000000000000000e+00 0.000000000000000000e+00 0.000000000000000000e+00 0.000000000000000000e+00 0.000000000000000000e+00 0.000000000000000000e+00 0.000000000000000000e+00 0.000000000000000000e+00
8.000000000000000000e+01 8.000000000000000000e+01 8.000000000000000000e+01 8.000000000000000000e+01 8.000000000000000000e+01 8.000000000000000000e+01 8.000000000000000000e+01 8.000000000000000000e+01 8.000000000000000000e+01 8.000000000000000000e+01 8.000000000000000000e+01 8.000000000000000000e+01 8.000000000000000000e+01 8.000000000000000000e+01 8.000000000000000000e+01 8.000000000000000000e+01 8.000000000000000000e+01 8.000000000000000000e+01 8.000000000000000000e+01 8.000000000000000000e+01 8.000000000000000000e+01 8.000000000000000000e+01 8.000000000000000000e+01 8.000000000000000000e+01 8.000000000000000000e+01 8.000000000000000000e+01 8.000000000000000000e+01 8.000000000000000000e+01 8.000000000000000000e+01 8.000000000000000000e+01 8.000000000000000000e+01 8.000000000000000000e+01 8.000000000000000000e+01 8.000000000000000000e+01 8.000000000000000000e+01 8.000000000000000000e+01 8.000000000000000000e+01
1.600000000000000000e+02 1.600000000000000000e+02 1.600000000000000000e+02 1.600000000000000000e+02 1.600000000000000000e+02 1.600000000000000000e+02 2.400000000000000000e+02 1.600000000000000000e+02 1.600000000000000000e+02 1.600000000000000000e+02 1.600000000000000000e+02 1.600000000000000000e+02 1.600000000000000000e+02 1.600000000000000000e+02 1.600000000000000000e+02 1.600000000000000000e+02 1.600000000000000000e+02 8.000000000000000000e+01 8.000000000000000000e+01 1.600000000000000000e+02 1.600000000000000000e+02 1.600000000000000000e+02 1.600000000000000000e+02 1.600000000000000000e+02 1.600000000000000000e+02 1.600000000000000000e+02 1.600000000000000000e+02 1.600000000000000000e+02 1.600000000000000000e+02 1.600000000000000000e+02 1.600000000000000000e+02 1.600000000000000000e+02 1.600000000000000000e+02 1.600000000000000000e+02 1.600000000000000000e+02 1.600000000000000000e+02 1.600000000000000000e+02
2.400000000000000000e+02 2.400000000000000000e+02 2.400000000000000000e+02 2.400000000000000000e+02 2.400000000000000000e+02 2.400000000000000000e+02 4.800000000000000000e+02 2.400000000000000000e+02 2.400000000000000000e+02 2.400000000000000000e+02 2.400000000000000000e+02 2.400000000000000000e+02 2.400000000000000000e+02 2.400000000000000000e+02 2.400000000000000000e+02 2.400000000000000000e+02 1.600000000000000000e+02 8.000000000000000000e+01 8.000000000000000000e+01 1.600000000000000000e+02 2.400000000000000000e+02 2.400000000000000000e+02 2.400000000000000000e+02 2.400000000000000000e+02 2.400000000000000000e+02 2.400000000000000000e+02 2.400000000000000000e+02 2.400000000000000000e+02 2.400000000000000000e+02 2.400000000000000000e+02 2.400000000000000000e+02 2.400000000000000000e+02 2.400000000000000000e+02 2.400000000000000000e+02 2.400000000000000000e+02 2.400000000000000000e+02 2.400000000000000000e+02
3.200000000000000000e+02 3.200000000000000000e+02 3.200000000000000000e+02 3.200000000000000000e+02 3.200000000000000000e+02 3.200000000000000000e+02 8.000000000000000000e+02 3.200000000000000000e+02 3.200000000000000000e+02 3.200000000000000000e+02 3.200000000000000000e+02 3.200000000000000000e+02 3.200000000000000000e+02 3.200000000000000000e+02 3.200000000000000000e+02 2.400000000000000000e+02 1.600000000000000000e+02 8.000000000000000000e+01 8.000000000000000000e+01 1.600000000000000000e+02 2.400000000000000000e+02 3.200000000000000000e+02 3.200000000000000000e+02 3.200000000000000000e+02 3.200000000000000000e+02 3.200000000000000000e+02 3.200000000000000000e+02 3.200000000000000000e+02 3.200000000000000000e+02 3.200000000000000000e+02 3.200000000000000000e+02 3.200000000000000000e+02 3.200000000000000000e+02 3.200000000000000000e+02 3.200000000000000000e+02 3.200000000000000000e+02 3.200000000000000000e+02
4.000000000000000000e+02 4.000000000000000000e+02 4.000000000000000000e+02 4.000000000000000000e+02 4.000000000000000000e+02 4.000000000000000000e+02 1.200000000000000000e+03 4.000000000000000000e+02 4.000000000000000000e+02 4.000000000000000000e+02 4.000000000000000000e+02 4.000000000000000000e+02 4.000000000000000000e+02 4.000000000000000000e+02 3.200000000000000000e+02 3.200000000000000000e+02 8.000000000000000000e+01 8.000000000000000000e+01 1.600000000000000000e+02 1.600000000000000000e+02 2.400000000000000000e+02 3.200000000000000000e+02 4.000000000000000000e+02 4.000000000000000000e+02 4.000000000000000000e+02 4.000000000000000000e+02 4.000000000000000000e+02 4.000000000000000000e+02 4.000000000000000000e+02 4.000000000000000000e+02 4.000000000000000000e+02 4.000000000000000000e+02 4.000000000000000000e+02 4.000000000000000000e+02 4.000000000000000000e+02 4.000000000000000000e+02 4.000000000000000000e+02
4.800000000000000000e+02 4.800000000000000000e+02 4.800000000000000000e+02 4.800000000000000000e+02 4.800000000000000000e+02 4.800000000000000000e+02 6.080000000000000000e+03 4.400000000000000000e+03 3.920000000000000000e+03 3.360000000000000000e+03 2.800000000000000000e+03 2.240000000000000000e+03 1.680000000000000000e+03 1.120000000000000000e+03 6.400000000000000000e+02 1.600000000000000000e+02 8.000000000000000000e+01 8.000000000000000000e+01 1.600000000000000000e+02 2.400000000000000000e+02 2.400000000000000000e+02 3.200000000000000000e+02 4.000000000000000000e+02 4.800000000000000000e+02 4.800000000000000000e+02 4.800000000000000000e+02 4.800000000000000000e+02 4.800000000000000000e+02 4.800000000000000000e+02 4.800000000000000000e+02 4.800000000000000000e+02 4.800000000000000000e+02 4.800000000000000000e+02 4.800000000000000000e+02 4.800000000000000000e+02 4.800000000000000000e+02 4.800000000000000000e+02
5.600000000000000000e+02 5.600000000000000000e+02 5.600000000000000000e+02 5.600000000000000000e+02 1.112000000000000000e+04 1.008000000000000000e+04 2.400000000000000000e+02 1.600000000000000000e+02 8.000000000000000000e+01 8.000000000000000000e+01 8.000000000000000000e+01 8.000000000000000000e+01 8.000000000000000000e+01 8.000000000000000000e+01 8.000000000000000000e+01 8.000000000000000000e+01 8.000000000000000000e+01 8.000000000000000000e+01 1.600000000000000000e+02 2.400000000000000000e+02 3.200000000000000000e+02 3.200000000000000000e+02 4.000000000000000000e+02 4.800000000000000000e+02 5.600000000000000000e+02 5.600000000000000000e+02 5.600000000000000000e+02 5.600000000000000000e+02 5.600000000000000000e+02 5.600000000000000000e+02 5.600000000000000000e+02 5.600000000000000000e+02 5.600000000000000000e+02 5.600000000000000000e+02 5.600000000000000000e+02 5.600000000000000000e+02 5.600000000000000000e+02
6.400000000000000000e+02 8.000000000000000000e+01 1.200000000000000000e+03 1.200000000000000000e+04 2.400000000000000000e+02 1.600000000000000000e+02 3.680000000000000000e+03 7.200000000000000000e+02 6.400000000000000000e+02 5.600000000000000000e+02 4.800000000000000000e+02 4.000000000000000000e+02 3.200000000000000000e+02 2.400000000000000000e+02 1.600000000000000000e+02 8.000000000000000000e+01 8.000000000000000000e+01 1.600000000000000000e+02 1.600000000000000000e+02 2.400000000000000000e+02 3.200000000000000000e+02 4.000000000000000000e+02 4.000000000000000000e+02 4.800000000000000000e+02 5.600000000000000000e+02 6.400000000000000000e+02 6.400000000000000000e+02 6.400000000000000000e+02 6.400000000000000000e+02 6.400000000000000000e+02 6.400000000000000000e+02 6.400000000000000000e+02 6.400000000000000000e+02 6.400000000000000000e+02 6.400000000000000000e+02 6.400000000000000000e+02 6.400000000000000000e+02
8.000000000000000000e+01 8.000000000000000000e+02 1.408000000000000000e+04 7.200000000000000000e+02 5.600000000000000000e+02 3.200000000000000000e+02 8.000000000000000000e+01 2.880000000000000000e+03 6.400000000000000000e+02 5.600000000000000000e+02 4.800000000000000000e+02 4.000000000000000000e+02 3.200000000000000000e+02 2.400000000000000000e+02 1.600000000000000000e+02 8.000000000000000000e+01 8.000000000000000000e+01 1.600000000000000000e+02 2.400000000000000000e+02 2.400000000000000000e+02 3.200000000000000000e+02 4.000000000000000000e+02 4.800000000000000000e+02 4.800000000000000000e+02 5.600000000000000000e+02 6.400000000000000000e+02 7.200000000000000000e+02 7.200000000000000000e+02 7.200000000000000000e+02 7.200000000000000000e+02 7.200000000000000000e+02 7.200000000000000000e+02 7.200000000000000000e+02 7.200000000000000000e+02 7.200000000000000000e+02 7.200000000000000000e+02 7.200000000000000000e+02
8.800000000000000000e+02 1.536000000000000000e+04 8.000000000000000000e+01 8.000000000000000000e+01 8.000000000000000000e+01 1.600000000000000000e+02 2.400000000000000000e+02 8.000000000000000000e+01 2.080000000000000000e+03 1.520000000000000000e+03 1.200000000000000000e+03 8.800000000000000000e+02 6.400000000000000000e+02 4.000000000000000000e+02 2.400000000000000000e+02 8.000000000000000000e+01 8.000000000000000000e+01 2.400000000000000000e+02 4.800000000000000000e+02 8.000000000000000000e+02 1.600000000000000000e+03 2.240000000000000000e+03 2.960000000000000000e+03 3.760000000000000000e+03 4.640000000000000000e+03 5.600000000000000000e+03 6.720000000000000000e+03 7.920000000000000000e+03 9.120000000000000000e+03 1.032000000000000000e+04 1.152000000000000000e+04 1.272000000000000000e+04 1.392000000000000000e+04 1.552000000000000000e+04 1.672000000000000000e+04 1.792000000000000000e+04 1.912000000000000000e+04
1.696000000000000000e+04 8.000000000000000000e+01 3.200000000000000000e+02 2.400000000000000000e+02 1.600000000000000000e+02 8.000000000000000000e+01 8.000000000000000000e+01 1.600000000000000000e+02 2.400000000000000000e+02 2.400000000000000000e+02 2.400000000000000000e+02 2.400000000000000000e+02 1.600000000000000000e+02 1.600000000000000000e+02 8.000000000000000000e+01 8.000000000000000000e+01 8.000000000000000000e+01 1.600000000000000000e+02 2.400000000000000000e+02 4.800000000000000000e+02 2.400000000000000000e+02 2.400000000000000000e+02 2.400000000000000000e+02 3.200000000000000000e+02 3.200000000000000000e+02 4.000000000000000000e+02 4.000000000000000000e+02 4.000000000000000000e+02 4.000000000000000000e+02 4.000000000000000000e+02 4.000000000000000000e+02 4.000000000000000000e+02 4.000000000000000000e+02 4.000000000000000000e+02 4.000000000000000000e+02 4.000000000000000000e+02 4.000000000000000000e+02
8.000000000000000000e+01 5.600000000000000000e+02 4.800000000000000000e+02 4.000000000000000000e+02 3.200000000000000000e+02 2.400000000000000000e+02 1.600000000000000000e+02 8.000000000000000000e+01 8.000000000000000000e+01 1.600000000000000000e+02 1.600000000000000000e+02 1.600000000000000000e+02 1.600000000000000000e+02 8.000000000000000000e+01 8.000000000000000000e+01 8.000000000000000000e+01 8.000000000000000000e+01 8.000000000000000000e+01 1.600000000000000000e+02 1.600000000000000000e+02 1.600000000000000000e+02 1.600000000000000000e+02 2.400000000000000000e+02 2.400000000000000000e+02 3.200000000000000000e+02 3.200000000000000000e+02 3.200000000000000000e+02 3.200000000000000000e+02 3.200000000000000000e+02 3.200000000000000000e+02 3.200000000000000000e+02 3.200000000000000000e+02 3.200000000000000000e+02 3.200000000000000000e+02 3.200000000000000000e+02 3.200000000000000000e+02 3.200000000000000000e+02
8.000000000000000000e+02 7.200000000000000000e+02 6.400000000000000000e+02 5.600000000000000000e+02 4.800000000000000000e+02 4.000000000000000000e+02 3.200000000000000000e+02 2.400000000000000000e+02 1.600000000000000000e+02 8.000000000000000000e+01 8.000000000000000000e+01 8.000000000000000000e+01 8.000000000000000000e+01 8.000000000000000000e+01 8.000000000000000000e+01 8.000000000000000000e+01 1.600000000000000000e+02 1.600000000000000000e+02 8.000000000000000000e+01 8.000000000000000000e+01 8.000000000000000000e+01 1.600000000000000000e+02 1.600000000000000000e+02 2.400000000000000000e+02 2.400000000000000000e+02 2.400000000000000000e+02 2.400000000000000000e+02 2.400000000000000000e+02 2.400000000000000000e+02 2.400000000000000000e+02 2.400000000000000000e+02 2.400000000000000000e+02 2.400000000000000000e+02 2.400000000000000000e+02 2.400000000000000000e+02 2.400000000000000000e+02 2.400000000000000000e+02
9.600000000000000000e+02 8.800000000000000000e+02 8.000000000000000000e+02 7.200000000000000000e+02 6.400000000000000000e+02 5.600000000000000000e+02 4.800000000000000000e+02 4.000000000000000000e+02 3.200000000000000000e+02 2.400000000000000000e+02 1.600000000000000000e+02 8.000000000000000000e+01 8.000000000000000000e+01 8.000000000000000000e+01 1.600000000000000000e+02 8.000000000000000000e+01 1.600000000000000000e+02 2.400000000000000000e+02 2.400000000000000000e+02 8.000000000000000000e+01 8.000000000000000000e+01 8.000000000000000000e+01 1.600000000000000000e+02 1.600000000000000000e+02 1.600000000000000000e+02 1.600000000000000000e+02 1.600000000000000000e+02 1.600000000000000000e+02 1.600000000000000000e+02 1.600000000000000000e+02 1.600000000000000000e+02 1.600000000000000000e+02 1.600000000000000000e+02 1.600000000000000000e+02 1.600000000000000000e+02 1.600000000000000000e+02 1.600000000000000000e+02
8.800000000000000000e+02 8.000000000000000000e+02 7.200000000000000000e+02 6.400000000000000000e+02 5.600000000000000000e+02 4.800000000000000000e+02 4.000000000000000000e+02 3.200000000000000000e+02 2.400000000000000000e+02 1.600000000000000000e+02 8.000000000000000000e+01 1.600000000000000000e+02 8.000000000000000000e+01 1.600000000000000000e+02 2.400000000000000000e+02 8.000000000000000000e+01 1.600000000000000000e+02 2.400000000000000000e+02 6.400000000000000000e+02 8.000000000000000000e+01 8.000000000000000000e+01 8.000000000000000000e+01 8.000000000000000000e+01 8.000000000000000000e+01 8.000000000000000000e+01 8.000000000000000000e+01 8.000000000000000000e+01 8.000000000000000000e+01 8.000000000000000000e+01 8.000000000000000000e+01 8.000000000000000000e+01 8.000000000000000000e+01 8.000000000000000000e+01 8.000000000000000000e+01 8.000000000000000000e+01 8.000000000000000000e+01 8.000000000000000000e+01
8.000000000000000000e+01 8.000000000000000000e+01 8.000000000000000000e+01 8.000000000000000000e+01 8.000000000000000000e+01 8.000000000000000000e+01 8.000000000000000000e+01 8.000000000000000000e+01 8.000000000000000000e+01 8.000000000000000000e+01 2.400000000000000000e+02 8.000000000000000000e+01 1.600000000000000000e+02 2.400000000000000000e+02 3.200000000000000000e+02 1.600000000000000000e+02 8.000000000000000000e+01 2.400000000000000000e+02 1.040000000000000000e+03 1.600000000000000000e+02 8.000000000000000000e+01 8.000000000000000000e+01 8.000000000000000000e+01 8.000000000000000000e+01 8.000000000000000000e+01 8.000000000000000000e+01 8.000000000000000000e+01 8.000000000000000000e+01 8.000000000000000000e+01 8.000000000000000000e+01 8.000000000000000000e+01 8.000000000000000000e+01 8.000000000000000000e+01 8.000000000000000000e+01 8.000000000000000000e+01 8.000000000000000000e+01 8.000000000000000000e+01
