output_new_topo_ddd_6/finaltopo_flow__link_to_receiver_node.asc
ncols 300
nrows 100
xllcorner 0.0
yllcorner 0.0
cellsize 10.0
[rows 51 to 67 of 100, columns 222 to 258 of 300]
2.867400000000000000e+04 8.815000000000000000e+04 8.815500000000000000e+04 2.897700000000000000e+04 2.897800000000000000e+04 2.897900000000000000e+04 2.898000000000000000e+04 2.898100000000000000e+04 2.898200000000000000e+04 8.816900000000000000e+04 2.868400000000000000e+04 2.898400000000000000e+04 2.898500000000000000e+04 2.898600000000000000e+04 2.898700000000000000e+04 2.898800000000000000e+04 2.898900000000000000e+04 2.899000000000000000e+04 2.899100000000000000e+04 2.899200000000000000e+04 2.899300000000000000e+04 2.899400000000000000e+04 2.899500000000000000e+04 2.899600000000000000e+04 8.879600000000000000e+04 8.879800000000000000e+04 8.880000000000000000e+04 8.880200000000000000e+04 8.880400000000000000e+04 8.880600000000000000e+04 8.880800000000000000e+04 2.900500000000000000e+04 2.900600000000000000e+04 2.900700000000000000e+04 2.900800000000000000e+04 2.900900000000000000e+04 2.901000000000000000e+04
2.807500000000000000e+04 2.807600000000000000e+04 2.807700000000000000e+04 8.755900000000000000e+04 2.837900000000000000e+04 8.816000000000000000e+04 8.816200000000000000e+04 8.816400000000000000e+04 2.838300000000000000e+04 2.838400000000000000e+04 2.808500000000000000e+04 2.838500000000000000e+04 2.838600000000000000e+04 2.838700000000000000e+04 2.838800000000000000e+04 2.838900000000000000e+04 2.839000000000000000e+04 2.839100000000000000e+04 2.839200000000000000e+04 2.839300000000000000e+04 2.839400000000000000e+04 2.839500000000000000e+04 2.839600000000000000e+04 2.839700000000000000e+04 2.839900000000000000e+04 2.840000000000000000e+04 2.840100000000000000e+04 2.840200000000000000e+04 2.840300000000000000e+04 2.840400000000000000e+04 2.840500000000000000e+04 2.840600000000000000e+04 2.840700000000000000e+04 8.761900000000000000e+04 8.762100000000000000e+04 8.762300000000000000e+04 8.762500000000000000e+04
8.695500000000000000e+04 2.747700000000000000e+04 2.747800000000000000e+04 2.747900000000000000e+04 8.696300000000000000e+04 8.696500000000000000e+04 8.696700000000000000e+04 2.778300000000000000e+04 2.778400000000000000e+04 2.778500000000000000e+04 2.748600000000000000e+04 2.778600000000000000e+04 2.778700000000000000e+04 2.778800000000000000e+04 2.778900000000000000e+04 2.779000000000000000e+04 2.779100000000000000e+04 2.779200000000000000e+04 2.779300000000000000e+04 2.779400000000000000e+04 2.779500000000000000e+04 2.779600000000000000e+04 2.779700000000000000e+04 2.779800000000000000e+04 2.780000000000000000e+04 2.780100000000000000e+04 2.780200000000000000e+04 2.780300000000000000e+04 2.780400000000000000e+04 2.780500000000000000e+04 2.780600000000000000e+04 2.780700000000000000e+04 2.780800000000000000e+04 2.780900000000000000e+04 2.781000000000000000e+04 2.781100000000000000e+04 2.781200000000000000e+04
2.717700000000000000e+04 8.635900000000000000e+04 2.687900000000000000e+04 2.688000000000000000e+04 8.636500000000000000e+04 8.636700000000000000e+04 8.636900000000000000e+04 8.637100000000000000e+04 8.637300000000000000e+04 2.718600000000000000e+04 2.688700000000000000e+04 2.718700000000000000e+04 2.718800000000000000e+04 2.718900000000000000e+04 2.719000000000000000e+04 2.719100000000000000e+04 2.719200000000000000e+04 2.719300000000000000e+04 2.719400000000000000e+04 2.719500000000000000e+04 2.719600000000000000e+04 2.719700000000000000e+04 2.719800000000000000e+04 2.719900000000000000e+04 2.720100000000000000e+04 2.720200000000000000e+04 2.720300000000000000e+04 2.720400000000000000e+04 2.720500000000000000e+04 2.720600000000000000e+04 2.720700000000000000e+04 2.720800000000000000e+04 2.720900000000000000e+04 2.721000000000000000e+04 8.702200000000000000e+04 8.702400000000000000e+04 8.702600000000000000e+04
2.657800000000000000e+04 2.657900000000000000e+04 8.576300000000000000e+04 8.576500000000000000e+04 2.628200000000000000e+04 2.628300000000000000e+04 8.577100000000000000e+04 2.628500000000000000e+04 2.628600000000000000e+04 2.658700000000000000e+04 2.628800000000000000e+04 2.658800000000000000e+04 2.658900000000000000e+04 2.659000000000000000e+04 2.659100000000000000e+04 8.578600000000000000e+04 8.578800000000000000e+04 2.659400000000000000e+04 2.659500000000000000e+04 2.659600000000000000e+04 2.659700000000000000e+04 2.659800000000000000e+04 2.659900000000000000e+04 2.660000000000000000e+04 2.660200000000000000e+04 2.660300000000000000e+04 2.660400000000000000e+04 2.660500000000000000e+04 2.660600000000000000e+04 2.660700000000000000e+04 2.660800000000000000e+04 8.582100000000000000e+04 8.582300000000000000e+04 8.582500000000000000e+04 8.582700000000000000e+04 8.582900000000000000e+04 8.583100000000000000e+04
2.597900000000000000e+04 2.598000000000000000e+04 2.598100000000000000e+04 2.598200000000000000e+04 2.598300000000000000e+04 2.598400000000000000e+04 2.598500000000000000e+04 2.598600000000000000e+04 2.598700000000000000e+04 8.517900000000000000e+04 2.568900000000000000e+04 2.598900000000000000e+04 8.518200000000000000e+04 8.518400000000000000e+04 8.518600000000000000e+04 2.599300000000000000e+04 2.599400000000000000e+04 2.599500000000000000e+04 2.599600000000000000e+04 2.599700000000000000e+04 2.599800000000000000e+04 2.599900000000000000e+04 2.600000000000000000e+04 8.520400000000000000e+04 2.600300000000000000e+04 2.600400000000000000e+04 2.600500000000000000e+04 2.600600000000000000e+04 2.600700000000000000e+04 2.600800000000000000e+04 2.600900000000000000e+04 2.601000000000000000e+04 2.601100000000000000e+04 2.601200000000000000e+04 2.601300000000000000e+04 2.601400000000000000e+04 2.601500000000000000e+04
8.516000000000000000e+04 8.516200000000000000e+04 8.516400000000000000e+04 2.568200000000000000e+04 2.568300000000000000e+04 8.517000000000000000e+04 8.517200000000000000e+04 8.517400000000000000e+04 8.517600000000000000e+04 2.538900000000000000e+04 2.509000000000000000e+04 2.539000000000000000e+04 2.539100000000000000e+04 2.539200000000000000e+04 2.539300000000000000e+04 2.539400000000000000e+04 2.539500000000000000e+04 8.459400000000000000e+04 8.459600000000000000e+04 8.459800000000000000e+04 8.460000000000000000e+04 8.460200000000000000e+04 8.460400000000000000e+04 8.460600000000000000e+04 2.540400000000000000e+04 2.540500000000000000e+04 2.540600000000000000e+04 2.540700000000000000e+04 2.540800000000000000e+04 2.540900000000000000e+04 2.541000000000000000e+04 8.522200000000000000e+04 8.522400000000000000e+04 8.522600000000000000e+04 8.522800000000000000e+04 8.523000000000000000e+04 8.523200000000000000e+04
8.456200000000000000e+04 8.456400000000000000e+04 8.456600000000000000e+04 8.456800000000000000e+04 8.457000000000000000e+04 8.457200000000000000e+04 8.457400000000000000e+04 2.478800000000000000e+04 2.478900000000000000e+04 2.479000000000000000e+04 2.449100000000000000e+04 2.479100000000000000e+04 8.398600000000000000e+04 8.398800000000000000e+04 8.399000000000000000e+04 8.399200000000000000e+04 8.399400000000000000e+04 8.399600000000000000e+04 8.399800000000000000e+04 8.400000000000000000e+04 8.400200000000000000e+04 8.400400000000000000e+04 8.400600000000000000e+04 8.400800000000000000e+04 8.461000000000000000e+04 8.461200000000000000e+04 8.461400000000000000e+04 8.461600000000000000e+04 8.461800000000000000e+04 8.462000000000000000e+04 8.462200000000000000e+04 8.462400000000000000e+04 8.462600000000000000e+04 8.462800000000000000e+04 8.463000000000000000e+04 8.463200000000000000e+04 8.463400000000000000e+04
8.396400000000000000e+04 8.396600000000000000e+04 8.396800000000000000e+04 8.397000000000000000e+04 8.397200000000000000e+04 2.418700000000000000e+04 2.418800000000000000e+04 2.418900000000000000e+04 2.419000000000000000e+04 2.419100000000000000e+04 2.389200000000000000e+04 2.419200000000000000e+04 2.419300000000000000e+04 2.419400000000000000e+04 2.419500000000000000e+04 2.419600000000000000e+04 2.419700000000000000e+04 2.419800000000000000e+04 2.419900000000000000e+04 2.420000000000000000e+04 2.420100000000000000e+04 2.420200000000000000e+04 2.420300000000000000e+04 2.420400000000000000e+04 2.420500000000000000e+04 8.401400000000000000e+04 8.401600000000000000e+04 8.401800000000000000e+04 8.402000000000000000e+04 8.402200000000000000e+04 8.402400000000000000e+04 8.402600000000000000e+04 2.421400000000000000e+04 2.421500000000000000e+04 2.421600000000000000e+04 2.421700000000000000e+04 2.421800000000000000e+04
8.276900000000000000e+04 8.277100000000000000e+04 8.277300000000000000e+04 8.277500000000000000e+04 8.277700000000000000e+04 2.358800000000000000e+04 2.358900000000000000e+04 2.359000000000000000e+04 2.359100000000000000e+04 2.359200000000000000e+04 2.329300000000000000e+04 2.359300000000000000e+04 2.359400000000000000e+04 2.359500000000000000e+04 8.339300000000000000e+04 8.339500000000000000e+04 8.339700000000000000e+04 8.339900000000000000e+04 8.340100000000000000e+04 8.340300000000000000e+04 2.360200000000000000e+04 2.360300000000000000e+04 2.360400000000000000e+04 2.360500000000000000e+04 2.360600000000000000e+04 8.341600000000000000e+04 8.341800000000000000e+04 8.342000000000000000e+04 2.361100000000000000e+04 2.361200000000000000e+04 2.361300000000000000e+04 2.361400000000000000e+04 2.361500000000000000e+04 2.361600000000000000e+04 2.361700000000000000e+04 2.361800000000000000e+04 2.361900000000000000e+04
2.268400000000000000e+04 2.268500000000000000e+04 8.217500000000000000e+04 8.217700000000000000e+04 8.217900000000000000e+04 8.218100000000000000e+04 8.218300000000000000e+04 8.218500000000000000e+04 8.218700000000000000e+04 2.299300000000000000e+04 2.269400000000000000e+04 2.299400000000000000e+04 2.299500000000000000e+04 2.299600000000000000e+04 2.299700000000000000e+04 2.299800000000000000e+04 2.299900000000000000e+04 2.300000000000000000e+04 2.300100000000000000e+04 2.300200000000000000e+04 2.300300000000000000e+04 2.300400000000000000e+04 2.300500000000000000e+04 2.300600000000000000e+04 2.300700000000000000e+04 8.281800000000000000e+04 2.301000000000000000e+04 2.301100000000000000e+04 2.301200000000000000e+04 2.301300000000000000e+04 2.301400000000000000e+04 2.301500000000000000e+04 2.301600000000000000e+04 2.301700000000000000e+04 2.301800000000000000e+04 2.301900000000000000e+04 2.302000000000000000e+04
2.208500000000000000e+04 2.208600000000000000e+04 2.208700000000000000e+04 8.157900000000000000e+04 8.158100000000000000e+04 8.158300000000000000e+04 8.158500000000000000e+04 8.158700000000000000e+04 8.158900000000000000e+04 2.209400000000000000e+04 8.159000000000000000e+04 2.239500000000000000e+04 2.239600000000000000e+04 2.239700000000000000e+04 2.239800000000000000e+04 2.239900000000000000e+04 2.240000000000000000e+04 2.240100000000000000e+04 2.240200000000000000e+04 2.240300000000000000e+04 2.240400000000000000e+04 2.240500000000000000e+04 2.240600000000000000e+04 2.240700000000000000e+04 2.240800000000000000e+04 2.241000000000000000e+04 2.241100000000000000e+04 2.241200000000000000e+04 2.241300000000000000e+04 2.241400000000000000e+04 2.241500000000000000e+04 2.241600000000000000e+04 2.241700000000000000e+04 8.223600000000000000e+04 8.223800000000000000e+04 8.224000000000000000e+04 8.224200000000000000e+04
8.097500000000000000e+04 2.148700000000000000e+04 2.148800000000000000e+04 2.148900000000000000e+04 8.098300000000000000e+04 8.098500000000000000e+04 8.098700000000000000e+04 8.098900000000000000e+04 2.179400000000000000e+04 2.149500000000000000e+04 2.179500000000000000e+04 8.159300000000000000e+04 2.179700000000000000e+04 2.179800000000000000e+04 2.179900000000000000e+04 2.180000000000000000e+04 2.180100000000000000e+04 2.180200000000000000e+04 2.180300000000000000e+04 2.180400000000000000e+04 2.180500000000000000e+04 2.180600000000000000e+04 2.180700000000000000e+04 2.180800000000000000e+04 8.102000000000000000e+04 2.181100000000000000e+04 2.181200000000000000e+04 2.181300000000000000e+04 2.181400000000000000e+04 2.181500000000000000e+04 2.181600000000000000e+04 2.181700000000000000e+04 2.181800000000000000e+04 2.181900000000000000e+04 2.182000000000000000e+04 8.164200000000000000e+04 8.164400000000000000e+04
2.118700000000000000e+04 8.037900000000000000e+04 2.088900000000000000e+04 2.089000000000000000e+04 8.038500000000000000e+04 8.038700000000000000e+04 8.038900000000000000e+04 8.039100000000000000e+04 2.089500000000000000e+04 8.039200000000000000e+04 2.119600000000000000e+04 2.119700000000000000e+04 2.119800000000000000e+04 2.119900000000000000e+04 2.120000000000000000e+04 2.120100000000000000e+04 2.120200000000000000e+04 2.120300000000000000e+04 2.120400000000000000e+04 2.120500000000000000e+04 2.120600000000000000e+04 2.120700000000000000e+04 2.120800000000000000e+04 8.042000000000000000e+04 8.042200000000000000e+04 8.042400000000000000e+04 2.121300000000000000e+04 2.121400000000000000e+04 2.121500000000000000e+04 2.121600000000000000e+04 8.043700000000000000e+04 8.043900000000000000e+04 8.044100000000000000e+04 8.044300000000000000e+04 8.044500000000000000e+04 8.044700000000000000e+04 8.044900000000000000e+04
2.058800000000000000e+04 2.058900000000000000e+04 7.978300000000000000e+04 2.029100000000000000e+04 2.029200000000000000e+04 7.978900000000000000e+04 7.979100000000000000e+04 2.059500000000000000e+04 2.029600000000000000e+04 2.059600000000000000e+04 8.039500000000000000e+04 2.059800000000000000e+04 2.059900000000000000e+04 2.060000000000000000e+04 2.060100000000000000e+04 2.060200000000000000e+04 2.060300000000000000e+04 2.060400000000000000e+04 2.060500000000000000e+04 2.060600000000000000e+04 2.060700000000000000e+04 7.981800000000000000e+04 7.982000000000000000e+04 7.982200000000000000e+04 7.982400000000000000e+04 7.982600000000000000e+04 2.061400000000000000e+04 2.061500000000000000e+04 2.061600000000000000e+04 2.061700000000000000e+04 2.061800000000000000e+04 7.984100000000000000e+04 7.984300000000000000e+04 7.984500000000000000e+04 7.984700000000000000e+04 7.984900000000000000e+04 7.985100000000000000e+04
1.998900000000000000e+04 1.999000000000000000e+04 1.999100000000000000e+04 7.918700000000000000e+04 1.969300000000000000e+04 7.919100000000000000e+04 7.919300000000000000e+04 1.969600000000000000e+04 7.919400000000000000e+04 1.999700000000000000e+04 1.999800000000000000e+04 1.999900000000000000e+04 2.000000000000000000e+04 2.000100000000000000e+04 2.000200000000000000e+04 2.000300000000000000e+04 2.000400000000000000e+04 2.000500000000000000e+04 2.000600000000000000e+04 7.921600000000000000e+04 7.921800000000000000e+04 7.922000000000000000e+04 1.971100000000000000e+04 7.922400000000000000e+04 7.922600000000000000e+04 7.922800000000000000e+04 7.923000000000000000e+04 2.001600000000000000e+04 2.001700000000000000e+04 2.001800000000000000e+04 2.001900000000000000e+04 2.002000000000000000e+04 2.002100000000000000e+04 7.924700000000000000e+04 7.924900000000000000e+04 7.925100000000000000e+04 7.925300000000000000e+04
1.939000000000000000e+04 1.939100000000000000e+04 1.939200000000000000e+04 1.939300000000000000e+04 7.859100000000000000e+04 1.909500000000000000e+04 1.939600000000000000e+04 1.909700000000000000e+04 1.939700000000000000e+04 7.919700000000000000e+04 1.939900000000000000e+04 1.940000000000000000e+04 1.940100000000000000e+04 1.940200000000000000e+04 7.860800000000000000e+04 7.861000000000000000e+04 7.861200000000000000e+04 7.861400000000000000e+04 7.861600000000000000e+04 7.861800000000000000e+04 7.862000000000000000e+04 1.911100000000000000e+04 1.911200000000000000e+04 7.862600000000000000e+04 7.862800000000000000e+04 7.863000000000000000e+04 7.863200000000000000e+04 1.941700000000000000e+04 1.941800000000000000e+04 1.941900000000000000e+04 1.942000000000000000e+04 1.942100000000000000e+04 1.942200000000000000e+04 1.942300000000000000e+04 1.942400000000000000e+04 1.942500000000000000e+04 1.942600000000000000e+04
