output_new_topo_ddd_6/finaltopo_soil_production__rate.asc
ncols 300
nrows 100
xllcorner 0.0
yllcorner 0.0
cellsize 10.0
[rows 0 to 16 of 100, columns 185 to 221 of 300]
0.000000000000000000e+00 0.000000000000000000e+00 0.000000000000000000e+00 0.000000000000000000e+00 0.000000000000000000e+00 0.000000000000000000e+00 0.000000000000000000e+00 0.000000000000000000e+00 0.000000000000000000e+00 0.000000000000000000e+00 0.000000000000000000e+00 0.000000000000000000e+00 0.000000000000000000e+00 0.000000000000000000e+00 0.000000000000000000e+00 0.000000000000000000e+00 0.000000000000000000e+00 0.000000000000000000e+00 0.000000000000000000e+00 0.000000000000000000e+00 0.000000000000000000e+00 0.000000000000000000e+00 0.000000000000000000e+00 0.000000000000000000e+00 0.000000000000000000e+00 0.000000000000000000e+00 0.000000000000000000e+00 0.000000000000000000e+00 0.000000000000000000e+00 0.000000000000000000e+00 0.000000000000000000e+00 0.000000000000000000e+00 0.000000000000000000e+00 0.000000000000000000e+00 0.000000000000000000e+00 0.000000000000000000e+00 0.000000000000000000e+00
4.684968949183974658e-05 4.677713730327257528e-05 4.693936600760558359e-05 4.723556859043989925e-05 4.764878338603890158e-05 4.758686750558550920e-05 4.756225391103180406e-05 4.732478737012449284e-05 4.710563634762537450e-05 4.719352236150472558e-05 4.728615956364976285e-05 4.731392703208371913e-05 4.731445723891915272e-05 4.730804027306168848e-05 4.730089841397947989e-05 4.726786387197359589e-05 4.750406635182215324e-05 4.771220145349627280e-05 4.751164309213539073e-05 4.742635438885153977e-05 4.746282727129253316e-05 4.752116385773613732e-05 4.757860793831961035e-05 4.762376490943789415e-05 4.765059876877139432e-05 4.765560567623304815e-05 4.763695722650208581e-05 4.759695913614741354e-05 4.754957193285991275e-05 4.753503902769178871e-05 4.763034715449359073e-05 4.736594696924665470e-05 4.598380597311277698e-05 4.562448047800300157e-05 4.538301584995606817e-05 4.505328314319665035e-05 4.505460356605366903e-05
4.411665448494155278e-05 4.486416123719463265e-05 4.524963163328361317e-05 4.579387378620225453e-05 4.688590345243537718e-05 4.590402370263637016e-05 4.583477661958873566e-05 4.672501078936597323e-05 4.527081686603806002e-05 4.455048169559558017e-05 4.541610534712286427e-05 4.541850378842398017e-05 4.536966452320965131e-05 4.530971949420887731e-05 4.526642697530883170e-05 4.444075283000679065e-05 4.563296486265616149e-05 4.669292599722246978e-05 4.449189999757167176e-05 4.539433648953087257e-05 4.550066218207582283e-05 4.559533988986020058e-05 4.566693514943357004e-05 4.571793668381759601e-05 4.575428517204873150e-05 4.578400376488581732e-05 4.582112624298178069e-05 4.589910436385216398e-05 4.610858664170657993e-05 4.669649491577171683e-05 4.925590115112992904e-05 4.670669195167412356e-05 4.212663525808617521e-05 4.328140470810222339e-05 4.345426297460911044e-05 4.233078196033812483e-05 4.326648087171566537e-05
4.209012860991321112e-05 4.342086185050871266e-05 4.408435847287901885e-05 4.645679735321058137e-05 4.552158437686668047e-05 4.463804681776228824e-05 4.455500570501353828e-05 4.526833231465984716e-05 4.579529159687521089e-05 4.243153495337260924e-05 4.416332739731533731e-05 4.410909040653115932e-05 4.399732611549918076e-05 4.388124397336072194e-05 4.381767369848401397e-05 4.225187092181860329e-05 4.614156825777456677e-05 4.513709860390855837e-05 4.211126346316779683e-05 4.392264684527266819e-05 4.406458518699316577e-05 4.417368070172808964e-05 4.424378405970153948e-05 4.429230564726619970e-05 4.433790462949896769e-05 4.440379187209689477e-05 4.453327791343148027e-05 4.482567201500280699e-05 4.550262383059414171e-05 4.809098573776944752e-05 4.753989037585777314e-05 4.632612828982085433e-05 4.326289490470557649e-05 4.000365191565718884e-05 4.145806449043258830e-05 3.995716089876671928e-05 4.205617032919040034e-05
4.007741982451078384e-05 4.297345878214675700e-05 4.486779851477383702e-05 4.645751980154915394e-05 4.451632948544030665e-05 4.376223324484220819e-05 4.370114748170248305e-05 4.428366648804826609e-05 4.557538959078131721e-05 4.144129383030093622e-05 4.338557393164207862e-05 4.328394331300661088e-05 4.309695532478270946e-05 4.291276776064063825e-05 4.270832612546381118e-05 4.136215869256237463e-05 4.593965171972206154e-05 4.423793285533906037e-05 4.060676965286207644e-05 4.300384449515613186e-05 4.312703636681554679e-05 4.320410321680535052e-05 4.324251468523680964e-05 4.327554946850941026e-05 4.333394857784872255e-05 4.346837606784509589e-05 4.378491097938909811e-05 4.447978317251807427e-05 4.682138716852431631e-05 4.635310268166299892e-05 4.696735595467516528e-05 4.603573418368123936e-05 4.351382650451749015e-05 4.126572332114402069e-05 3.881339773782541819e-05 3.789991873255828286e-05 4.130127121243818518e-05
4.231822691768702345e-05 4.371353234703085033e-05 4.495038232286867802e-05 4.631553094489227238e-05 4.377679795659374096e-05 4.317047894837750790e-05 4.316323650558045316e-05 4.364577045829416859e-05 4.549777973651869436e-05 4.083943034735596297e-05 4.294434395825927532e-05 4.279795573613501915e-05 4.251762877839423299e-05 4.230574280547139062e-05 4.164397669678413980e-05 4.073908202250225871e-05 4.611889840152996934e-05 4.379504979290427984e-05 3.985006002239187544e-05 4.255707420235128039e-05 4.260343568142252414e-05 4.259853897939154830e-05 4.259256661717618093e-05 4.261388452423741036e-05 4.271098361587755262e-05 4.298875742705764039e-05 4.364066005873004010e-05 4.581213150901444737e-05 4.524366547601199048e-05 4.590145868270288307e-05 4.690821900837264749e-05 4.568230581162581303e-05 4.339553322548407208e-05 4.162554904088512555e-05 4.001491628519903500e-05 3.605823627662641017e-05 4.082587632332350017e-05
4.283805536268165521e-05 4.377427867641606814e-05 4.611166250970077197e-05 4.528555561896530361e-05 4.324607278058647457e-05 4.277037983868184839e-05 4.285199277827824664e-05 4.325671791285194250e-05 4.550059490576729564e-05 4.047103788990365691e-05 4.274502698977610774e-05 4.255256791796967929e-05 4.212337621624821440e-05 4.216987282154328740e-05 3.889302146409720474e-05 4.447340411377498782e-05 4.575795544161409984e-05 4.359642954705070722e-05 3.973563006473941416e-05 4.260309590441460311e-05 4.244721306280381149e-05 4.239200020493379741e-05 4.236172456948275134e-05 4.238129269694066570e-05 4.253652821591947082e-05 4.297832266934596191e-05 4.478351783474395837e-05 4.246374323358595974e-05 4.409715050040774454e-05 4.627867642888839277e-05 4.716671667795450582e-05 4.509123602742494614e-05 4.302635485831729576e-05 4.158695317168030188e-05 4.033089429209685950e-05 3.560173301709544771e-05 4.062124930844737030e-05
4.288517565051210701e-05 4.469437309233788356e-05 4.624167832013437575e-05 4.454603789945222285e-05 4.283929722854854411e-05 4.247910398255112352e-05 4.271921535825172131e-05 4.253514077337767417e-05 4.557636221779589675e-05 4.024895587093246021e-05 4.275543708923459761e-05 4.189444134980377908e-05 4.170271346041087601e-05 4.210780977805815469e-05 3.905626937110369027e-05 4.580964303077339164e-05 4.216744149259836423e-05 4.639056009584753771e-05 3.670866292574834834e-05 3.760583932494864379e-05 3.740886988936468132e-05 3.744898018833133706e-05 3.756291006345835974e-05 3.779218867816144643e-05 3.824204122227699987e-05 3.896365438966617933e-05 3.931364587115410668e-05 4.353598196593541332e-05 4.544493326707193398e-05 4.696870746393245647e-05 4.671252400159335984e-05 4.432944211132062512e-05 4.251923402602427154e-05 4.136480894301628407e-05 4.039307691995142405e-05 3.549676653813128917e-05 4.058096491442746059e-05
4.367088317773042534e-05 4.482770091710614434e-05 4.639755540568585545e-05 4.395280996125098475e-05 4.250659010248779149e-05 4.221866805660804735e-05 4.243946142805768743e-05 4.613860620297983344e-05 4.166144634317543900e-05 4.012296967026901312e-05 4.263755624698233857e-05 4.568530640878814707e-05 4.019425334960040146e-05 4.229734322973076148e-05 3.635455168758968634e-05 3.750834088096795764e-05 3.729514230444682586e-05 3.640883340476670110e-05 4.336133537442581531e-05 4.554287154542331341e-05 4.550666177210967368e-05 4.455800914494801224e-05 4.410779223436315708e-05 4.390510878392571572e-05 4.390092158717823071e-05 4.402920342221853801e-05 4.516641874595079089e-05 4.419957240960948643e-05 4.648754163721441303e-05 4.773751655939523442e-05 4.604061866680423477e-05 4.326838101031560294e-05 4.207426062969670227e-05 4.113598085141554229e-05 4.038190089991946905e-05 3.550982471059044987e-05 4.066722097807940394e-05
4.380336057698391421e-05 4.497762458985162686e-05 4.635606392923874875e-05 4.345965445425374835e-05 4.223434878860162059e-05 4.199966163810366874e-05 4.219772111935783340e-05 4.617990665728151194e-05 4.453979968505401068e-05 3.942168778398905761e-05 4.269442408353246618e-05 4.564942466360699625e-05 4.028980770906090333e-05 3.606547785428862397e-05 4.542488545942163617e-05 4.666136095094124776e-05 4.637972068634351998e-05 4.591431968531122393e-05 4.521159650944755445e-05 4.563184927623243297e-05 4.622591178993874306e-05 4.638597510910324871e-05 4.513459377163005464e-05 4.482509045576732573e-05 4.483320976392408795e-05 4.500417358032609546e-05 4.532876031542115383e-05 4.692796069112846198e-05 4.735607384546541956e-05 4.704654343249572274e-05 4.545288537768670445e-05 4.322689373977531182e-05 4.156353742683835113e-05 4.100891266929597087e-05 4.040680932383879385e-05 3.557904809795669457e-05 4.067326734258249458e-05
4.393239015299550129e-05 4.609220055285764465e-05 4.538787145019850639e-05 4.307267845430159297e-05 4.201886316648708095e-05 4.181985414912596104e-05 4.199320906337264121e-05 4.625278157182027405e-05 4.459743457119973148e-05 3.939522554509713689e-05 4.271265077893875406e-05 4.625028896122326865e-05 3.637455941400031276e-05 4.540180139296158183e-05 4.621730842254217976e-05 4.626694798259150149e-05 4.296013509150990712e-05 4.310944379657859823e-05 4.295929858402713176e-05 4.310841930562451114e-05 4.367156235012996580e-05 4.475632099229401393e-05 4.605940101900160962e-05 4.622005671910353630e-05 4.628030244756790320e-05 4.643282213948488009e-05 4.671323561801966776e-05 4.714885513186767020e-05 4.699030263118863214e-05 4.612510516602158516e-05 4.412314254279858669e-05 4.324559538683526235e-05 4.185222390398814918e-05 4.082588482577177090e-05 4.061474212846155634e-05 3.548479331335328992e-05 4.429290511067767296e-05
4.474174666259009124e-05 4.609765914792436886e-05 4.468176607953567886e-05 4.276358371155068987e-05 4.184956332337764877e-05 4.167103310832640488e-05 4.180932830736533543e-05 4.635091175670632999e-05 4.468696725169491596e-05 3.935925123825895721e-05 4.251112958078013388e-05 4.669641034682211567e-05 3.739332511496432771e-05 4.590900726886207041e-05 4.467279310103756392e-05 3.973469368605789156e-05 4.097878316426522980e-05 4.128484147010245937e-05 4.145587811808762495e-05 4.162949765869464652e-05 4.194360994645844777e-05 4.251322835793514563e-05 4.349008094981974914e-05 4.450487157671698032e-05 4.561060851265952396e-05 4.683261026989930695e-05 4.710870550686647274e-05 4.637364005790300497e-05 4.501598634019525106e-05 4.555718490332998349e-05 4.392061665881183635e-05 4.254539755334111798e-05 4.211419621832904387e-05 4.121571912914027394e-05 4.057877233979061620e-05 3.571365756946604989e-05 4.439102907964556784e-05
4.440890010208396456e-05 4.601975072627162867e-05 4.414315145642632647e-05 4.251768208897635770e-05 4.171777646137659999e-05 4.154711338214621516e-05 4.163263450525290143e-05 4.645566194597127753e-05 4.479592676820534419e-05 3.940243229988600604e-05 4.225179653623176791e-05 4.630105194747469914e-05 3.680804091850144709e-05 3.891490211345854662e-05 3.834936189795808842e-05 4.043352259830493279e-05 4.107596451979763058e-05 4.155270187782419630e-05 4.190793539355385688e-05 4.224835859753800217e-05 4.267467703011266870e-05 4.327496773125083930e-05 4.411887368404097373e-05 4.520119887995424954e-05 4.650828579140576152e-05 4.687557914608429430e-05 4.513149673397650078e-05 4.454051020196382431e-05 4.352942321650015079e-05 4.415402635005555130e-05 4.482874270161579604e-05 4.263773166223805091e-05 4.171352147930763068e-05 4.151473603559153428e-05 4.086502550926072200e-05 3.579429912054873404e-05 4.444281474861757052e-05
4.397054770947873072e-05 4.601644640388048257e-05 4.373640139752809296e-05 4.231896995340437586e-05 4.161743358872928365e-05 4.144791783230773334e-05 4.150860540854199972e-05 4.554748028618478827e-05 4.592321049826991123e-05 3.957807122854130739e-05 4.247474737278769447e-05 3.641655080722356713e-05 4.194322210780652700e-05 4.180270785506499264e-05 4.170108814915177527e-05 4.151724414583063004e-05 4.159079768160324535e-05 4.175153425827635926e-05 4.196679177363101155e-05 4.226104344436710277e-05 4.268874700098601274e-05 4.331902282854022238e-05 4.421769698860197260e-05 4.540653603201730146e-05 4.678545391664878879e-05 4.517826950865733469e-05 4.351202008797495018e-05 4.322515054944606536e-05 4.248511651865114304e-05 4.310979960821028907e-05 4.487025490290129278e-05 4.348694274012822802e-05 4.190370269706111757e-05 4.124996399394182517e-05 4.111182966384110087e-05 3.583993952301865591e-05 4.442250851099802849e-05
4.473488788619170935e-05 4.619568497102904850e-05 4.339766738595539656e-05 4.214587987638835975e-05 4.154731935262196378e-05 4.136633738205944743e-05 4.144481182810412251e-05 4.483938949589280935e-05 4.615250445748712296e-05 4.005517562306272532e-05 3.684098566311927952e-05 4.214574808857448940e-05 4.205357688875424729e-05 4.207264358083389575e-05 4.207132478288528259e-05 4.205353360225992426e-05 4.208234342856287863e-05 4.217895485995095664e-05 4.237138848214634537e-05 4.270301685224386483e-05 4.323811399659716395e-05 4.404664181134910079e-05 4.518276885926588137e-05 4.659664534087019856e-05 4.622966980609929819e-05 4.519159164652153751e-05 4.163971473253850640e-05 4.237589727314338577e-05 4.179424273036175697e-05 4.233491546958611574e-05 4.477564239935030542e-05 4.357812489158770805e-05 4.263937793111301629e-05 4.147835813073262118e-05 4.094020314088335770e-05 3.589481605869032107e-05 4.436761506026732212e-05
4.537209531860446880e-05 4.615243351556266892e-05 4.308112963767687817e-05 4.198530068781384600e-05 4.151940090524401357e-05 4.128854715081133438e-05 4.149356633685262859e-05 4.426057710568675872e-05 4.605715568680588458e-05 3.658779273271250217e-05 4.263711720758255947e-05 4.247022249829776559e-05 4.242701407305614158e-05 4.238762338202773272e-05 4.235919881310372165e-05 4.234488602068952863e-05 4.237659791686807810e-05 4.248586933121133039e-05 4.273165375389067100e-05 4.317121364161159415e-05 4.389470877834123180e-05 4.495996091717403164e-05 4.639277151272021168e-05 4.676356228735757063e-05 4.554044109607892761e-05 4.367361824931939514e-05 4.070499051791079094e-05 4.179735760684744078e-05 4.136710271515267313e-05 4.181377565768157892e-05 4.371428520314893449e-05 4.460896274866495994e-05 4.265397030893367815e-05 4.213489449925340857e-05 4.123324205380410042e-05 3.604548884427977802e-05 4.439038500903821427e-05
4.459955377942675215e-05 4.571743576743091131e-05 4.286944346376759195e-05 4.183331049297238802e-05 4.156706650174082435e-05 4.117059909806229087e-05 4.174246738920391292e-05 4.422239811336912567e-05 3.557450914799441743e-05 3.934687774234701848e-05 3.879743926850674963e-05 3.865947303623248237e-05 3.864707579330041914e-05 3.873970763607364912e-05 3.886114879180304244e-05 3.912841456072400811e-05 3.945714038264599023e-05 4.004391255063393767e-05 4.076750342963445753e-05 4.193663442030556209e-05 4.328375270638585979e-05 4.518230002983234054e-05 4.682072460866585766e-05 4.610160804711566670e-05 4.408230591951570133e-05 4.334789017284421993e-05 3.990110788359629233e-05 4.137223471168813749e-05 4.114528985496784737e-05 4.148679359216959488e-05 4.296515387039408001e-05 4.457149433105084225e-05 4.327986019259308912e-05 4.199309997403344216e-05 4.218722059693867985e-05 3.666887197547632327e-05 3.541517481037193986e-05
