output_new_topo_ddd_6/finaltopo_flow__link_to_receiver_node.asc
ncols 300
nrows 100
xllcorner 0.0
yllcorner 0.0
cellsize 10.0
[rows 68 to 84 of 100, columns 222 to 258 of 300]
1.879100000000000000e+04 1.879200000000000000e+04 1.879300000000000000e+04 1.879400000000000000e+04 1.879500000000000000e+04 7.799500000000000000e+04 1.879700000000000000e+04 1.849800000000000000e+04 1.879800000000000000e+04 7.800000000000000000e+04 7.800200000000000000e+04 7.800400000000000000e+04 7.800600000000000000e+04 7.800800000000000000e+04 7.801000000000000000e+04 7.801200000000000000e+04 1.880600000000000000e+04 1.880700000000000000e+04 1.880800000000000000e+04 1.880900000000000000e+04 1.851100000000000000e+04 1.851200000000000000e+04 1.851300000000000000e+04 7.802800000000000000e+04 7.803000000000000000e+04 7.803200000000000000e+04 7.803400000000000000e+04 7.803600000000000000e+04 1.881900000000000000e+04 1.882000000000000000e+04 1.882100000000000000e+04 1.882200000000000000e+04 7.864600000000000000e+04 7.864800000000000000e+04 7.865000000000000000e+04 7.865200000000000000e+04 7.865400000000000000e+04
1.819200000000000000e+04 1.819300000000000000e+04 1.819400000000000000e+04 1.819500000000000000e+04 1.819600000000000000e+04 1.819700000000000000e+04 1.819800000000000000e+04 7.740100000000000000e+04 1.790000000000000000e+04 7.740200000000000000e+04 7.740400000000000000e+04 7.740600000000000000e+04 7.740800000000000000e+04 7.741000000000000000e+04 7.741200000000000000e+04 1.820600000000000000e+04 1.820700000000000000e+04 1.820800000000000000e+04 1.820900000000000000e+04 1.791100000000000000e+04 1.791200000000000000e+04 1.791300000000000000e+04 1.791400000000000000e+04 7.743000000000000000e+04 7.743200000000000000e+04 7.743400000000000000e+04 7.743600000000000000e+04 7.743800000000000000e+04 7.804000000000000000e+04 7.804200000000000000e+04 7.804400000000000000e+04 7.804600000000000000e+04 7.804800000000000000e+04 7.805000000000000000e+04 7.805200000000000000e+04 7.805400000000000000e+04 7.805600000000000000e+04
1.759300000000000000e+04 1.759400000000000000e+04 1.759500000000000000e+04 1.759600000000000000e+04 1.759700000000000000e+04 7.739600000000000000e+04 7.739800000000000000e+04 1.760000000000000000e+04 1.730100000000000000e+04 1.760100000000000000e+04 1.760200000000000000e+04 1.760300000000000000e+04 1.760400000000000000e+04 1.760500000000000000e+04 1.760600000000000000e+04 1.760700000000000000e+04 1.760800000000000000e+04 1.760900000000000000e+04 1.731100000000000000e+04 1.731200000000000000e+04 1.731300000000000000e+04 1.731400000000000000e+04 1.731500000000000000e+04 7.683200000000000000e+04 7.683400000000000000e+04 7.683600000000000000e+04 7.683800000000000000e+04 7.684000000000000000e+04 7.684200000000000000e+04 7.744400000000000000e+04 7.744600000000000000e+04 7.744800000000000000e+04 7.745000000000000000e+04 7.745200000000000000e+04 7.745400000000000000e+04 7.745600000000000000e+04 7.745800000000000000e+04
1.699400000000000000e+04 1.699500000000000000e+04 1.699600000000000000e+04 1.699700000000000000e+04 7.679600000000000000e+04 1.729800000000000000e+04 1.700000000000000000e+04 1.700100000000000000e+04 1.670200000000000000e+04 1.700200000000000000e+04 1.700300000000000000e+04 1.700400000000000000e+04 1.700500000000000000e+04 1.700600000000000000e+04 7.681500000000000000e+04 1.700800000000000000e+04 1.700900000000000000e+04 1.701000000000000000e+04 7.622700000000000000e+04 7.622900000000000000e+04 1.671400000000000000e+04 1.671500000000000000e+04 1.671600000000000000e+04 7.623400000000000000e+04 7.623600000000000000e+04 7.623800000000000000e+04 7.624000000000000000e+04 7.624200000000000000e+04 7.624400000000000000e+04 7.624600000000000000e+04 7.684800000000000000e+04 7.685000000000000000e+04 7.685200000000000000e+04 7.685400000000000000e+04 7.685600000000000000e+04 7.685800000000000000e+04 7.686000000000000000e+04
7.619000000000000000e+04 7.619200000000000000e+04 7.619400000000000000e+04 7.619600000000000000e+04 1.669800000000000000e+04 1.640000000000000000e+04 1.640100000000000000e+04 1.640200000000000000e+04 7.560900000000000000e+04 1.610400000000000000e+04 7.561000000000000000e+04 7.561200000000000000e+04 7.561400000000000000e+04 1.640700000000000000e+04 1.640800000000000000e+04 1.640900000000000000e+04 1.641000000000000000e+04 7.562700000000000000e+04 7.562900000000000000e+04 7.563100000000000000e+04 1.611500000000000000e+04 1.611600000000000000e+04 1.611700000000000000e+04 7.563600000000000000e+04 7.563800000000000000e+04 7.564000000000000000e+04 7.564200000000000000e+04 7.564400000000000000e+04 7.564600000000000000e+04 7.564800000000000000e+04 7.625000000000000000e+04 7.625200000000000000e+04 7.625400000000000000e+04 1.642800000000000000e+04 1.642900000000000000e+04 1.643000000000000000e+04 1.643100000000000000e+04
7.559200000000000000e+04 7.559400000000000000e+04 7.559600000000000000e+04 7.559800000000000000e+04 1.580000000000000000e+04 1.580100000000000000e+04 1.580200000000000000e+04 7.560600000000000000e+04 1.580400000000000000e+04 1.550500000000000000e+04 1.580500000000000000e+04 1.580600000000000000e+04 1.580700000000000000e+04 1.580800000000000000e+04 1.580900000000000000e+04 1.581000000000000000e+04 1.581100000000000000e+04 7.502900000000000000e+04 7.503100000000000000e+04 7.503300000000000000e+04 1.551600000000000000e+04 1.551700000000000000e+04 7.503600000000000000e+04 1.581800000000000000e+04 7.504000000000000000e+04 7.504200000000000000e+04 7.504400000000000000e+04 7.504600000000000000e+04 7.504800000000000000e+04 7.505000000000000000e+04 7.505200000000000000e+04 1.582700000000000000e+04 1.582800000000000000e+04 1.582900000000000000e+04 1.583000000000000000e+04 1.583100000000000000e+04 1.583200000000000000e+04
1.519700000000000000e+04 7.439900000000000000e+04 7.440100000000000000e+04 7.440300000000000000e+04 7.440500000000000000e+04 7.440700000000000000e+04 7.440900000000000000e+04 7.441100000000000000e+04 1.520500000000000000e+04 1.490600000000000000e+04 1.520600000000000000e+04 1.520700000000000000e+04 1.520800000000000000e+04 1.520900000000000000e+04 1.521000000000000000e+04 1.521100000000000000e+04 7.442900000000000000e+04 7.443100000000000000e+04 7.443300000000000000e+04 7.443500000000000000e+04 1.491700000000000000e+04 1.491800000000000000e+04 7.443800000000000000e+04 7.444000000000000000e+04 7.444200000000000000e+04 7.444400000000000000e+04 7.444600000000000000e+04 7.444800000000000000e+04 7.445000000000000000e+04 7.445200000000000000e+04 7.445400000000000000e+04 7.445600000000000000e+04 1.522900000000000000e+04 1.523000000000000000e+04 1.523100000000000000e+04 7.446700000000000000e+04 7.446900000000000000e+04
7.379900000000000000e+04 7.380100000000000000e+04 7.380300000000000000e+04 7.380500000000000000e+04 7.380700000000000000e+04 7.380900000000000000e+04 7.381100000000000000e+04 7.381300000000000000e+04 1.430600000000000000e+04 7.381400000000000000e+04 1.460700000000000000e+04 1.460800000000000000e+04 1.460900000000000000e+04 1.461000000000000000e+04 1.461100000000000000e+04 7.382600000000000000e+04 7.383100000000000000e+04 7.383300000000000000e+04 7.383500000000000000e+04 7.383700000000000000e+04 1.431800000000000000e+04 7.383800000000000000e+04 1.461900000000000000e+04 7.384200000000000000e+04 7.384400000000000000e+04 7.384600000000000000e+04 7.384800000000000000e+04 7.385000000000000000e+04 7.385200000000000000e+04 7.385400000000000000e+04 7.385600000000000000e+04 7.385800000000000000e+04 1.463000000000000000e+04 1.463100000000000000e+04 1.463200000000000000e+04 1.463300000000000000e+04 1.463400000000000000e+04
1.399900000000000000e+04 1.400000000000000000e+04 7.320500000000000000e+04 7.320700000000000000e+04 7.320900000000000000e+04 7.321100000000000000e+04 7.321300000000000000e+04 1.370600000000000000e+04 7.321400000000000000e+04 1.400700000000000000e+04 7.381700000000000000e+04 7.381900000000000000e+04 1.401000000000000000e+04 1.401100000000000000e+04 7.322600000000000000e+04 7.322800000000000000e+04 7.323300000000000000e+04 7.323500000000000000e+04 7.323700000000000000e+04 7.323900000000000000e+04 1.371900000000000000e+04 7.324000000000000000e+04 7.324200000000000000e+04 7.324400000000000000e+04 7.324600000000000000e+04 7.324800000000000000e+04 7.325000000000000000e+04 7.325200000000000000e+04 7.325400000000000000e+04 7.325600000000000000e+04 7.325800000000000000e+04 7.326000000000000000e+04 7.326200000000000000e+04 1.403200000000000000e+04 1.403300000000000000e+04 1.403400000000000000e+04 1.403500000000000000e+04
1.340000000000000000e+04 1.340100000000000000e+04 1.340200000000000000e+04 1.340300000000000000e+04 1.340400000000000000e+04 1.340500000000000000e+04 1.340600000000000000e+04 7.261700000000000000e+04 1.310800000000000000e+04 7.261800000000000000e+04 7.262000000000000000e+04 1.341000000000000000e+04 7.262400000000000000e+04 7.262600000000000000e+04 7.262800000000000000e+04 1.311500000000000000e+04 7.263500000000000000e+04 7.263700000000000000e+04 7.263900000000000000e+04 7.264100000000000000e+04 1.312000000000000000e+04 7.264200000000000000e+04 7.264400000000000000e+04 7.264600000000000000e+04 7.264800000000000000e+04 7.265000000000000000e+04 7.265200000000000000e+04 7.265400000000000000e+04 7.265600000000000000e+04 7.265800000000000000e+04 7.266000000000000000e+04 7.266200000000000000e+04 7.266400000000000000e+04 1.343300000000000000e+04 1.343400000000000000e+04 1.343500000000000000e+04 1.343600000000000000e+04
1.280100000000000000e+04 1.280200000000000000e+04 1.280300000000000000e+04 1.280400000000000000e+04 1.280500000000000000e+04 1.280600000000000000e+04 7.261400000000000000e+04 1.280800000000000000e+04 1.250900000000000000e+04 1.280900000000000000e+04 1.281000000000000000e+04 7.202400000000000000e+04 7.202600000000000000e+04 7.202800000000000000e+04 7.203000000000000000e+04 1.251600000000000000e+04 7.203700000000000000e+04 7.203900000000000000e+04 1.251900000000000000e+04 7.204300000000000000e+04 1.252100000000000000e+04 7.204400000000000000e+04 7.204600000000000000e+04 7.204800000000000000e+04 1.282400000000000000e+04 1.282500000000000000e+04 1.282600000000000000e+04 1.252800000000000000e+04 7.205800000000000000e+04 7.206000000000000000e+04 7.206200000000000000e+04 7.206400000000000000e+04 7.206600000000000000e+04 7.206800000000000000e+04 7.267000000000000000e+04 7.267200000000000000e+04 7.267400000000000000e+04
1.220200000000000000e+04 1.220300000000000000e+04 1.220400000000000000e+04 1.220500000000000000e+04 1.220600000000000000e+04 1.220700000000000000e+04 1.220800000000000000e+04 1.220900000000000000e+04 1.191000000000000000e+04 1.221000000000000000e+04 7.142400000000000000e+04 1.191300000000000000e+04 7.142800000000000000e+04 7.143000000000000000e+04 7.143200000000000000e+04 1.191700000000000000e+04 7.143900000000000000e+04 7.144100000000000000e+04 1.192000000000000000e+04 1.192100000000000000e+04 7.144400000000000000e+04 1.222200000000000000e+04 1.222300000000000000e+04 1.222400000000000000e+04 1.222500000000000000e+04 1.222600000000000000e+04 1.192800000000000000e+04 1.192900000000000000e+04 7.146000000000000000e+04 7.146200000000000000e+04 7.146400000000000000e+04 7.146600000000000000e+04 7.146800000000000000e+04 7.147000000000000000e+04 7.207200000000000000e+04 7.207400000000000000e+04 7.207600000000000000e+04
1.160300000000000000e+04 1.160400000000000000e+04 1.160500000000000000e+04 1.160600000000000000e+04 1.160700000000000000e+04 1.160800000000000000e+04 1.160900000000000000e+04 1.161000000000000000e+04 1.131100000000000000e+04 1.161100000000000000e+04 1.131300000000000000e+04 1.131400000000000000e+04 7.083000000000000000e+04 7.083200000000000000e+04 7.083400000000000000e+04 1.131800000000000000e+04 7.084100000000000000e+04 7.084300000000000000e+04 1.132100000000000000e+04 7.084400000000000000e+04 1.162200000000000000e+04 1.162300000000000000e+04 7.144900000000000000e+04 7.145100000000000000e+04 1.162600000000000000e+04 1.162700000000000000e+04 7.086100000000000000e+04 1.133000000000000000e+04 7.086200000000000000e+04 7.086400000000000000e+04 7.086600000000000000e+04 7.086800000000000000e+04 7.087000000000000000e+04 7.087200000000000000e+04 7.087400000000000000e+04 7.147600000000000000e+04 7.147800000000000000e+04
1.100400000000000000e+04 1.100500000000000000e+04 1.100600000000000000e+04 1.100700000000000000e+04 1.100800000000000000e+04 1.100900000000000000e+04 1.101000000000000000e+04 1.101100000000000000e+04 7.022700000000000000e+04 1.071300000000000000e+04 1.071400000000000000e+04 1.071500000000000000e+04 7.023200000000000000e+04 7.023400000000000000e+04 7.023600000000000000e+04 7.023800000000000000e+04 7.024300000000000000e+04 7.024500000000000000e+04 1.072200000000000000e+04 7.024600000000000000e+04 1.102300000000000000e+04 1.102400000000000000e+04 1.102500000000000000e+04 1.102600000000000000e+04 1.102700000000000000e+04 7.026100000000000000e+04 7.026300000000000000e+04 1.073100000000000000e+04 7.026400000000000000e+04 7.026600000000000000e+04 7.026800000000000000e+04 7.027000000000000000e+04 7.027200000000000000e+04 7.027400000000000000e+04 7.027600000000000000e+04 7.027800000000000000e+04 7.088000000000000000e+04
1.040500000000000000e+04 1.040600000000000000e+04 1.040700000000000000e+04 1.040800000000000000e+04 1.040900000000000000e+04 1.041000000000000000e+04 7.022200000000000000e+04 7.022400000000000000e+04 1.041300000000000000e+04 1.041400000000000000e+04 1.041500000000000000e+04 6.963500000000000000e+04 1.011700000000000000e+04 6.963600000000000000e+04 6.963800000000000000e+04 6.964000000000000000e+04 6.964500000000000000e+04 6.964700000000000000e+04 1.012300000000000000e+04 6.964800000000000000e+04 1.042400000000000000e+04 1.042500000000000000e+04 1.042600000000000000e+04 6.965600000000000000e+04 6.965800000000000000e+04 6.966300000000000000e+04 6.966500000000000000e+04 1.013200000000000000e+04 6.966600000000000000e+04 6.966800000000000000e+04 6.967000000000000000e+04 6.967200000000000000e+04 6.967400000000000000e+04 6.967600000000000000e+04 6.967800000000000000e+04 6.968000000000000000e+04 6.968500000000000000e+04
6.961200000000000000e+04 6.961400000000000000e+04 6.961600000000000000e+04 6.961800000000000000e+04 6.962000000000000000e+04 6.962200000000000000e+04 6.962400000000000000e+04 6.962600000000000000e+04 6.962800000000000000e+04 1.011400000000000000e+04 1.011500000000000000e+04 9.817000000000000000e+03 6.903900000000000000e+04 9.519000000000000000e+03 6.904000000000000000e+04 6.904200000000000000e+04 6.904700000000000000e+04 6.904900000000000000e+04 9.524000000000000000e+03 9.824000000000000000e+03 6.905200000000000000e+04 6.905400000000000000e+04 6.905600000000000000e+04 6.905800000000000000e+04 9.530000000000000000e+03 6.906500000000000000e+04 6.906700000000000000e+04 9.533000000000000000e+03 6.906800000000000000e+04 6.907000000000000000e+04 6.907200000000000000e+04 6.907400000000000000e+04 6.907600000000000000e+04 6.907800000000000000e+04 6.908000000000000000e+04 6.908200000000000000e+04 6.908700000000000000e+04
6.901400000000000000e+04 6.901600000000000000e+04 6.901800000000000000e+04 6.902000000000000000e+04 6.902200000000000000e+04 6.902400000000000000e+04 6.902600000000000000e+04 6.902800000000000000e+04 6.903000000000000000e+04 9.515000000000000000e+03 6.903400000000000000e+04 6.903600000000000000e+04 9.219000000000000000e+03 6.844300000000000000e+04 8.921000000000000000e+03 6.844400000000000000e+04 6.844600000000000000e+04 6.845100000000000000e+04 8.925000000000000000e+03 9.225000000000000000e+03 6.845400000000000000e+04 6.845600000000000000e+04 6.845800000000000000e+04 6.846000000000000000e+04 6.846500000000000000e+04 6.846700000000000000e+04 8.933000000000000000e+03 8.934000000000000000e+03 6.847000000000000000e+04 6.847200000000000000e+04 6.847400000000000000e+04 6.847600000000000000e+04 6.847800000000000000e+04 6.848000000000000000e+04 6.848200000000000000e+04 6.848400000000000000e+04 6.848900000000000000e+04
