output_new_topo_ddd_6/finaltopo_topographic__steepest_slope.asc
ncols 300
nrows 100
xllcorner 0.0
yllcorner 0.0
cellsize 10.0
[rows 17 to 33 of 100, columns 37 to 73 of 300]
1.311085124804441948e-01 1.361209501642335062e-01 1.408084715122845665e-01 1.453202089340299707e-01 1.483910827903074936e-01 1.499067637699405264e-01 1.486502140778452330e-01 1.388161616209706573e-01 1.241700650958637020e-01 1.014622050600961639e-01 1.095866425244235443e-01 1.290824270673489593e-01 1.365102755366084664e-01 1.351326369695858287e-01 1.280211063678688421e-01 1.223172713398145844e-01 1.330670339161774407e-01 1.477578407071972189e-01 1.221865848008341915e-01 1.414052307918434170e-01 1.256412266433569735e-01 9.857448254745240779e-02 8.461547814677618240e-02 1.083924300619733133e-01 1.227603774544427234e-01 1.307845420080746002e-01 1.347265262173077405e-01 1.362055183349411558e-01 1.362936345138791583e-01 1.356575893072256567e-01 1.346846309732080416e-01 1.335794577549634932e-01 1.324343462211066969e-01 1.312799288159573474e-01 1.301262287073900181e-01 1.289962820761531570e-01 1.279320644849338828e-01
9.075623258243012415e-02 9.738667544228363226e-02 1.044760599691414854e-01 1.130588352071399127e-01 1.206717325595754176e-01 1.275487778443931686e-01 1.352527953071881173e-01 1.276811200750465614e-01 1.093237371818904791e-01 8.857367140619913648e-02 1.245082312386269763e-01 1.383301859354158780e-01 1.410140939677205496e-01 1.362236947823557698e-01 1.245195423365991899e-01 1.169926520249280344e-01 1.313151729633793563e-01 1.476445677363684705e-01 1.166245621325344983e-01 1.438962118624018682e-01 1.336937444376480044e-01 1.104656133347955288e-01 9.035663532470511461e-02 1.195651896130907471e-01 1.363033307875931299e-01 1.448179709343963284e-01 1.484803167205686891e-01 1.493942828864138206e-01 1.488607673433714196e-01 1.476348979263476247e-01 1.461219102586830965e-01 1.445163870723663313e-01 1.428951572218480903e-01 1.412770977815760998e-01 1.396637324599321883e-01 1.380681190875751307e-01 1.365262436396123824e-01
1.348157779092172270e-01 1.389325595490898957e-01 1.417379680721702895e-01 1.407501011126172374e-01 1.445710393790801962e-01 1.395847330781582185e-01 1.205342401522898482e-01 1.008009982075566968e-01 6.912390895338341168e-02 1.113738590586243055e-01 1.374398766389148818e-01 1.430460802809175591e-01 1.421001881955099577e-01 1.358044065927661026e-01 1.178463859202761171e-01 1.075154228612269919e-01 1.281048500341393226e-01 1.443968976637522994e-01 1.096258942054934293e-01 1.460198324310572615e-01 1.376879993856227336e-01 1.167369906431244969e-01 8.945641485849811780e-02 1.238963793880125119e-01 1.426505430389113371e-01 1.509506169363726835e-01 1.538592682056068861e-01 1.539942993897293610e-01 1.528011509420162950e-01 1.510606730297781863e-01 1.491535315415503382e-01 1.472363490641002137e-01 1.453514645539136507e-01 1.434892112441920886e-01 1.416246058657744944e-01 1.397443679233494329e-01 1.378727289780955489e-01
1.231641389220327898e-01 1.290455044264865736e-01 1.314901414997332318e-01 1.316144185024806235e-01 1.285794953004540664e-01 1.198786787230586987e-01 9.887167137040517306e-02 6.932115166425562025e-02 9.892085923129834146e-02 1.394562996379638264e-01 1.351500102558908512e-01 1.438120675727798670e-01 1.408974117774342005e-01 1.364096522569095415e-01 1.224074682677027404e-01 9.547385411582524906e-02 1.244230180051994622e-01 1.391257556380329219e-01 1.028172240142360694e-01 1.463930445187216489e-01 1.390321503704686212e-01 1.199308154238989260e-01 8.321305982358562225e-02 1.240948069130202447e-01 1.454438508970378463e-01 1.535674145271484770e-01 1.550439765399265202e-01 1.541200652236253132e-01 1.521521618338022575e-01 1.498883241539737954e-01 1.476475472461883653e-01 1.455221352965996306e-01 1.435053849342853294e-01 1.415513703635025156e-01 1.396021916693113984e-01 1.376045300817326511e-01 1.355330906463646512e-01
1.258268706853048202e-01 1.206077747881263151e-01 1.148116643235109480e-01 1.084947043707264885e-01 1.026081770882238536e-01 8.905428644394092208e-02 6.330206921453437885e-02 8.178123159149475185e-02 1.220933420934497138e-01 1.527941473734851230e-01 1.323566120560197845e-01 1.449233915579405674e-01 1.372296918906531771e-01 1.150269391498099508e-01 1.403671834798894125e-01 9.000298452587446318e-02 1.170941601837683227e-01 1.312321678044145734e-01 9.613495404276690970e-02 1.452591301687154446e-01 1.384858879412696198e-01 1.204662117681785660e-01 8.553864013733623872e-02 1.224753597004470673e-01 1.473734557077096829e-01 1.552374499207130887e-01 1.546681986909000661e-01 1.523208659504490525e-01 1.493978423650428045e-01 1.465185764118359935e-01 1.439353701351614723e-01 1.416400030271362520e-01 1.395600183756455503e-01 1.376091256838440080e-01 1.357002680645656434e-01 1.337462310562200496e-01 1.316598373838473168e-01
1.177952580894775225e-01 1.165414285441301045e-01 1.121960873802834158e-01 1.035124784253351748e-01 9.715476898272303041e-02 8.810967403020798783e-02 7.117187209533201719e-02 1.036402041322248557e-01 1.321630258251202117e-01 1.457598726809691825e-01 1.374043274184129082e-01 1.494424247746700130e-01 1.374797557068436760e-01 1.224713042701325860e-01 1.209000140722790578e-01 8.506366351814503846e-02 1.130381883346400357e-01 1.192876987462991589e-01 8.981709561687481469e-02 1.428163823036887048e-01 1.368509216738786616e-01 1.207831151550032428e-01 8.615742674978982274e-02 1.186631913558964940e-01 1.495757426408731439e-01 1.597247733088525412e-01 1.522869053866852118e-01 1.503490856788431695e-01 1.461508921824380969e-01 1.424141592626042840e-01 1.394166601703587804e-01 1.369375082250857967e-01 1.348090200678814521e-01 1.328990391441226271e-01 1.310950728091438422e-01 1.292964076927146377e-01 1.273899537650579616e-01
1.191037889193733157e-01 1.228404380023474657e-01 1.242654727009945698e-01 1.221237057683917382e-01 1.157503621030655655e-01 1.019174450073901950e-01 8.571027331692811224e-02 1.158832283856942452e-01 1.389214869409523823e-01 1.504266850452831150e-01 1.539798303477591945e-01 1.227873367872135135e-01 1.027802934001176283e-01 1.487827588044237370e-01 1.203674829101489541e-01 8.321672810950592192e-02 1.124412642707688509e-01 1.245279262748184290e-01 8.281899370069396860e-02 1.380050532207112435e-01 1.367226935935621224e-01 1.225122758344346502e-01 8.720848369091306618e-02 1.097929029708247101e-01 1.490910858605928868e-01 1.550274975102688413e-01 1.430046525748415454e-01 1.484798676113406324e-01 1.426353840395921113e-01 1.370597131151490011e-01 1.335414431172667060e-01 1.308123393218448283e-01 1.285969206489796512e-01 1.267171333006552603e-01 1.250353544681544471e-01 1.234377405003535683e-01 1.218388176777365078e-01
1.371995557565738877e-01 1.379370297884839058e-01 1.366187678104698600e-01 1.329568411270770634e-01 1.247060610402867115e-01 1.079534944014999970e-01 9.543787588965706170e-02 1.218918418836262424e-01 1.416074258770363969e-01 1.507965604377769220e-01 1.557007342561041729e-01 1.167666537840766211e-01 1.059406851448818493e-01 1.329634860387354789e-01 1.128703904764976479e-01 8.222517410571868191e-02 1.114929599294426366e-01 1.240962654172923368e-01 7.820154660108365186e-02 1.349796536300949257e-01 1.418271258119783718e-01 1.262766989821879349e-01 9.026526138150813006e-02 9.185747436774605035e-02 1.393628098823008199e-01 1.636009214995539085e-01 1.836325785851400383e-01 1.367726641964068790e-01 1.182455539302360165e-01 1.047681851824926041e-01 9.436673578968317322e-02 8.632800374375584895e-02 7.988560823683528433e-02 7.450207426547876544e-02 6.981404216944878116e-02 6.559102799465925393e-02 6.171222879600755246e-02
1.431451534468493880e-01 1.421924893180460114e-01 1.406403742089825937e-01 1.368065972488124726e-01 1.282363723167232739e-01 1.092136996451417708e-01 1.008987517215800267e-01 1.248407708220662937e-01 1.419578791101856197e-01 1.475107052229380211e-01 1.468446657295444657e-01 9.197246930751638849e-02 1.441243163039669928e-01 1.345558127249725788e-01 1.149829663981042777e-01 8.177009156220159392e-02 1.102883256459977063e-01 1.223826032549740206e-01 7.398327046629624149e-02 1.278581155511873402e-01 1.286301147136807432e-01 1.200759046018163162e-01 9.472856490842662680e-02 6.777936265779729852e-02 1.219627836328402992e-01 1.423757636323628728e-01 1.573206541796859648e-01 1.700208237740427619e-01 1.687166711695545218e-01 1.646639726908540879e-01 1.597999245788553901e-01 1.549800065840059582e-01 1.502903956022904330e-01 1.454005406567058512e-01 1.399128567717297100e-01 1.335713048736979769e-01 1.263595173433526564e-01
1.414860108607901568e-01 1.412268021887573000e-01 1.403671329388372357e-01 1.374371773149446752e-01 1.281073813616750712e-01 1.074219068603822907e-01 1.042046236839439671e-01 1.270758760103818108e-01 1.427090514262568943e-01 1.442566363225350479e-01 1.400305344782429573e-01 8.629542277687782259e-02 1.452668292473334177e-01 1.374366974617002857e-01 1.161019664680616459e-01 8.110788552846051602e-02 1.088235926325616248e-01 1.204745229293015807e-01 7.148156948916443987e-02 1.502324925514798570e-01 1.414832786976803758e-01 1.291681211510196936e-01 1.080517753151405969e-01 6.662192922451931620e-02 1.007370207507566895e-01 1.399811206235961891e-01 1.496491094276517220e-01 1.578097543503426403e-01 1.587282830094999819e-01 1.562966503790436668e-01 1.523543812240546469e-01 1.480978577811212504e-01 1.439507082077407518e-01 1.393238770113268687e-01 1.335096586704698218e-01 1.260622528810742271e-01 1.175086936023821138e-01
1.372170827776374447e-01 1.381655428262783258e-01 1.388078152154835765e-01 1.358966145383995738e-01 1.257789258102684771e-01 1.032170980150797085e-01 1.061978659292325544e-01 1.294454361680123511e-01 1.463740953940942946e-01 1.447115523363964040e-01 1.306443949637752511e-01 8.097816028865381655e-02 1.458008406194238049e-01 1.372583792809611292e-01 1.151003441358136592e-01 8.107367329036208048e-02 1.069036964484255114e-01 1.185004916298291328e-01 6.989334656809483015e-02 1.488126542765879912e-01 1.440385808734561679e-01 1.356455971422294293e-01 1.190003407844220235e-01 8.742119592596571398e-02 6.948640760246763137e-02 1.089592172153297928e-01 1.268312544193300750e-01 1.342216817768992765e-01 1.352233912800090698e-01 1.336266391461029268e-01 1.299875098064117718e-01 1.263738807403480546e-01 1.239951604040792493e-01 1.209187068689868555e-01 1.156059870789002270e-01 1.065102621665065669e-01 1.116427278494958458e-01
1.325809158531867094e-01 1.352086466503515938e-01 1.364767895860087288e-01 1.335166781513911771e-01 1.222658442721134692e-01 1.046925921116979852e-01 1.070907708307071715e-01 1.303780329723156217e-01 1.521121301232744583e-01 1.575427306668405747e-01 1.268337004281462899e-01 7.436232316051274993e-02 1.441446612197822830e-01 1.345097111528770761e-01 1.101664195208601621e-01 8.928521154177460062e-02 1.050557078040489367e-01 1.151661528663332212e-01 6.709100527682779203e-02 1.410964556159822747e-01 1.426183235152946038e-01 1.383702583627386684e-01 1.273112278607087533e-01 1.041830046321404329e-01 6.121476820719210649e-02 7.564648494830805703e-02 9.853774090351877235e-02 1.041032985589946946e-01 9.764024461603923455e-02 1.038011257691496686e-01 1.038901474004063630e-01 8.379949910073175579e-02 8.819985702731614197e-02 9.581097276010730468e-02 1.063256064254680666e-01 1.159277680448791842e-01 1.215101358545192384e-01
1.283755094893439530e-01 1.327020845511032721e-01 1.343003679012294560e-01 1.313545848323802723e-01 1.191925070059183245e-01 1.062053638244925963e-01 1.066016184808617623e-01 1.270065557076361373e-01 1.518889969985771082e-01 1.728152148226152485e-01 1.366027601844002903e-01 7.518406794295888484e-02 1.326473973265390183e-01 1.196637352983653813e-01 9.871039499864757427e-02 9.931651918593900619e-02 1.055648695471649579e-01 1.092017468855194240e-01 6.362960410918638843e-02 1.365376539311314030e-01 1.403750015842779586e-01 1.409700916969676143e-01 1.326347762109365835e-01 1.175708082184101499e-01 7.723401929313292169e-02 7.099192247744134932e-02 1.027083784441931158e-01 1.159280880737252745e-01 1.216567306945144367e-01 1.063570562527470231e-01 9.967012715868861505e-02 1.056389872981763900e-01 9.900067752842928170e-02 8.900135207285193861e-02 9.967600169035720215e-02 1.156593744738948770e-01 1.251824247222367847e-01
1.276145811680371722e-01 1.306332689597778651e-01 1.326242949434918994e-01 1.303071397412770838e-01 1.163962491661380966e-01 1.074027612654322866e-01 1.058751318322833923e-01 1.193810338951631494e-01 1.417652722847330127e-01 1.514147189723128173e-01 7.621586335458836736e-02 1.249665979273028582e-01 1.196751220387051173e-01 1.108533284532223773e-01 9.867053867043615312e-02 1.111120618176865832e-01 1.132524356645907559e-01 1.029889210598447791e-01 5.851845747473057024e-02 1.280358091700095624e-01 1.405341945209938881e-01 1.448351019797847195e-01 1.318425000206805142e-01 1.204129033532268522e-01 8.309369797722361561e-02 6.916605489114076299e-02 1.059811785519571004e-01 1.208877788077337839e-01 1.233741164682438524e-01 1.279958007959774713e-01 1.399069774181357639e-01 1.230980281143395916e-01 1.140957188271871092e-01 1.068275379388165247e-01 8.606836183969975018e-02 1.029460181347157943e-01 1.213351367125971719e-01
1.247774343808101261e-01 1.279555798112760601e-01 1.324290130242773700e-01 1.300145708977092918e-01 1.147410121390814580e-01 1.085226214333527422e-01 1.056235869732567723e-01 1.102355799524190605e-01 1.316549556871102478e-01 1.393222351023861716e-01 6.891588752702446086e-02 1.304577388662820081e-01 1.221989529970812088e-01 1.088076543457604933e-01 1.041162704348373297e-01 1.195440460403393301e-01 1.263829283055006303e-01 1.151104351746305154e-01 5.927196818443893761e-02 1.097471396863408388e-01 1.258814563024003574e-01 1.383020150581344976e-01 1.604382564529952815e-01 1.289089337440905980e-01 8.331820027212337443e-02 7.113599861544947500e-02 1.104254718455358331e-01 1.280689832386485705e-01 1.351366081289491206e-01 1.386997950894254816e-01 1.212926735803002004e-01 1.224126230168038759e-01 1.345097121991472577e-01 1.016321880897988333e-01 1.112158941771888010e-01 8.933271078216067917e-02 1.080959965933624700e-01
1.159325615279790389e-01 1.284614705451417316e-01 1.337962356482137183e-01 1.309960409637674350e-01 1.143835681249627950e-01 1.094277273453446442e-01 1.058087506449087584e-01 1.003640497522411273e-01 1.223901504478771274e-01 1.308920949324196559e-01 6.508036493264164613e-02 1.242823365717936890e-01 1.190151099986532929e-01 1.030737523962077518e-01 1.056924677016215230e-01 1.232295113431291639e-01 1.279842849365625257e-01 6.267139118237072259e-02 1.267813670827308559e-01 1.300210224872891673e-01 1.355696389487514864e-01 1.385589936037735226e-01 1.265032134340637882e-01 1.117889969612313877e-01 7.318467548799816036e-02 7.470461114864264396e-02 1.131396068268553934e-01 1.307467418634988832e-01 1.372702496287931950e-01 1.379037065373093784e-01 1.345195757714655882e-01 1.342460977680502709e-01 1.045325556153351015e-01 1.038725877095845601e-01 8.990423239244424436e-02 9.580450570413549805e-02 9.445949386725512043e-02
1.247106223186975199e-01 1.317040576391257656e-01 1.367048803083336372e-01 1.330625338687872750e-01 1.152555679856469839e-01 1.097191230597125838e-01 1.058638015235114638e-01 9.961958139151257108e-02 1.135541994427855389e-01 1.232014899961599158e-01 6.136419179449408012e-02 1.203664746726357260e-01 1.139381928031076574e-01 1.029641187658771884e-01 1.151132517124420218e-01 1.064377922448056096e-01 5.891472798302350294e-02 1.103378581479407955e-01 1.210011633003016812e-01 1.262138260050957028e-01 1.289048744616874131e-01 1.287299078037783262e-01 1.214234729245284028e-01 1.035877016659203093e-01 6.285463686693582019e-02 7.743464758789464497e-02 1.131196235406058265e-01 1.300141761889793968e-01 1.364592493353708191e-01 1.372925992691296782e-01 1.349474795957952833e-01 1.304711947861925125e-01 1.206770329597144781e-01 1.179099000810060333e-01 8.448693194621315072e-02 1.128578323065820427e-01 9.631760968438811410e-02
