output_new_topo_ddd_6/finaltopo_soil_production__rate.asc
ncols 300
nrows 100
xllcorner 0.0
yllcorner 0.0
cellsize 10.0
[rows 68 to 84 of 100, columns 37 to 73 of 300]
4.618789880257172020e-05 4.623185402570396810e-05 4.632853272044746765e-05 4.641843522051103318e-05 4.564434890058870328e-05 3.709566031460321053e-05 4.225041013657315151e-05 4.234412717246164811e-05 4.263571879071149549e-05 4.303771632015167433e-05 4.357758951506631964e-05 4.430045232219896899e-05 4.519798160108049649e-05 4.636802362294800613e-05 4.650883818550214830e-05 4.653207803646074436e-05 4.580182037088799288e-05 4.712427478924831315e-05 4.765424836585978102e-05 4.491207099112586672e-05 4.279522617557485035e-05 4.111787891978105764e-05 3.996244031731951952e-05 3.940140170384766669e-05 3.909453840221899614e-05 3.739854929946379426e-05 4.600089447541904654e-05 3.833244424590018961e-05 4.616304696363572385e-05 4.617713672702649215e-05 4.673817826652858557e-05 4.422136754529181146e-05 4.180125621381495686e-05 4.069399298346608750e-05 4.014270523264091737e-05 3.533744133101907004e-05 4.675094967106354038e-05
4.203582481559235879e-05 4.179704728842676846e-05 4.150413111370111470e-05 4.127058300445745096e-05 4.134573883601320125e-05 3.676986437469187158e-05 4.306676775212889112e-05 4.350169934600909769e-05 4.419355886859798762e-05 4.507124856241667108e-05 4.623085266699791731e-05 4.636146023935038636e-05 4.623053893045012873e-05 4.506250166024289750e-05 4.499791836540856417e-05 4.425546751444743218e-05 4.528938012618007806e-05 4.673605683755152569e-05 4.753956567875232777e-05 4.674062675730729821e-05 4.502519760877131611e-05 4.387447205005075491e-05 4.316814734928480277e-05 4.272861502583350592e-05 4.240337275800461897e-05 4.205729276029309337e-05 3.795086095125342612e-05 3.886771781642638790e-05 4.471426931360190899e-05 4.661606481305236114e-05 4.692040059943037564e-05 4.564815308917858912e-05 4.433059903954715108e-05 4.341930756683685927e-05 4.292011497673540354e-05 3.636663011061450740e-05 4.498880298156259335e-05
4.620797410887747710e-05 4.656597070249092083e-05 4.551831584897781817e-05 4.456138667473463305e-05 4.383318956755042386e-05 3.657367337764895986e-05 4.490180314108331794e-05 4.598220164340703755e-05 4.603425879729969826e-05 4.612637918806384056e-05 4.508288626431672944e-05 4.495569552482809244e-05 4.400516219369565170e-05 4.389296649118451451e-05 4.315487354732904331e-05 4.389885688889356665e-05 4.495378248572034444e-05 4.544834115327347346e-05 4.717446017910227504e-05 4.701294723702369855e-05 4.521004526885879344e-05 4.393035820943630318e-05 4.308806669339020203e-05 4.254172578830347877e-05 4.218976700320853731e-05 4.200838143487988532e-05 4.180909870714612730e-05 3.761948687867739641e-05 4.635848158373002622e-05 4.531432566666126138e-05 4.564783166374501759e-05 4.675409892375930718e-05 4.645278401249761850e-05 4.499832432322394893e-05 4.399864194004071699e-05 3.615993182810601364e-05 4.333586135252954211e-05
4.062797699228264391e-05 4.023726436265391391e-05 4.661888454401996626e-05 4.633427327961981351e-05 4.492299598806303478e-05 3.627669849021266003e-05 4.624140858503561019e-05 4.407037736283579341e-05 4.455926418331413889e-05 4.426287847199680332e-05 4.414450697236725407e-05 4.327603505008580299e-05 4.312400922347770378e-05 4.242357327690430413e-05 4.295969978094718459e-05 4.369861171109489157e-05 4.389362652645411813e-05 4.515404007074295620e-05 4.685406659628918848e-05 4.737281526330070245e-05 4.545037364764018586e-05 4.402434701495404806e-05 4.305564558721134848e-05 4.239901198953143640e-05 4.191910591594161543e-05 4.149567585821720562e-05 4.105072932789681056e-05 3.612063250345605702e-05 4.488859917992239480e-05 4.422518014601720099e-05 4.457021922718078325e-05 4.660306879789393022e-05 4.560035478521581750e-05 4.637230843172922214e-05 4.493448514422443592e-05 3.618890509655966423e-05 4.318565822225168145e-05
4.215517641191954246e-05 4.199253896927107604e-05 3.936689180367274743e-05 4.536065179256439892e-05 4.643752377276043645e-05 4.723862300257960318e-05 3.477956853678297361e-05 4.154228355494721893e-05 4.377951792932998709e-05 4.401882248052629680e-05 4.275789589266151337e-05 4.258576676477943623e-05 4.194459332172209272e-05 4.235170103264513682e-05 4.288218670240220284e-05 4.289073902824140579e-05 4.373803056520278747e-05 4.492635482654815153e-05 4.656530521123461447e-05 4.751079189829786261e-05 4.668644178539010377e-05 4.499337153905432488e-05 4.380961140833449045e-05 4.301573791853039190e-05 4.248632115808608650e-05 4.213768892757212834e-05 4.194547784069255046e-05 4.212173104596863226e-05 3.582191271533420075e-05 4.362291693895785089e-05 4.381249212605217621e-05 4.542949444752800733e-05 4.615185204233159953e-05 4.503266244759595612e-05 4.638041259757459548e-05 3.656959134067717829e-05 4.456789168138497437e-05
3.843322633215749321e-05 3.834260252627100262e-05 3.838416943583828164e-05 3.742370813049245324e-05 3.827020887900434154e-05 3.757908983681632450e-05 4.719073373839454679e-05 4.674137456134310148e-05 4.654652944108917328e-05 4.153922043435915099e-05 4.218325308130360050e-05 4.162127003319297694e-05 4.195837853034393126e-05 4.236211772420999050e-05 4.228148769247212411e-05 4.285733428366964010e-05 4.364267160353014710e-05 4.476011256879322699e-05 4.531563927452544866e-05 4.714566147506134725e-05 4.701422180488418667e-05 4.522301310873974459e-05 4.395170051696649621e-05 4.311828398186445512e-05 4.259491658658652970e-05 4.228175951979713679e-05 4.211459592106392967e-05 4.204741391815569043e-05 4.213373206995600423e-05 3.600225988733842767e-05 4.346674746281178588e-05 4.471411811951029962e-05 4.580084733501996094e-05 4.310613115719656409e-05 4.695259607121349282e-05 3.600151954361693245e-05 4.594197926950242860e-05
4.324916143946919318e-05 4.329817040530188003e-05 4.351494477357395333e-05 4.227356680373637189e-05 4.300964230993184625e-05 3.522810430871159307e-05 4.714027722779813080e-05 4.510960850324803844e-05 4.609771942790743426e-05 4.018167776322254615e-05 4.142665269734906901e-05 4.171140780911383104e-05 4.202632204429849631e-05 4.190909184091962282e-05 4.234114781876045330e-05 4.286661383500094867e-05 4.358755419360542974e-05 4.377510097139524652e-05 4.506733731821926941e-05 4.682743916955132871e-05 4.741276550596411831e-05 4.550862587836374223e-05 4.412484498855721968e-05 4.322633777333544742e-05 4.267678446928594024e-05 4.235913756370020982e-05 4.219015349874778460e-05 4.211574032218720631e-05 4.210115303923525810e-05 4.225579606053116849e-05 3.648438738671948230e-05 4.452397184403311225e-05 4.651198822242232577e-05 3.561671956107522667e-05 3.592007847222404110e-05 4.665870467353974769e-05 3.661090762831751172e-05
4.434560786370070936e-05 4.437534816809028649e-05 4.185186118244011398e-05 4.349110577555466396e-05 4.292298062847838995e-05 4.337514166979756055e-05 3.503752798198564325e-05 3.582384775187170538e-05 4.681271042299632145e-05 3.952866124255763531e-05 4.158866379014076222e-05 4.186612809698834765e-05 4.162321980539041233e-05 4.205173654759522761e-05 4.244172315190310776e-05 4.289223283789467804e-05 4.283354777600130404e-05 4.364785187964995524e-05 4.484186762732489775e-05 4.653147613729504285e-05 4.755895345187981363e-05 4.672723844898807511e-05 4.508447358654637328e-05 4.397566193702672144e-05 4.327357485309918112e-05 4.284639757301290523e-05 4.259696812853117624e-05 4.246679061568030814e-05 4.243722303737865978e-05 4.253258341927027052e-05 4.282304808689146994e-05 3.919538635948119874e-05 3.572604484294511560e-05 4.524979910091844515e-05 4.420321083875357077e-05 4.565251882686335768e-05 4.463446582837694350e-05
4.588846525916461471e-05 4.259790968860940592e-05 4.458601261217651755e-05 4.435929822986232109e-05 4.323572314620859286e-05 4.274351530558122628e-05 4.355675083609725657e-05 4.432173446832029411e-05 3.572000368319873522e-05 3.599221359136826258e-05 4.267929184726364364e-05 4.107619985487173789e-05 4.190393363021936777e-05 4.229341571335066185e-05 4.252557859442029008e-05 4.230068180203052833e-05 4.277781453011017673e-05 4.353231903925642828e-05 4.462882941579081623e-05 4.524641897409785408e-05 4.723062041220991476e-05 4.698899732883675574e-05 4.524895325106345026e-05 4.405312379963255968e-05 4.328685431272001188e-05 4.280852522272597541e-05 4.250803221001419712e-05 4.230968517654334833e-05 4.216455793828697304e-05 4.203126412330316221e-05 4.190524154551226278e-05 3.668705147712001427e-05 4.673149823192815052e-05 4.615020867000810208e-05 4.544162075040651536e-05 4.515868542274487822e-05 4.623953303678782705e-05
4.422727785692043024e-05 4.634041501471201571e-05 4.615150863943636160e-05 4.481336406019434398e-05 4.456078517811856146e-05 4.451342693298367505e-05 4.411395258973615938e-05 4.363222425341124235e-05 4.439295128572831557e-05 4.684188261118717406e-05 3.561333021150213005e-05 4.206544931772617120e-05 4.258159323343758420e-05 4.239260738968784505e-05 4.202366344018891548e-05 4.225985193756331130e-05 4.270918145329797823e-05 4.348767470856019341e-05 4.345274259264161074e-05 4.498275804104627892e-05 4.701681294987587913e-05 4.723016850666807821e-05 4.541291628247540207e-05 4.413918150523662726e-05 4.331009999455354826e-05 4.278020293050582796e-05 4.243557067496921749e-05 4.220022361805231395e-05 4.203378253485404994e-05 4.192453249538911220e-05 4.194900064166701842e-05 3.681433330623888823e-05 4.448838852380000394e-05 4.536234110876557953e-05 4.657754881706056155e-05 4.665482648855129441e-05 4.660876751596284526e-05
4.665347408944209713e-05 4.690715829644283129e-05 4.702773099544186008e-05 4.669281047462523068e-05 4.640943627089092995e-05 4.527321740837979698e-05 4.520891737878099766e-05 4.521690087625040419e-05 4.541980794342764891e-05 4.343120407301195250e-05 3.564778877633711934e-05 4.343576875778662949e-05 4.231228376718327829e-05 4.192069636656904153e-05 4.200948278495480613e-05 4.221756472167981835e-05 4.264123970223109380e-05 4.028688791806656668e-05 4.196370971418402607e-05 4.412277137524760092e-05 4.693375359306354780e-05 4.743198032066759306e-05 4.556888535085588916e-05 4.423830308107516918e-05 4.335758990706463503e-05 4.278275384903479562e-05 4.240003766542634083e-05 4.213176132108930114e-05 4.193569210542038954e-05 4.180051039312236466e-05 4.181625248770404435e-05 3.674558920455254710e-05 4.512967132249799950e-05 4.624120619731020960e-05 4.633900924394171710e-05 4.490663665087641336e-05 4.586768598880973559e-05
4.493350058824268359e-05 4.509402650869160300e-05 4.540149295978317698e-05 4.704542487668575559e-05 4.741980658598546951e-05 4.707569432164080309e-05 4.684944646604986536e-05 4.665265055976761647e-05 4.631351034608311058e-05 4.589940446083511962e-05 4.663664022956142882e-05 3.631484887232494920e-05 3.872351216596006218e-05 3.825341403363836208e-05 3.813367924839644336e-05 3.814890365918995876e-05 3.825591349710863036e-05 4.201036296341561593e-05 4.341448044022369818e-05 4.495221264294419991e-05 4.697321146340585336e-05 4.757891493378673027e-05 4.572090775047591815e-05 4.436378152698851926e-05 4.344605911133443595e-05 4.283318052207831200e-05 4.242080220853683935e-05 4.212569150207349155e-05 4.188734100710370627e-05 4.163751473808984709e-05 4.131190058252990103e-05 3.577436247757110455e-05 4.639483417660570345e-05 4.431580344775263582e-05 4.317358229694212470e-05 4.600126373731474515e-05 4.616150350669700976e-05
4.364895120853505382e-05 4.369161482040767125e-05 4.260048462714461314e-05 4.529754995257564309e-05 4.674919443762384107e-05 4.702333853627982673e-05 4.686839577295749660e-05 4.682712763546605669e-05 4.667596101129590770e-05 4.545584395529978752e-05 4.453034544335041344e-05 3.680858987715555491e-05 4.519473619258774800e-05 4.620290247457678847e-05 4.622374494285531426e-05 4.601203211400692143e-05 4.585733241264989445e-05 4.334588471340206561e-05 4.394998343500492838e-05 4.520304803527554633e-05 4.710703306340057708e-05 4.761465100567626184e-05 4.677384725841939592e-05 4.530327987710770549e-05 4.425340635532389944e-05 4.350574455510452555e-05 4.300662778826924005e-05 4.267503859180852134e-05 4.250627873104155285e-05 4.257259912036075622e-05 4.240823557617380720e-05 4.701895225169659275e-05 3.559925167325575160e-05 4.210184126968210665e-05 4.480392412255499357e-05 4.465948570778996733e-05 4.043100860991118454e-05
4.217252304615092836e-05 4.275853338097252023e-05 4.071859662013727196e-05 4.411168139360660984e-05 4.524651707019824960e-05 4.659039014103022642e-05 4.544496971446617675e-05 4.533899871251605347e-05 4.557982623661554827e-05 4.652909371805072293e-05 4.627001182933236347e-05 3.684974149925395110e-05 4.507167478786697050e-05 4.611526371588975073e-05 4.279615378953804494e-05 4.277032647780685783e-05 4.285334513833739546e-05 4.324620257307033015e-05 4.398479170119181200e-05 4.532664403004544554e-05 4.729494211008820979e-05 4.723454699929672385e-05 4.563246048071468866e-05 4.629972355956945635e-05 4.625023067304542254e-05 4.618021284661384375e-05 4.511448331784271323e-05 4.434648408298521639e-05 4.375354103458664487e-05 4.324068847878376209e-05 4.574639237590269616e-05 4.668077506091555378e-05 3.629782652806103516e-05 3.861098725420071786e-05 3.796515093287915053e-05 3.761607842543437344e-05 4.010327708809844315e-05
4.171387923101125818e-05 4.168249305077017939e-05 3.965869011629147718e-05 4.333484900254140165e-05 4.419311885936741868e-05 4.534169205627901509e-05 4.611087178461375439e-05 4.387503610567662437e-05 4.427705699644731921e-05 4.452250463069522713e-05 4.593200534598381460e-05 3.570298107344799704e-05 3.822326778534506931e-05 3.785915878154219962e-05 3.857546177405232106e-05 3.921221936777789986e-05 3.997600034810293968e-05 4.128280864232671281e-05 4.309325507108331644e-05 4.536305476944729097e-05 4.759709383321775135e-05 4.685098629655611214e-05 4.512701033039602695e-05 4.388039355845549172e-05 4.459014656429430257e-05 4.462601167163181694e-05 4.597346498294490398e-05 4.626968137435584337e-05 4.598209526499000993e-05 4.435850697321960128e-05 4.123264142533876106e-05 3.546881227557905345e-05 4.686636200134879337e-05 4.619950131353302639e-05 4.601274778372114706e-05 4.589470943974803470e-05 4.165107979977445253e-05
4.200522785398455626e-05 4.135835261068475681e-05 3.909536615319845690e-05 4.271276237270201653e-05 4.342728036979363464e-05 4.460581998662848085e-05 4.592594444876190493e-05 4.417580388171511751e-05 4.176500835658178814e-05 4.666141846864702881e-05 3.418340167969769703e-05 4.338482492849551837e-05 4.235105154096869916e-05 4.258468769467073101e-05 4.236219705590911190e-05 4.240371891939179167e-05 4.321254825540984734e-05 4.351094489234425390e-05 4.490283196945055123e-05 4.676108000045845544e-05 4.763149644688540992e-05 4.648661434469619682e-05 4.474602715631947170e-05 4.350940379122962597e-05 4.263111315075928249e-05 4.326609870056763891e-05 4.329793393430860773e-05 4.506523629138511596e-05 4.528406378091841511e-05 4.594724006743617799e-05 4.461246786937198087e-05 3.653208922756443947e-05 4.234474887424176577e-05 4.235583980761081953e-05 4.248883189873929795e-05 4.270532706748423951e-05 4.306723681726773353e-05
4.187413650438780274e-05 4.218322914376730761e-05 3.849763814567595121e-05 4.195661032070996193e-05 4.278019517658598696e-05 4.404694995988883287e-05 4.569288026487755962e-05 4.506376481848612964e-05 3.512490223115937593e-05 3.500053284862977268e-05 4.355998700135512477e-05 4.256817268999268667e-05 4.277323146800274278e-05 4.262043839110952841e-05 4.323738645614203007e-05 4.326426577834085481e-05 4.344474621741849056e-05 4.468841147475131534e-05 4.532273903718605991e-05 4.718784213169478255e-05 4.728057983755213983e-05 4.454870463545554198e-05 4.259043152108862081e-05 4.109755072454508577e-05 4.011470863227523722e-05 3.953637254142819635e-05 3.947479568989783561e-05 3.835300896624506097e-05 4.633199292726249960e-05 4.469998135514023733e-05 4.608570144650756445e-05 3.670853099593781373e-05 4.242008682812846513e-05 4.261856358428135272e-05 4.297373726695170946e-05 4.341163208581360288e-05 4.396872388790809517e-05
