output_new_topo_ddd_6/finaltopo_soil_production__rate.asc
ncols 300
nrows 100
xllcorner 0.0
yllcorner 0.0
cellsize 10.0
[rows 51 to 67 of 100, columns 259 to 295 of 300]
4.325124563106721992e-05 4.274810585033703836e-05 4.244469715657495052e-05 3.652870061046814586e-05 4.466512297736104201e-05 4.594461288538428164e-05 4.608535905074728084e-05 4.596888279363274820e-05 4.602137988660178180e-05 4.433547922979693356e-05 4.561706291825193494e-05 4.726598133294351753e-05 4.738816071639531191e-05 4.665077650698096402e-05 4.507630789528365041e-05 4.389544975113251454e-05 4.305967741679398732e-05 4.248880252746670589e-05 4.223283801746848638e-05 3.638838953932501573e-05 4.610760150831173061e-05 4.623648540097354811e-05 4.121486790375370265e-05 4.147143540178837071e-05 4.150206597947264843e-05 4.164964710805624080e-05 4.187255606473539680e-05 4.216641524856122651e-05 4.256568944038998791e-05 4.306371952954224835e-05 4.366426738701384397e-05 4.438789064923693217e-05 4.522516383944875050e-05 4.616358536077084645e-05 4.719293246489616181e-05 4.718015661120458093e-05 4.693460977665767645e-05
4.624617065619110733e-05 4.641586885156654850e-05 4.630733548049246876e-05 3.683210586624671359e-05 4.605655596998224513e-05 4.515908383113217321e-05 4.431838701885435389e-05 4.429357020280876809e-05 4.295322080009802702e-05 4.400797504412564038e-05 4.540341767013763061e-05 4.716761601335655348e-05 4.717255777268128825e-05 4.569090483239760452e-05 4.639531024684354782e-05 4.601758566289277904e-05 4.464224060840910931e-05 4.361595236579622576e-05 4.296290759554421745e-05 3.664202430957019124e-05 4.024038145747144596e-05 3.956523282226753969e-05 4.105429728186074629e-05 4.142407785223050992e-05 4.170872686370804487e-05 4.198496724191871015e-05 4.230491982814087425e-05 4.268726437879363740e-05 4.318639862711239427e-05 4.385038662848666076e-05 4.471699895232315430e-05 4.579236480420893372e-05 4.702357669463262034e-05 4.712398637759363353e-05 4.606371227827993234e-05 4.562775980675011175e-05 4.450584120560040436e-05
3.864970593772851622e-05 3.874787589067781783e-05 3.908985395708055671e-05 3.673352447922186194e-05 4.515166653421752397e-05 3.911704660189221791e-05 3.989635766246887476e-05 4.008634874618483934e-05 4.117656936769264862e-05 4.291316706965818449e-05 4.546057505910312119e-05 4.726801497918569993e-05 4.697846154889448450e-05 4.536440226387678497e-05 4.423305026567077763e-05 4.493697568753145114e-05 4.603455936026718432e-05 4.572773203135285694e-05 4.437260515508168650e-05 3.640618815720307171e-05 4.205290971088287348e-05 4.198524046982228953e-05 4.195683527714735102e-05 4.211089426334253707e-05 4.234386706026212107e-05 4.266237630244188334e-05 4.311682151958484075e-05 4.361657677820901931e-05 4.431425758215815449e-05 4.529412823467356852e-05 4.663863949822060981e-05 4.710506879272785894e-05 4.612816131327588423e-05 4.651434739405473453e-05 4.443967548983293858e-05 4.422621186398298821e-05 4.206286787963240255e-05
4.651553662930737408e-05 4.651741694171445269e-05 4.658026570673449204e-05 4.696457609262780491e-05 3.568383699328649139e-05 4.266795232516619143e-05 4.341765273267293322e-05 4.417452143184465684e-05 4.505221119113460965e-05 4.633049320763536885e-05 4.573990913225045606e-05 4.721279003380876002e-05 4.682448855236495634e-05 4.509188602164042743e-05 4.391689539213128654e-05 4.319512078382667505e-05 4.384540769408801404e-05 4.482823260201282406e-05 4.582740892645231111e-05 3.657287000661161533e-05 4.522106861181070405e-05 4.619919981239532417e-05 4.617656714733899329e-05 4.610097417624547939e-05 4.605666372576419003e-05 4.607796214228583896e-05 4.387785132806688691e-05 4.431803392030843444e-05 4.520887858177621783e-05 4.652419289563086187e-05 4.613214573978571625e-05 4.679457029552149992e-05 4.458375060534263437e-05 4.494736070806322627e-05 4.327099067574225724e-05 4.322416702286341317e-05 4.072074386459393475e-05
4.648013505280723721e-05 4.657644782366021695e-05 4.671553730035195870e-05 4.663780037185837627e-05 3.688789275304535939e-05 4.583055288884772138e-05 4.596586031572485347e-05 4.584094317887313922e-05 4.591962483727497752e-05 4.422239003221974888e-05 4.551284066763448453e-05 4.715514317015667050e-05 4.677039616829224412e-05 4.487113419164009070e-05 4.350247777457811764e-05 4.311654126545871462e-05 4.257469218814157141e-05 4.269685102172789983e-05 4.462598105571884100e-05 3.581002215177330611e-05 3.876079798410513993e-05 3.844551891982404395e-05 3.846697329541160605e-05 3.866968827867387415e-05 3.918168440768450713e-05 3.960278780120720862e-05 4.180938063027873919e-05 4.296431196890700355e-05 4.411725782886691721e-05 4.545078561885768141e-05 4.680662898980034712e-05 4.528201311298445092e-05 4.342908480083911460e-05 4.381027491484888362e-05 4.245304673525540390e-05 4.243811226868897694e-05 3.798915052922593674e-05
3.777504108857118140e-05 3.795401106798814263e-05 3.823984092816307969e-05 3.875942590015346183e-05 3.668084903212168852e-05 4.530406110552001586e-05 4.408873333382492784e-05 4.415151232223229739e-05 4.286929943853868793e-05 4.399477062308043679e-05 4.545437401214416065e-05 4.713438679425368963e-05 4.686122007468203359e-05 4.507186326773117348e-05 4.273979809001936990e-05 4.070236571553106464e-05 4.301596725466393778e-05 4.265909613095218331e-05 3.531903231719575901e-05 4.637624263262887748e-05 4.481548542468066662e-05 4.457701967068488443e-05 4.448209194062779849e-05 4.450448808261535280e-05 4.384027112599800255e-05 4.589760406405634833e-05 4.445494822361555103e-05 4.568679398380132969e-05 4.699092474330515359e-05 4.684276790753523121e-05 4.532446344153580017e-05 4.411407072986068715e-05 4.260957828743440929e-05 4.300191034990817184e-05 4.197916195395804919e-05 3.696122339715711056e-05 4.236888867399716115e-05
4.501928070960241031e-05 4.616651468403882837e-05 4.634553691319856392e-05 4.658899469315312995e-05 4.695077121835639154e-05 3.552632891530146052e-05 3.992469585503246237e-05 4.034530840038894035e-05 4.185949850358413574e-05 4.419686898841846312e-05 4.557571613626139925e-05 4.710386231157360641e-05 4.697380571745535922e-05 4.522808385419509365e-05 4.385179924760055433e-05 4.287822701976148811e-05 3.948902637426170967e-05 4.353675933686177845e-05 3.521406994850877578e-05 4.419847375779205627e-05 4.586085519332416750e-05 4.616782141084874977e-05 4.616151605935918688e-05 4.624520419489003639e-05 4.642708195375658741e-05 4.578020774699762945e-05 4.694672365379899426e-05 4.697022111916002287e-05 4.680182384444236065e-05 4.536089620502005963e-05 4.417861920558245468e-05 4.325843309764142077e-05 4.206449067481931383e-05 4.250879786427719682e-05 3.639022410395956046e-05 4.240433449825222639e-05 4.293440513005935486e-05
4.665650632407255524e-05 4.585528640038518587e-05 4.527288575222766364e-05 4.466402821316350636e-05 4.653641347657772715e-05 3.695874678541615372e-05 4.499613841350411558e-05 4.607112036227547803e-05 4.604437731476330423e-05 4.428267843294748945e-05 4.540413975013486621e-05 4.699842165814297840e-05 4.710864363929860062e-05 4.536891053939116962e-05 4.391259043227221557e-05 4.289427799253264572e-05 4.227307294934024658e-05 3.513944799562814685e-05 4.652865205234200382e-05 4.294223332577133863e-05 4.372171979653209466e-05 4.455947243459316677e-05 4.559907858662815987e-05 4.675944296232000620e-05 4.685856414875917925e-05 4.678302300342871355e-05 4.566797515988724231e-05 4.665244029009981623e-05 4.535698094023416936e-05 4.424986912330223360e-05 4.335028647121573036e-05 4.265581854593840469e-05 4.185090517575221106e-05 3.620720300823086589e-05 4.217723786417757294e-05 4.243969987909119632e-05 4.300254762193142982e-05
4.337522220344238366e-05 4.331056045452764638e-05 4.290141599100224617e-05 4.217206955652021366e-05 3.822513164881682836e-05 3.641704381214386829e-05 4.625196461437312064e-05 4.412780322775109582e-05 4.312794848159820943e-05 4.406907063153474747e-05 4.523625290116601780e-05 4.687097698765376575e-05 4.721729138074158230e-05 4.564836864647292037e-05 4.411837912476008268e-05 4.304887965114293386e-05 4.249086322523776548e-05 3.610375301096800221e-05 4.367849739921453301e-05 4.437421092082075892e-05 4.530791075828511191e-05 4.654865997704193189e-05 4.669596362437054387e-05 4.556679541836198524e-05 4.551982323455633903e-05 4.456531591355038978e-05 4.503098999139389010e-05 4.623344820782702969e-05 4.428595998532742399e-05 4.347594288702775236e-05 4.277921897471989235e-05 4.233894878406071658e-05 3.607395299339991111e-05 4.209298261164952067e-05 4.220001931701499045e-05 4.253441977413923916e-05 4.308177129304873967e-05
4.127323425558041757e-05 3.795722447877838241e-05 3.848340349685636032e-05 3.796249569920398764e-05 4.645170676602585787e-05 4.673938605059074715e-05 3.532124450419559978e-05 4.275157168680741545e-05 4.337406336745927831e-05 4.388606583507938529e-05 4.509065763788729293e-05 4.676652854421595488e-05 4.716518306771462645e-05 4.580526244376411461e-05 4.624389453946163987e-05 4.468811169338077086e-05 4.367723704221533983e-05 3.602272545346006232e-05 4.479372501247834654e-05 4.616633706132216994e-05 4.650803676753021906e-05 4.556956626257017653e-05 4.469135086853791468e-05 4.421855957805438051e-05 4.618632659755627203e-05 4.245462959745180712e-05 4.575605854394513693e-05 4.493306136954421028e-05 4.361119478275847147e-05 4.298503174728457953e-05 4.251661457449057966e-05 3.606120230333364373e-05 4.210874604743132228e-05 4.211959407517571835e-05 4.231446695711931540e-05 4.262902627822475539e-05 4.314536079005205753e-05
3.796672067432145710e-05 4.592063099381253296e-05 4.402727406365748719e-05 4.473866432671067792e-05 4.525123167959637635e-05 4.321482180693337325e-05 3.530572151999675917e-05 4.378152396397909027e-05 4.266997331552886241e-05 4.367013181677825039e-05 4.502146561568961473e-05 4.675040795921662470e-05 4.706239415142230678e-05 4.563914556587391760e-05 4.468215119262016079e-05 4.606878334787166971e-05 4.460923019650559439e-05 3.627857614964829532e-05 4.603718011432634649e-05 4.554802552870051681e-05 4.468855138538421279e-05 4.626608986024363630e-05 4.233430586348754403e-05 4.575744135637303470e-05 4.475185838970837261e-05 4.149540315799198434e-05 4.562825664733837508e-05 4.402773004147611416e-05 4.330803579886859572e-05 4.282774180773287712e-05 3.614602033562902339e-05 4.215739432509425468e-05 4.214791789125589024e-05 4.227233269537593254e-05 4.243963390984392632e-05 4.270497232906673193e-05 4.316323316740193754e-05
4.533735953095436829e-05 4.524142718155577011e-05 4.530187721894821616e-05 4.638969598635693834e-05 4.611468957111264643e-05 4.579536617805301943e-05 4.656147650703409063e-05 3.520193028319346644e-05 4.121362037692376208e-05 4.292752929177759983e-05 4.548777748495429289e-05 4.684092709757430723e-05 4.689901836287453413e-05 4.544243747786739813e-05 4.446044356495388916e-05 4.402252273829998605e-05 4.608349617388127737e-05 3.722106706527409856e-05 4.538851721120190630e-05 4.446076478549912186e-05 4.599191708588045612e-05 4.481826234579935100e-05 4.176290693402346402e-05 4.564313623039574865e-05 4.377829658187657065e-05 4.123217695695314709e-05 4.560221674228822177e-05 4.341611469536283899e-05 4.332424300433881307e-05 3.578210075359085173e-05 4.214745066522365328e-05 4.230378520816012764e-05 4.242444325562520329e-05 4.249283290866148055e-05 4.257180699528329742e-05 4.273066058330283345e-05 4.308677580792763209e-05
4.672183684717977088e-05 4.670475410281194566e-05 4.660209429932676194e-05 4.534483386719566215e-05 4.431910726687837026e-05 4.360313825765663469e-05 4.324724152045082286e-05 3.645697990906718999e-05 4.496825544565958655e-05 4.640446768751020472e-05 4.556009326258602624e-05 4.664264936185640563e-05 4.568729278823104278e-05 4.623328831403620870e-05 4.416372673463079743e-05 4.357045668695361219e-05 4.428820180236479014e-05 3.719496360270143259e-05 3.755094591922752674e-05 3.667191302600458156e-05 3.642408827475444503e-05 3.652878199230969884e-05 3.626935380161228284e-05 3.608440557657325025e-05 3.637804454821274409e-05 3.694559947635053798e-05 3.634118879762315472e-05 3.652260507653257973e-05 3.577250259520962065e-05 4.218129026312489798e-05 3.867379020586261129e-05 3.844581380725213229e-05 3.826749004961296785e-05 3.827222276364008986e-05 3.848840924610807263e-05 3.904508918496453132e-05 3.999607429785087938e-05
4.681433612578101317e-05 4.678114301848856357e-05 4.654441543055792168e-05 4.526109441803833510e-05 4.419350042941868354e-05 4.342364667672127390e-05 4.300255821766451524e-05 3.677415333708427197e-05 4.642578386912843061e-05 4.492690053895176194e-05 4.615671638466581860e-05 4.536101292859041011e-05 4.474730461055948362e-05 4.603110193450178069e-05 4.456528830974646968e-05 4.409761376679589969e-05 3.463376169419495276e-05 4.454414436215282583e-05 4.516429927024113994e-05 4.575420439348973237e-05 4.407484240713392313e-05 4.057608489546148231e-05 4.574065362537965674e-05 4.341351993014072900e-05 4.313072305076208804e-05 3.975991312914440380e-05 4.617523157900318395e-05 4.010106419850415952e-05 4.202205045359887106e-05 4.141311827461552272e-05 4.227221223605124109e-05 4.178267477350198101e-05 4.203249180301245851e-05 4.186183190199128858e-05 4.176245574075882920e-05 4.174374287927788528e-05 4.243164499327668467e-05
4.517345902810582535e-05 4.522924185295982251e-05 4.531777606014529157e-05 4.634588346369321793e-05 4.609469042510460989e-05 4.481795559803004875e-05 4.415675118563118344e-05 3.601011543916192811e-05 4.691821841082349185e-05 4.301900709971053161e-05 4.582387665896472560e-05 4.433859203502279382e-05 4.417111089698476579e-05 4.581755005820404832e-05 4.513434948304483773e-05 3.399993380619125110e-05 4.302003292398885747e-05 4.223146963721165014e-05 4.437487165712568880e-05 4.609232919796525240e-05 4.501195815162268595e-05 4.035341482789600359e-05 4.566625049390734089e-05 4.406390018123155231e-05 4.334746068031625172e-05 3.916199888361312554e-05 4.575770577788494268e-05 4.074385596642740289e-05 4.181658578455412439e-05 4.169437681034046200e-05 4.217352474859733516e-05 4.216060279902399696e-05 4.197015017718665143e-05 4.243918456356551242e-05 4.235718333452852214e-05 4.236374964865595704e-05 4.248481619385501706e-05
4.398338621338123133e-05 4.409210255051254662e-05 4.426393298801038935e-05 4.454753486155268403e-05 4.544827428045569077e-05 4.415482407488036050e-05 3.648706063851626041e-05 4.667915038224788507e-05 3.614358352119343744e-05 3.566848355886341351e-05 4.652601472075560822e-05 4.342472501182628709e-05 4.398399351104077283e-05 4.636193055046944258e-05 3.383273191842768433e-05 4.382903142940113825e-05 4.262399281004117051e-05 4.244658446398534704e-05 4.254584524216036169e-05 4.508565405488819085e-05 4.626487020296605795e-05 4.069522255023724745e-05 4.562850432204339316e-05 4.492306831590660537e-05 4.367260432306245576e-05 3.924103973737198857e-05 4.199738189969572333e-05 4.229285965138816116e-05 4.216721505747623322e-05 4.212307657974623666e-05 4.205516506677269250e-05 4.262159545205409611e-05 4.254910749547823263e-05 4.246430997468902247e-05 4.317459235523402023e-05 4.321692684362529372e-05 4.337752951291945475e-05
3.667487426251525540e-05 3.667835137770649611e-05 3.673591743380057330e-05 3.686692539765662490e-05 3.718789293804129260e-05 3.642174385184520052e-05 4.562225402653448554e-05 4.589905902612550836e-05 4.455658629267497033e-05 4.587946511395990523e-05 3.655228205139859259e-05 3.696123831584494378e-05 4.724997106261463102e-05 3.452548300315758318e-05 4.421705559585210042e-05 4.345532107543764326e-05 4.373556787961921095e-05 4.324842037160230425e-05 4.288348714506004506e-05 4.308978081523791960e-05 4.631924258876781440e-05 4.163133447058045192e-05 4.459320162999420671e-05 4.609681341982197790e-05 4.415854018572456082e-05 3.968828823132496012e-05 4.228456532037183771e-05 4.245665033176173074e-05 4.229642668072966451e-05 4.272806983224408770e-05 4.265306935544790494e-05 4.261081619707367973e-05 4.332425715494959062e-05 4.332215391393178709e-05 4.336087958189427675e-05 4.437411084352940884e-05 4.456958006941206602e-05
