output_new_topo_ddd_6/finaltopo_bedrock__elevation.asc
ncols 300
nrows 100
xllcorner 0.0
yllcorner 0.0
cellsize 10.0
[rows 0 to 16 of 100, columns 185 to 221 of 300]
5.314107292220282552e-02 5.072597115239857457e-01 5.443513797549786037e-01 5.312772308385508291e-01 1.452948629362674771e-01 7.992430981428251258e-01 7.104444015108027921e-01 6.572145933945738872e-01 8.032489970638132526e-01 9.183707450135256689e-01 7.493023098122407744e-01 2.825724381153460474e-01 3.315173585244576282e-01 5.838773886357403464e-01 1.293634949659294708e-01 3.344185878392779143e-01 7.807912998630350820e-01 4.361984828805369752e-01 8.232011040355992071e-01 8.377901947828958473e-02 4.194843743703055017e-01 1.181741794313930782e-01 4.100388158802293903e-01 3.479648060476946414e-01 1.226294994856187426e-01 2.141221934371906332e-01 4.788061667139004163e-01 6.646861291929483384e-01 7.270250222595999734e-01 9.542650276338874304e-01 6.062107223354979979e-01 2.761549713161604025e-01 7.068189708417654815e-01 4.876198977310410854e-01 9.225825126461290049e-01 7.081545493866081564e-02 7.124206480068665526e-01
3.600843504754450919e+01 3.643986111784459325e+01 3.692745263117812016e+01 3.735484323184683575e+01 3.761657476540072764e+01 3.764665915838941856e+01 3.752726542548631272e+01 3.728093334966343519e+01 3.690484966403329992e+01 3.651225678439725897e+01 3.621775285781598086e+01 3.597260705680764659e+01 3.577510259989198715e+01 3.564327056076908917e+01 3.560341340858600034e+01 3.568772351883230698e+01 3.595723241078715660e+01 3.626765718328086052e+01 3.657856969940334579e+01 3.707593337644097886e+01 3.770441283346062278e+01 3.842558510739017663e+01 3.921703659943929665e+01 4.006546926291466804e+01 4.096115186707883282e+01 4.189331979628121871e+01 4.284594407044401976e+01 4.379326154540034111e+01 4.469443217466231744e+01 4.548670945289497780e+01 4.607768319770988796e+01 4.633707829423285318e+01 4.621837931659092646e+01 4.591978458229869631e+01 4.558820437010828641e+01 4.533506766697446722e+01 4.530426798654962539e+01
3.512340206654376829e+01 3.569078665444791199e+01 3.627862287353549675e+01 3.677776192046361103e+01 3.705476186598969690e+01 3.701227263376997456e+01 3.687470455333605912e+01 3.666672595371963439e+01 3.620357371931502399e+01 3.568264069205748967e+01 3.542866346386127674e+01 3.518450442825795932e+01 3.497240329737302744e+01 3.481938124609244056e+01 3.475351962771495096e+01 3.478760693017284922e+01 3.517728217308507510e+01 3.550918563796460603e+01 3.566616905998736797e+01 3.624069660141671534e+01 3.691321488622190117e+01 3.766072108934717022e+01 3.846886790714851401e+01 3.933037564178675183e+01 4.024009369155754712e+01 4.119105403937503240e+01 4.217082267724941858e+01 4.315737946984752682e+01 4.411362448032698325e+01 4.497835258852469309e+01 4.565525185094733018e+01 4.590754622306801025e+01 4.568208447115097925e+01 4.526728939268922147e+01 4.483761115097978944e+01 4.446776157353335890e+01 4.452217374108685988e+01
3.385551421342508149e+01 3.461684548283621154e+01 3.535469139122630367e+01 3.598482321258396155e+01 3.612580659936286054e+01 3.602119383910707739e+01 3.585551256209971172e+01 3.564280138029734957e+01 3.523640493610542279e+01 3.447426139448683813e+01 3.425973993484065261e+01 3.400766353393931496e+01 3.376884291158940954e+01 3.358395604626314679e+01 3.348975623548304270e+01 3.349256890918062624e+01 3.410198977572886747e+01 3.430650346912323556e+01 3.432342784601482322e+01 3.500357907046405614e+01 3.573495240577608456e+01 3.651780394507822791e+01 3.734976640066708597e+01 3.823221574684447432e+01 3.916628243487378569e+01 4.015018869489368569e+01 4.117663047156280953e+01 4.222928401939280718e+01 4.327761078953518847e+01 4.427199949772262499e+01 4.503000054508509464e+01 4.522795157897976992e+01 4.487297395553321167e+01 4.430255226468968743e+01 4.371550089099271474e+01 4.318975398321185111e+01 4.336056837861141844e+01
3.251718536116793956e+01 3.353441109290086786e+01 3.443566566560951259e+01 3.500977380744767942e+01 3.502205049269424109e+01 3.486182732491716507e+01 3.466875176348940357e+01 3.443906302921993046e+01 3.404617942068710335e+01 3.317096710703820150e+01 3.295475961652756069e+01 3.268015154231903097e+01 3.240185460991023803e+01 3.217604196151866347e+01 3.205443856060448837e+01 3.212048799059864734e+01 3.282347885146997157e+01 3.296615620233528432e+01 3.287539286113656090e+01 3.364397337557415568e+01 3.442358219973442601e+01 3.523556491664380985e+01 3.609040792065157177e+01 3.699772485881902639e+01 3.796415632353012626e+01 3.899299265632409828e+01 4.008253219411969326e+01 4.122269253940115874e+01 4.240579426388855921e+01 4.351564652156749702e+01 4.428712949783164987e+01 4.442052577821609560e+01 4.395374051961945838e+01 4.323552533269743492e+01 4.248643843310153301e+01 4.179731921363460856e+01 4.206901586201204424e+01
3.157947584716301748e+01 3.261384662044869032e+01 3.347427512440521724e+01 3.394015696569662310e+01 3.384007468668480811e+01 3.364039430134399566e+01 3.342929358992108746e+01 3.318101250617395692e+01 3.279271981718829920e+01 3.185125875939603901e+01 3.163257407371648711e+01 3.132723138719024192e+01 3.099622046794369723e+01 3.071865290232451429e+01 3.053337767881962961e+01 3.076879061407687388e+01 3.152406661303408697e+01 3.164166901943769261e+01 3.149036769432899874e+01 3.231225002468639929e+01 3.311527284103976854e+01 3.394376188079827017e+01 3.481966388986590744e+01 3.575639703741504150e+01 3.676397028849961401e+01 3.785046646713553997e+01 3.901970788446295302e+01 4.027056269267526289e+01 4.157585715765004863e+01 4.275705447173878326e+01 4.352036287488700594e+01 4.356272224919302971e+01 4.299109000952510939e+01 4.216043212248443695e+01 4.127649077872899142e+01 4.044264337624787231e+01 4.077759478069066290e+01
3.068081354619761214e+01 3.169739891791824959e+01 3.253988844487340515e+01 3.279472026368605952e+01 3.263193612861117998e+01 3.241382162646842602e+01 3.219998270115942773e+01 3.193438650381142452e+01 3.153778273861340864e+01 3.056595437894649336e+01 3.035495050084437096e+01 3.001326583015226035e+01 2.961348215700596853e+01 2.928526835075329871e+01 2.889604600431158232e+01 2.967923291888138237e+01 3.022847397519255708e+01 3.039871767987948203e+01 3.024103879762867919e+01 3.106809737764950441e+01 3.186354622361367817e+01 3.270338626338962484e+01 3.360455590101940260e+01 3.457859354148377662e+01 3.563835564237821529e+01 3.679789969995012910e+01 3.808223888232383558e+01 3.933762250393105830e+01 4.079894041449626485e+01 4.209202247918886997e+01 4.279011188432778567e+01 4.269738661565597226e+01 4.202422128309831351e+01 4.110465417367822027e+01 4.012526928991185571e+01 3.917635829360949629e+01 3.954378204222847160e+01
2.979072504363960405e+01 3.082568216363291214e+01 3.154317543066314755e+01 3.164040895867413994e+01 3.143059301081363088e+01 3.121067286927971196e+01 3.101518103004689308e+01 3.073032212427741783e+01 3.029169122988303187e+01 2.933546277647671729e+01 2.915512155528428906e+01 2.876646742460448536e+01 2.827397474324278903e+01 2.795690920206800456e+01 2.757488967861743490e+01 2.840360112237167201e+01 2.875526993352395166e+01 2.930784964342129584e+01 2.911280991542599139e+01 2.984284645176760620e+01 3.063214705337807331e+01 3.149403203543470653e+01 3.243122369857672993e+01 3.345448150642757668e+01 3.458285237859249861e+01 3.584598302577557405e+01 3.726416738792251238e+01 3.904397934434752671e+01 4.052557315859350950e+01 4.163903353491152615e+01 4.210818350455645742e+01 4.183488106494543501e+01 4.106881068150735814e+01 4.008235165543492684e+01 3.903570069812246146e+01 3.800554104660334076e+01 3.838619170854688178e+01
2.896077991356544246e+01 2.991822057860020934e+01 3.052456374922135396e+01 3.048937456857089856e+01 3.024841149214699598e+01 3.004026148541017349e+01 2.989381726672045758e+01 2.976989209701984151e+01 2.895759313519128852e+01 2.816694731548191655e+01 2.805409547296606476e+01 2.780681326326204683e+01 2.693915056449746714e+01 2.671794879984931725e+01 2.633872085024807674e+01 2.691056850994998584e+01 2.750298023091306021e+01 2.815613425538165160e+01 2.960436737799671292e+01 3.082450911844912511e+01 3.178971954220408236e+01 3.271818095093342293e+01 3.368108468794506649e+01 3.469240365356574074e+01 3.576366658971411994e+01 3.690690623576811902e+01 3.817467827999253416e+01 3.935072854338796589e+01 4.055622904725107958e+01 4.134566678101182191e+01 4.145402566930761878e+01 4.093825169147535803e+01 4.012169708978723293e+01 3.909511969617379634e+01 3.800576951127468561e+01 3.692003757038201428e+01 3.730957174982684421e+01
2.811943999693243512e+01 2.900693710692735294e+01 2.948233450934374389e+01 2.934444881222424328e+01 2.908895142945979728e+01 2.889821859926939851e+01 2.879428233457139186e+01 2.875034330853156206e+01 2.805816195104033994e+01 2.705388284269803734e+01 2.701090070497118489e+01 2.676045325398431629e+01 2.580925756089069267e+01 2.551253098357845062e+01 2.668623949522945793e+01 2.760878229584768206e+01 2.841209963438172537e+01 2.929839384204361252e+01 3.041560654303698996e+01 3.158408474759094986e+01 3.269419129989279327e+01 3.371856749409335663e+01 3.473432486286781540e+01 3.576316239115232065e+01 3.679848832714881723e+01 3.783175714674435142e+01 3.885407962402594961e+01 3.985051116507836610e+01 4.060699292437465147e+01 4.096146407087736918e+01 4.076788320852090663e+01 4.009478949076773802e+01 3.916391919127454457e+01 3.813857976512453263e+01 3.702995473995659381e+01 3.590644959042947448e+01 3.631766234528669202e+01
2.728294102968349932e+01 2.812491062394899544e+01 2.839343104102679760e+01 2.820908109792530638e+01 2.795513889014805287e+01 2.778477096403406321e+01 2.771709901070879667e+01 2.773692033869475893e+01 2.708197340442470491e+01 2.606696738825722193e+01 2.604583690547753960e+01 2.581731968597106075e+01 2.470991601673973292e+01 2.574674054287701708e+01 2.678718488800495123e+01 2.769574179665187330e+01 2.851560136080146179e+01 2.952714570150144979e+01 3.064723293521854330e+01 3.184153095089811103e+01 3.306576873633871116e+01 3.428957904397377376e+01 3.545568758395054232e+01 3.655310338873468368e+01 3.757729818582338766e+01 3.850363092443800639e+01 3.930243196906716463e+01 3.994739639612752313e+01 4.033382394780969094e+01 4.037977528955867257e+01 3.995910122945812049e+01 3.924100858180564444e+01 3.827260622202391005e+01 3.719883156312751993e+01 3.610928958761454766e+01 3.494625895337047439e+01 3.551763851834274277e+01
2.645137908132727489e+01 2.716603428791627195e+01 2.730176509468077128e+01 2.709304464061324680e+01 2.685056950558512057e+01 2.670114530774219475e+01 2.666382608915653663e+01 2.674421176590782423e+01 2.613681233547628580e+01 2.513805203221028961e+01 2.513953382882950294e+01 2.503726995382299947e+01 2.420758399968088881e+01 2.542350233475285748e+01 2.636821321671400042e+01 2.710478548915368080e+01 2.823745152312254802e+01 2.938730086194626168e+01 3.058034941080275004e+01 3.181793227650143052e+01 3.308797762715607860e+01 3.436828421296734604e+01 3.562352092849926777e+01 3.680399954991329281e+01 3.785095196308428456e+01 3.868883842241763915e+01 3.924240648310473034e+01 3.956247206548778905e+01 3.964910301840513540e+01 3.959731571657535198e+01 3.912901461035688300e+01 3.833727382869963662e+01 3.740160330603537631e+01 3.633590418301130143e+01 3.523270237706832830e+01 3.410475993370224757e+01 3.471895048023176145e+01
2.550316937733624556e+01 2.615862011139692811e+01 2.621525208103627946e+01 2.600202927954285315e+01 2.577790299254319706e+01 2.564818100347333285e+01 2.563403900372244948e+01 2.576737618601016067e+01 2.523220189425839877e+01 2.425724532192992200e+01 2.424829125671458740e+01 2.421793899205856704e+01 2.374465521250380107e+01 2.467175273676411251e+01 2.564855790605120944e+01 2.691116736154609512e+01 2.813429677236711868e+01 2.936439230296747027e+01 3.061988335473050427e+01 3.190743441054436502e+01 3.322003661810764896e+01 3.453430222551494211e+01 3.580543715163231155e+01 3.696056311240077719e+01 3.789512878266220497e+01 3.845094273450641964e+01 3.863512713654727548e+01 3.871963717006934758e+01 3.867426773858226596e+01 3.860081286389956290e+01 3.827803484961246738e+01 3.747284890831936366e+01 3.651740881571237907e+01 3.550673275904634352e+01 3.443003665414478576e+01 3.331751397255395375e+01 3.397234493572593550e+01
2.445820030023247327e+01 2.512865205695911186e+01 2.514538779519994804e+01 2.494037464454883946e+01 2.473908989478210074e+01 2.462648829080993451e+01 2.462643594622877075e+01 2.476688193438628005e+01 2.439675451390380090e+01 2.342598339852845157e+01 2.336145792183278047e+01 2.310668379573380804e+01 2.407570721251036971e+01 2.502137271850544664e+01 2.602144329677621570e+01 2.711505713905296133e+01 2.827497856744655635e+01 2.948944884661308308e+01 3.075283787597950180e+01 3.205667876062396715e+01 3.338176858253320489e+01 3.469005719399911669e+01 3.591482005837904268e+01 3.694980064455131696e+01 3.764563260934290412e+01 3.781455819808544305e+01 3.768479831275738690e+01 3.762762479530056936e+01 3.752937499605430816e+01 3.747867903206650908e+01 3.730343356391839649e+01 3.662747577623119355e+01 3.568312099171583185e+01 3.467962943292668854e+01 3.366269203650682584e+01 3.257572777374552686e+01 3.326546664074433579e+01
2.345286552912049416e+01 2.412322422400040978e+01 2.410302659804471759e+01 2.391039712484591107e+01 2.373549734238455855e+01 2.363676973410510485e+01 2.364704437291269556e+01 2.377285135877931310e+01 2.351278324852320978e+01 2.265318795738795998e+01 2.247565297466733014e+01 2.340868343648901018e+01 2.432404594185000946e+01 2.527796273573993702e+01 2.628326352026339663e+01 2.735567960916942098e+01 2.849890675925410477e+01 2.971090665497933969e+01 3.098395115184186466e+01 3.230104596764685709e+01 3.362828783207628902e+01 3.490563185335572172e+01 3.603237629256966557e+01 3.685401860901671967e+01 3.716865216538428029e+01 3.701064491174135895e+01 3.649755989984799243e+01 3.640423700552428699e+01 3.629841261507545624e+01 3.627981616037581603e+01 3.623179978897302789e+01 3.570508783931665420e+01 3.486952760513086957e+01 3.389662440376915953e+01 3.290870284890377917e+01 3.187454878107004674e+01 3.258632369752449165e+01
2.259465012976318121e+01 2.314919148826861317e+01 2.308827829841327528e+01 2.291114086646836512e+01 2.276817573583025123e+01 2.267791517669661516e+01 2.270209149095936496e+01 2.277672810783981916e+01 2.256086190733771701e+01 2.189683922665809135e+01 2.275988343430022809e+01 2.360634107154243466e+01 2.449872849482010295e+01 2.544511654955904945e+01 2.645483794283337176e+01 2.753752527463586119e+01 2.869765775792228268e+01 2.993429089650273411e+01 3.123474207417201853e+01 3.257245262585315970e+01 3.389307293627385320e+01 3.510874812682521195e+01 3.607133410422908071e+01 3.655081933525696058e+01 3.647838669465895123e+01 3.597445002496652222e+01 3.526911977586675562e+01 3.513767873903022121e+01 3.504042758339739549e+01 3.504262799281880092e+01 3.505473773356710865e+01 3.475047015109106496e+01 3.398125837303040697e+01 3.311545205804139869e+01 3.219456623614784263e+01 3.121352506056445364e+01 3.188924239469292843e+01
2.161670424902530030e+01 2.214007879456398342e+01 2.209582581710773042e+01 2.193942403885728609e+01 2.183927792661822664e+01 2.174528678222981526e+01 2.180391568777644551e+01 2.178225173568163342e+01 2.134235809107395099e+01 2.205870979561291989e+01 2.279756772340946469e+01 2.360627485316116392e+01 2.448301964359339777e+01 2.543514816466809592e+01 2.646577526697484828e+01 2.758535107577011658e+01 2.878962083472907807e+01 3.008028645094903908e+01 3.142613526169343885e+01 3.279747007540225923e+01 3.409599992903772403e+01 3.521568837262243079e+01 3.593118620581471845e+01 3.604657782755841566e+01 3.561478763856074181e+01 3.492026211357894283e+01 3.401895019572990009e+01 3.386514548647679845e+01 3.379498102538865112e+01 3.380710457020084903e+01 3.384409144028983008e+01 3.366781126424870507e+01 3.302451609198148930e+01 3.222341265134259203e+01 3.146562439574244863e+01 3.060505766496234159e+01 3.097572886443017381e+01
