output_new_topo_ddd_6/finaltopo_bedrock__elevation.asc
ncols 300
nrows 100
xllcorner 0.0
yllcorner 0.0
cellsize 10.0
[rows 17 to 33 of 100, columns 148 to 184 of 300]
1.681971710238691742e+01 1.796132367121572315e+01 1.909770125169051269e+01 2.025627426030905553e+01 2.141324647280216809e+01 2.254251038985015754e+01 2.356270960876803500e+01 2.446589646855873212e+01 2.531426212232394590e+01 2.613174815039353049e+01 2.669369351799397094e+01 2.668190081455379215e+01 2.601328021679087854e+01 2.502296026247655192e+01 2.379523671695713105e+01 2.250505049343133024e+01 2.122613110976713457e+01 1.994754578483496488e+01 1.862953694955816175e+01 1.722585938165589070e+01 1.824128077409356408e+01 1.915512487392999930e+01 2.008488925567693784e+01 2.108509038564681148e+01 2.215380495810427419e+01 2.325503607426914243e+01 2.442109372898299569e+01 2.558907974894099624e+01 2.666178478210954950e+01 2.747656555973329873e+01 2.777196732528470235e+01 2.737248491051319377e+01 2.643237292238283587e+01 2.522284445632900685e+01 2.390447600383953031e+01 2.257800939111474037e+01 2.132749749786208682e+01
1.658097066593420976e+01 1.783506552350246110e+01 1.893083306625881335e+01 1.998365219931550385e+01 2.097472262894298112e+01 2.185523493941921913e+01 2.270520433938287752e+01 2.356419121501932779e+01 2.449846265479169460e+01 2.537592693817032696e+01 2.601930490399686136e+01 2.615392484970693587e+01 2.557486289723645712e+01 2.446086516241582132e+01 2.317569963792113796e+01 2.183920838357791538e+01 2.054174882408687353e+01 1.955563082043311240e+01 1.827769811836984104e+01 1.680213898175737697e+01 1.768417990928944405e+01 1.844549319695565615e+01 1.932082392073111166e+01 2.029215739895323267e+01 2.131909210645975961e+01 2.243904494087016133e+01 2.361477968235558222e+01 2.479174695163342435e+01 2.588007992205908536e+01 2.671693326240337285e+01 2.721627986263784038e+01 2.707341593287156911e+01 2.629120513446218155e+01 2.516159152668681998e+01 2.387108991156850735e+01 2.252609786547144566e+01 2.117108813668853529e+01
1.632517098757899632e+01 1.720831580436130182e+01 1.819702234772251970e+01 1.917937976724931914e+01 2.003204863742756103e+01 2.084064774803772124e+01 2.167405292538233397e+01 2.261926639581973930e+01 2.360011742871138907e+01 2.451968092429039459e+01 2.520859535022609421e+01 2.556682922620397136e+01 2.527631814905514318e+01 2.437627361169778339e+01 2.316623499740537184e+01 2.180194921704449840e+01 2.034277680791212006e+01 1.872824606203447928e+01 1.750820230771019936e+01 1.638290858137061790e+01 1.689402195578174926e+01 1.761737236913327465e+01 1.851430827204479002e+01 1.945359311563105820e+01 2.049943299825356036e+01 2.162746004697969227e+01 2.280002568816353303e+01 2.396488958763527677e+01 2.502240345536261401e+01 2.596043535303053318e+01 2.659790575816031222e+01 2.666808254908982789e+01 2.611622520996379748e+01 2.511062559571722375e+01 2.387994425687162803e+01 2.256984727560234916e+01 2.127172527321787499e+01
1.711160239499189473e+01 1.595147338017197036e+01 1.727570193004807209e+01 1.817924680008792393e+01 1.896171434878743867e+01 1.975410731433680667e+01 2.066075141069357102e+01 2.164220521757379245e+01 2.264381622458720145e+01 2.356173286867715078e+01 2.438170535649723547e+01 2.491289506841224721e+01 2.488257164048611969e+01 2.425214997912891945e+01 2.319576788277223756e+01 2.193376035779990474e+01 2.061411180518737396e+01 1.939977878740495143e+01 1.814672956544561089e+01 1.692780349091233916e+01 1.579532817519509180e+01 1.684342958172399207e+01 1.766972564080562336e+01 1.862635957040638957e+01 1.969408613448408474e+01 2.082066125596313100e+01 2.197291662197638473e+01 2.308918627475754093e+01 2.418742600042723012e+01 2.516662939883254069e+01 2.588281466001593145e+01 2.611234469706252881e+01 2.573390077475579929e+01 2.494266408727880702e+01 2.380120651400632781e+01 2.251922122690303141e+01 2.119980569345231913e+01
1.709751854836478913e+01 1.569108461844647984e+01 1.645001803617648761e+01 1.714596781429997918e+01 1.787910889424760086e+01 1.871790303818728063e+01 1.965243662034448491e+01 2.064758022268991766e+01 2.162915556276856321e+01 2.261606517093515478e+01 2.350730447139978097e+01 2.415345346480813404e+01 2.432570467144871529e+01 2.391394159231440852e+01 2.310357089461544078e+01 2.195265897417399970e+01 2.069035871811356841e+01 1.940463511014776898e+01 1.810413988956129572e+01 1.679598621128817371e+01 1.539541489287846332e+01 1.598233876108063001e+01 1.679777944030720960e+01 1.783483995736757777e+01 1.891201777894753988e+01 2.001583479076798611e+01 2.111887134282930845e+01 2.224836910849682425e+01 2.333945835073178543e+01 2.430936526987427726e+01 2.502218399262428861e+01 2.542619698598328526e+01 2.524876003707415961e+01 2.448431733089481810e+01 2.353378483122445175e+01 2.233066222348525898e+01 2.104466623529898683e+01
1.767506437456334822e+01 1.656113833890050557e+01 1.531637896592055803e+01 1.610375803206481038e+01 1.683835509518845797e+01 1.769960472457858458e+01 1.865537988960040749e+01 1.963499595235981943e+01 2.065075076250225194e+01 2.165226324625255216e+01 2.256540604539509332e+01 2.324174771193829159e+01 2.361606736271636819e+01 2.343428550430434498e+01 2.272089753338197937e+01 2.173188150206261682e+01 2.057699717232446801e+01 1.934938488309790472e+01 1.810690684706690945e+01 1.690063364331205520e+01 1.579254001867862378e+01 1.482528470596115433e+01 1.605306554387383144e+01 1.710678968872604244e+01 1.813946254782846523e+01 1.919653691167235010e+01 2.030741249745814869e+01 2.141593439878976923e+01 2.246106244920396122e+01 2.335491741377927255e+01 2.412044719017254835e+01 2.462951060620751420e+01 2.463092374988005773e+01 2.401508424013452370e+01 2.289399525817895409e+01 2.164799971370352338e+01 2.035447841007493608e+01
1.774281415076049484e+01 1.683463708485393440e+01 1.596580835580139812e+01 1.494557553642609626e+01 1.581528953998847342e+01 1.669688730310086555e+01 1.768536799761345080e+01 1.868051218777183209e+01 1.967512769469727729e+01 2.065351582217101978e+01 2.153293953429315621e+01 2.230220385525323223e+01 2.277643060863162106e+01 2.274662216686873251e+01 2.230247288812949336e+01 2.158999493081265086e+01 2.058519967012800578e+01 1.943618745791761171e+01 1.820809640781029159e+01 1.695526046505684192e+01 1.571143818941746417e+01 1.444959559398422755e+01 1.546984182103425631e+01 1.636342557258540609e+01 1.734296208746044599e+01 1.842324944374761486e+01 1.952326950071770284e+01 2.058269683902322100e+01 2.152643272612073488e+01 2.237263415406085443e+01 2.311892894331066728e+01 2.369503529033626776e+01 2.387945859959973660e+01 2.363486418240305653e+01 2.278940085837435348e+01 2.164006832699144312e+01 2.035284249111603927e+01
1.721189320649045129e+01 1.660791976527781344e+01 1.596314108708095070e+01 1.530197343385898101e+01 1.459919389137920831e+01 1.583120213249271480e+01 1.681020908008080283e+01 1.773531683581368767e+01 1.867519296549314589e+01 1.959456496382195567e+01 2.051559151897005151e+01 2.131566270637274130e+01 2.178555081651190406e+01 2.179603942021493523e+01 2.160614239038023143e+01 2.104370049483775063e+01 2.033848126277149859e+01 1.938205016746139719e+01 1.823485310058681108e+01 1.698142104168889688e+01 1.562796580566890370e+01 1.409023545558882340e+01 1.469727945524238244e+01 1.552680448660214196e+01 1.659953571695002950e+01 1.769946038349570827e+01 1.876557068328875033e+01 1.973501107524261755e+01 2.060009424276777423e+01 2.125969874056588438e+01 2.196708447992020297e+01 2.254816223426895760e+01 2.306366560143083433e+01 2.311817672405674529e+01 2.260384510485971887e+01 2.160381457304436736e+01 2.035651552943099318e+01
1.619445227744859750e+01 1.569308918968524402e+01 1.522684985489690135e+01 1.479400272933435545e+01 1.438377153192337587e+01 1.514518499591306266e+01 1.590828850170107955e+01 1.675077892976921490e+01 1.761950030750762863e+01 1.855641124290176336e+01 1.949357625603857969e+01 2.032024182082684405e+01 2.063088801268475336e+01 2.065649458726625554e+01 2.059599160618507696e+01 2.032325985160750292e+01 1.964022370330247469e+01 1.889294710190875648e+01 1.801729756642178515e+01 1.697045723948133045e+01 1.579605375908137255e+01 1.461821629619510077e+01 1.354710489440764931e+01 1.481778373589299491e+01 1.595252807895373337e+01 1.702620377599611601e+01 1.802364506423166191e+01 1.893424580530655987e+01 1.967949903737568462e+01 1.991720972844658633e+01 2.063929869763172320e+01 2.145051730024887249e+01 2.206314667764278425e+01 2.242382563570832943e+01 2.224314867088705938e+01 2.148463532045926883e+01 2.040707799333948458e+01
1.725058253347803117e+01 1.706071737358722729e+01 1.648343796648296333e+01 1.579684744051854928e+01 1.508637186470546254e+01 1.408259028970778104e+01 1.493345241628685116e+01 1.569588631957677727e+01 1.656924559408913211e+01 1.751583946829247651e+01 1.848845224675768151e+01 1.921762055387710788e+01 1.939543932869869991e+01 1.940807238148389047e+01 1.941831638718148056e+01 1.930448930896165649e+01 1.892148847581022864e+01 1.807525805022821430e+01 1.729816322789511318e+01 1.646879879173201289e+01 1.556598371014240278e+01 1.449897387573117413e+01 1.319339426129004522e+01 1.431558205848148724e+01 1.536480847950259232e+01 1.637990326071154357e+01 1.734249709673769857e+01 1.820105823353210184e+01 1.853507325920922355e+01 1.851660666967055846e+01 1.940398946490774179e+01 2.024134511154271010e+01 2.103411901741537093e+01 2.160122164930321631e+01 2.171612065115977330e+01 2.128127754266509086e+01 2.037325468454826094e+01
1.846066047389992804e+01 1.817412016438209577e+01 1.737961301890778287e+01 1.659687904273894077e+01 1.574964841677342342e+01 1.483363005400648937e+01 1.374033035351136611e+01 1.464401337553598381e+01 1.549649201738992055e+01 1.648887880889651569e+01 1.741673781977742408e+01 1.806282232809099142e+01 1.811905528148505695e+01 1.810916185957762181e+01 1.816082979701683442e+01 1.815430508582147695e+01 1.798017835801384834e+01 1.729966627886921060e+01 1.637459680464818135e+01 1.560532389027431499e+01 1.483727156550364334e+01 1.399316574139779767e+01 1.287551284643450167e+01 1.376862575026009239e+01 1.476256100200891019e+01 1.581192919438012723e+01 1.672353426562001388e+01 1.726598487740159271e+01 1.734108891437665889e+01 1.717898318206889030e+01 1.811829614176580350e+01 1.907150641413222658e+01 1.995514697338554555e+01 2.061614733082309669e+01 2.100570264721750036e+01 2.085698760306181399e+01 2.018660950376511920e+01
1.972287354502330459e+01 1.906095912781481161e+01 1.824327829918366461e+01 1.738506845046276439e+01 1.645803820687653740e+01 1.550157200017330972e+01 1.452475676404902494e+01 1.338767621909927819e+01 1.441334933607746649e+01 1.541118884847322867e+01 1.634342427505036000e+01 1.687450151907495055e+01 1.682783774804895316e+01 1.679728758291718904e+01 1.687879530902758418e+01 1.693952624711369737e+01 1.690833343763474161e+01 1.636219634468663386e+01 1.552410035062779947e+01 1.460039527805567161e+01 1.388948187288799829e+01 1.323314123761805838e+01 1.257057951688433306e+01 1.377822906416374060e+01 1.469646557479273064e+01 1.533936250670688572e+01 1.592276201851739437e+01 1.616015184222276702e+01 1.612407657320930454e+01 1.591013412262013915e+01 1.692464998954006816e+01 1.791979573521959423e+01 1.881126127519801017e+01 1.961219974288022172e+01 2.016516952203199509e+01 2.022542907144866575e+01 1.974571573504729827e+01
2.083370016248415979e+01 1.999390199149324587e+01 1.911719454744516966e+01 1.817633882234022025e+01 1.721942566680334963e+01 1.622715764686303075e+01 1.526484844548264164e+01 1.425176668938234137e+01 1.304783037808209301e+01 1.442947637034154518e+01 1.534960462033733641e+01 1.564734962413518460e+01 1.553905961562597859e+01 1.549432312174898208e+01 1.561031145347542903e+01 1.570479921591904038e+01 1.572584183209171016e+01 1.537602393454305982e+01 1.453703875453941841e+01 1.365468554293854631e+01 1.283485343678513857e+01 1.211935183749969625e+01 1.293556835553323303e+01 1.364697570434178253e+01 1.416854294273132275e+01 1.444480321496002517e+01 1.481720172644478239e+01 1.495527834710244619e+01 1.491746577146651909e+01 1.474177104955640161e+01 1.579675102680335463e+01 1.676756402218355646e+01 1.770798321687739829e+01 1.855741257608387684e+01 1.919607599505443929e+01 1.941085316232815217e+01 1.919309961505799933e+01
2.182926835490007633e+01 2.093530929938631147e+01 1.997547752767835050e+01 1.900966936306098276e+01 1.801072553149644406e+01 1.705268855720997223e+01 1.590179777521081306e+01 1.445947135268417938e+01 1.281462802770538545e+01 1.366060177731506364e+01 1.432355070282222087e+01 1.443236360180929445e+01 1.427017684788843077e+01 1.420892511348772302e+01 1.438589863729307972e+01 1.449277559585019937e+01 1.452171634581762660e+01 1.427129744987741589e+01 1.349328164326264101e+01 1.257729024223399250e+01 1.167644962835956335e+01 1.219969192426056814e+01 1.257775268395655743e+01 1.296579639288250263e+01 1.320034673274427917e+01 1.333522685302210142e+01 1.358578424970000320e+01 1.370757702824478486e+01 1.374113029431501154e+01 1.368318754341875554e+01 1.473043583174004567e+01 1.568485435395774985e+01 1.658575730529647529e+01 1.743053559195636026e+01 1.805511643303956504e+01 1.854290437208086573e+01 1.848979740127777305e+01
2.278995381166573964e+01 2.182516368827067410e+01 2.084986337407630685e+01 1.983853415739715587e+01 1.889675128329933784e+01 1.781374124799542358e+01 1.654182422833070376e+01 1.517112912524869195e+01 1.380159875190374841e+01 1.248331377901855888e+01 1.324872345529492179e+01 1.322426845929907557e+01 1.303023307039561374e+01 1.293295664716751681e+01 1.323212670758163156e+01 1.332972885448582545e+01 1.332583503323161089e+01 1.312038413682575033e+01 1.234958971372777015e+01 1.124833534283090763e+01 1.140239259909159308e+01 1.152077451146678655e+01 1.164928682105744073e+01 1.178491294854456761e+01 1.193305150499200451e+01 1.208615696376393345e+01 1.223994318588235153e+01 1.239431151158039590e+01 1.254636182057136828e+01 1.269518236143280987e+01 1.382671488415281402e+01 1.453725343747674437e+01 1.541576039180047530e+01 1.620395416693792612e+01 1.699556484374356913e+01 1.755750486218360606e+01 1.760850001629766837e+01
2.364344487761055902e+01 2.268916917887457885e+01 2.166177046991505861e+01 2.070434219454913105e+01 1.952169884510839637e+01 1.816452801101964809e+01 1.674551097681723633e+01 1.536601372644331498e+01 1.393350779840861087e+01 1.323733885603184568e+01 1.216887361167626302e+01 1.197128943550974967e+01 1.178194239171230961e+01 1.157908888288218741e+01 1.230862654451204286e+01 1.222921844360537236e+01 1.215094093707588918e+01 1.197438813575178607e+01 1.101964637816440984e+01 1.204647348518381733e+01 1.256195147042938487e+01 1.270923494969933643e+01 1.270448777199547230e+01 1.315742332935032088e+01 1.331688381209299976e+01 1.343152153546368055e+01 1.352645473301251933e+01 1.361121677478746861e+01 1.368400447726343572e+01 1.373271082695470291e+01 1.293066728748613770e+01 1.310031845770510728e+01 1.429817420876271861e+01 1.502600408228308027e+01 1.585980512006162968e+01 1.647759838271475630e+01 1.657005267938978932e+01
2.441563856696966894e+01 2.342228929413295546e+01 2.240035402584631896e+01 2.112510628275913049e+01 1.975013389781582873e+01 1.829602476841339609e+01 1.671650511210744128e+01 1.553421075009036301e+01 1.486782236564256898e+01 1.379598245897844322e+01 1.358303039854090599e+01 1.337119313769776952e+01 1.310822451306894187e+01 1.246829112747369450e+01 1.128888544554375528e+01 1.110903178731808083e+01 1.094467331378129771e+01 1.083421835884056961e+01 1.184316859783611520e+01 1.271087578369879445e+01 1.343397346658896829e+01 1.375110812987435516e+01 1.376407546077680699e+01 1.443053797174082398e+01 1.464048465963089463e+01 1.474732434820950111e+01 1.479886094469192770e+01 1.482185991402492498e+01 1.482574365310114928e+01 1.481607426697722296e+01 1.411687425554368858e+01 1.417250330590706753e+01 1.335436554838175027e+01 1.353599765331185090e+01 1.476699403990300929e+01 1.531192783521057876e+01 1.540760835488232061e+01
