output_new_topo_ddd_6/finaltopo_topographic__elevation.asc
ncols 300
nrows 100
xllcorner 0.0
yllcorner 0.0
cellsize 10.0
[rows 0 to 16 of 100, columns 111 to 147 of 300]
8.653489986731166539e-02 1.407216110973612544e-01 7.720493739744793693e-01 6.163777166773043437e-02 7.268238652040555081e-01 6.960349568819896859e-01 6.762152791853167644e-01 1.894041071327972059e-01 9.107032613855142733e-01 6.990786900033736373e-01 7.680635000831805836e-01 2.041668790127386668e-01 6.311108949377423061e-01 8.454956716883231804e-01 9.490881881966745093e-01 7.487776725933759092e-02 9.473755876887196559e-01 9.041669068171418466e-01 9.381436849310091919e-01 9.158847519537131054e-01 5.118786453382705437e-01 3.509609624869935995e-02 1.565566147137419373e-01 6.283748141097594830e-01 2.909071011692830888e-01 2.108648345236264765e-01 7.451414835127807557e-01 7.656131446716087918e-01 9.164147720464752567e-01 4.581552693112030950e-01 8.654168813653068115e-01 4.862836390238121087e-01 1.632160916022566965e-01 8.069733645764142205e-01 1.237404752375725892e-02 3.118785278893424495e-01 8.825364158059244568e-01
3.995128073761871690e+01 4.064208225401276309e+01 4.107229760963573995e+01 4.109176204721119063e+01 4.072486580811819579e+01 4.016888407021438923e+01 3.954856676253546510e+01 3.894515031050612208e+01 3.842100164371720439e+01 3.801026126170717845e+01 3.760705447515029221e+01 3.724480670837876772e+01 3.683529281867921412e+01 3.641456154173223325e+01 3.602643741741091077e+01 3.576941249252016064e+01 3.557323303107880008e+01 3.540751135980462294e+01 3.525719324987984038e+01 3.511474757909878264e+01 3.497694685314812091e+01 3.484329897455197056e+01 3.471427101797119263e+01 3.458914438545328807e+01 3.446449143882186661e+01 3.433201945490715445e+01 3.417254034051472900e+01 3.394039519584089248e+01 3.355325338048209716e+01 3.304748836000629097e+01 3.249172901249916379e+01 3.196102162406635827e+01 3.154033945832125241e+01 3.134116441184460911e+01 3.129815108622458553e+01 3.134573101546695995e+01 3.144807015997727362e+01
3.936697892862488857e+01 4.014724941732422536e+01 4.069243293946813367e+01 4.071749519379009996e+01 4.024883235886481714e+01 3.960555976903712150e+01 3.890811839956765539e+01 3.823009226354317036e+01 3.762164190227090188e+01 3.731906831355644982e+01 3.685751219044814064e+01 3.659187048774902706e+01 3.615268858332731128e+01 3.570222796575361457e+01 3.520517019420599070e+01 3.500303007238931485e+01 3.482927027475893311e+01 3.467397764113460568e+01 3.452834320656067746e+01 3.438737576556241748e+01 3.424905370853426945e+01 3.411422453637448626e+01 3.398497106983795391e+01 3.386171597347716755e+01 3.374265646786129480e+01 3.362410084211972361e+01 3.349873725937745661e+01 3.335344700136722906e+01 3.296320255707817637e+01 3.241099033395005335e+01 3.179110716882142640e+01 3.117705326766492746e+01 3.063808334153563706e+01 3.049112136637651815e+01 3.049809653135591958e+01 3.057262835074809360e+01 3.067436655456155847e+01
3.852084747092469286e+01 3.946555693768389972e+01 4.010617154310470767e+01 4.013871035481110994e+01 3.958505214199193745e+01 3.878321178280200598e+01 3.795939034720860406e+01 3.716589888217729509e+01 3.642953890515522630e+01 3.619652071395331205e+01 3.576238847770865448e+01 3.550665732157177956e+01 3.509416200435661182e+01 3.471301517207175635e+01 3.400241077095992637e+01 3.385940538595743021e+01 3.370949056134931965e+01 3.356574623599203733e+01 3.342546959328705469e+01 3.328595224475113667e+01 3.314605845776824111e+01 3.300852588570752744e+01 3.287828589983651995e+01 3.275686621133874610e+01 3.264333871134411424e+01 3.253816853664238096e+01 3.244409912017832198e+01 3.236462938648872267e+01 3.212596769130836094e+01 3.147963728061498045e+01 3.076276869653298363e+01 3.002916914440399765e+01 2.932793139387770154e+01 2.920754239177961153e+01 2.930356079657227752e+01 2.942041385035312118e+01 2.952843067887498663e+01
3.764202947549371459e+01 3.870878280600234689e+01 3.943267039786587702e+01 3.947598537366717153e+01 3.885240612232985313e+01 3.792830077037594805e+01 3.693083070851019301e+01 3.600395021489393343e+01 3.514159985773022044e+01 3.494476196345924990e+01 3.451349920796214121e+01 3.425213293264067005e+01 3.385738238353790308e+01 3.350342243573989265e+01 3.269773102525235942e+01 3.257502297580851547e+01 3.243901151003796457e+01 3.230365417728759070e+01 3.216763211610545881e+01 3.202898375120551577e+01 3.188597785472418167e+01 3.174348860009255091e+01 3.161129563683313748e+01 3.149117887982925268e+01 3.138077531341566129e+01 3.128289202558126192e+01 3.120839325547434839e+01 3.117581828115608289e+01 3.106293944595142875e+01 3.050995753502568064e+01 2.965898618226030337e+01 2.881220178990411540e+01 2.793399482818504964e+01 2.770714713533335072e+01 2.796880042119986243e+01 2.812984290875130711e+01 2.823795859577452205e+01
3.677553483130871115e+01 3.795082037182710621e+01 3.875802257718969202e+01 3.881651715555486248e+01 3.812961068569144629e+01 3.709813084382560078e+01 3.596960818187668707e+01 3.488367349311910459e+01 3.390693934144491806e+01 3.370057923076002737e+01 3.321573109051871597e+01 3.295153493185634375e+01 3.256293932500089738e+01 3.222849676888991155e+01 3.137079090154361083e+01 3.126351111783334602e+01 3.113506245016955276e+01 3.100540726226837762e+01 3.087252965041795250e+01 3.073467404902665479e+01 3.058676448917741908e+01 3.043587960922842228e+01 3.030110756612248935e+01 3.018263607336724874e+01 3.007280882919959097e+01 2.997472193357062054e+01 2.990542470681732112e+01 2.989359848125665309e+01 2.984715888454163135e+01 2.949552948501653304e+01 2.863962017155613893e+01 2.766071128207667229e+01 2.677963529415968935e+01 2.599664352957795899e+01 2.672529295770920754e+01 2.683131781876661037e+01 2.692141294823754905e+01
3.594934678707092957e+01 3.724826192219761367e+01 3.815591327312251479e+01 3.823389615109050510e+01 3.747465684507000105e+01 3.633061243677055785e+01 3.508118065511207817e+01 3.387644236161838762e+01 3.278238108864955080e+01 3.263164659082072205e+01 3.189440223271014574e+01 3.167316420482139705e+01 3.127078398194855779e+01 3.095179720000493973e+01 3.007334829039322699e+01 2.998183271484664658e+01 2.985449510075579482e+01 2.972922078433277804e+01 2.959871991067860009e+01 2.946309046418853939e+01 2.930847105428940225e+01 2.914339877520478339e+01 2.900642080198484507e+01 2.889203981624572393e+01 2.878118908245143359e+01 2.867593282869958671e+01 2.859902432544810935e+01 2.858856283633623363e+01 2.858521340396474031e+01 2.838470776363963566e+01 2.764079794015942326e+01 2.662693877213724747e+01 2.559809461208329395e+01 2.468150388713459265e+01 2.545672221069655095e+01 2.555582946517149168e+01 2.562994912623534915e+01
3.518552106274225366e+01 3.665812455638869949e+01 3.770832562800215015e+01 3.780934025511987073e+01 3.694030562939754958e+01 3.564583176205698578e+01 3.425903804907614614e+01 3.294022864652363580e+01 3.173790418822985160e+01 3.153009680391943448e+01 3.071855086476410079e+01 3.047170634398644751e+01 3.000330297411202096e+01 2.969740505382580764e+01 2.882844676340240397e+01 2.875764581913973572e+01 2.862019919810756363e+01 2.850068837994049886e+01 2.837136116108359829e+01 2.824235588808816644e+01 2.807967278356480989e+01 2.788958013755632237e+01 2.775290482353149102e+01 2.764850935347497796e+01 2.753613135038330384e+01 2.741756137379400116e+01 2.732198763607457437e+01 2.729579941477154392e+01 2.730982437460054868e+01 2.722454011811059971e+01 2.660635594248087443e+01 2.565030562431567773e+01 2.456465897523037611e+01 2.352089970671007890e+01 2.427338795910346647e+01 2.433199415366449614e+01 2.438343016776251915e+01
3.509957346472194928e+01 3.654009080174796509e+01 3.754031839563402428e+01 3.766655478237933607e+01 3.683755511102280877e+01 3.557109013649721874e+01 3.419613297607881464e+01 3.284122768986474483e+01 3.157546012348459286e+01 3.039721317242912235e+01 2.958897639489989473e+01 2.951617009177793705e+01 2.874046608953377557e+01 2.845275333396380191e+01 2.764579817968340691e+01 2.760656932049334955e+01 2.743451041237503318e+01 2.732941102762094943e+01 2.719669949290431887e+01 2.708442912305088512e+01 2.691416519536969432e+01 2.667736681963940626e+01 2.654823141306860634e+01 2.646498372758831508e+01 2.635084650437753950e+01 2.621326415245535912e+01 2.608988642074471542e+01 2.603298416629946388e+01 2.603556657221997384e+01 2.599824718764917364e+01 2.560179260583758776e+01 2.467742114872535097e+01 2.360853801251742112e+01 2.248440203598864429e+01 2.316627788247923192e+01 2.315911676489038129e+01 2.318475229638846713e+01
3.528283122288983265e+01 3.660666393456941137e+01 3.756489886989147919e+01 3.777996925351681057e+01 3.717220516397900099e+01 3.615930550644971930e+01 3.491967326901047386e+01 3.365767365302674108e+01 3.246113994692329641e+01 3.127077185755720024e+01 2.993741597055763037e+01 2.852833181639629601e+01 2.778189662628463452e+01 2.711570894366210638e+01 2.650198548271438526e+01 2.654423529077869404e+01 2.628309772934515109e+01 2.622105525167403428e+01 2.606850865700875630e+01 2.599450578205685858e+01 2.582117106738835233e+01 2.549448126100053713e+01 2.539107023836729482e+01 2.534798506462517409e+01 2.522978638056131118e+01 2.506725231200135084e+01 2.490923457458705315e+01 2.481033066209791826e+01 2.478041987850622618e+01 2.476244641483125264e+01 2.452504905936308077e+01 2.374991419903102852e+01 2.268760144393581157e+01 2.154396407694662940e+01 2.210608614494178070e+01 2.202503060243814659e+01 2.203171834971648124e+01
3.549495236111733476e+01 3.671537517979814425e+01 3.763813153827717173e+01 3.796481529385847153e+01 3.759838488896749453e+01 3.672548097188925453e+01 3.563034118055477961e+01 3.450186511426868208e+01 3.334655702811853928e+01 3.215715026145682032e+01 3.095207057466618394e+01 2.985828479156544546e+01 2.895608121787919842e+01 2.808884569475997495e+01 2.705437987659449561e+01 2.567199440633213214e+01 2.509177877673830181e+01 2.519045065136167594e+01 2.496744269588239362e+01 2.497583040557665868e+01 2.492540461601168644e+01 2.430491322485590189e+01 2.427734991798284625e+01 2.430438732859170514e+01 2.417257828449943347e+01 2.397836552897983253e+01 2.378156712489053248e+01 2.363298625854044488e+01 2.355178817808814529e+01 2.351794786471141308e+01 2.339021664746390528e+01 2.278060347768925453e+01 2.183905677945042356e+01 2.068710023510898210e+01 2.103958890797436609e+01 2.091902120634529183e+01 2.088660106362227253e+01
3.561284314300934994e+01 3.673660362596138640e+01 3.760019678300496793e+01 3.805365383654197586e+01 3.791947471478402321e+01 3.725021802400630122e+01 3.634866533277014611e+01 3.531166643415595274e+01 3.419934073244333206e+01 3.305281332752252865e+01 3.192051507102173602e+01 3.085603102944108400e+01 2.985961765291383330e+01 2.885949516695620076e+01 2.779263899788486114e+01 2.671806341319581790e+01 2.567429967199185725e+01 2.433270119751599836e+01 2.381819921967523968e+01 2.400259372354315701e+01 2.389734930536332058e+01 2.331547760384875190e+01 2.320644097884067492e+01 2.334695267180812550e+01 2.317451703277500741e+01 2.294191284574851508e+01 2.270572394213393608e+01 2.250396190174545552e+01 2.235562896818576561e+01 2.226366238633555739e+01 2.215020301816073456e+01 2.177983865171405498e+01 2.101138553362251926e+01 1.990231858461994108e+01 1.998304020618242305e+01 1.981118477024782365e+01 2.088606956096309375e+01
3.538968392576938982e+01 3.635204762297912850e+01 3.724877958240487175e+01 3.793134541117287029e+01 3.809050714969043838e+01 3.769399111599972940e+01 3.692731514393795322e+01 3.594439776290560928e+01 3.484914843748673263e+01 3.371078168225416505e+01 3.257842047144600173e+01 3.148188228151628465e+01 3.042127654464328046e+01 2.937245361303705948e+01 2.831975633706966278e+01 2.727222598559379563e+01 2.622316048230436181e+01 2.518494774549179027e+01 2.426637420343721274e+01 2.314719777171460535e+01 2.271884181954190041e+01 2.239742470169007760e+01 2.207536428560649711e+01 2.251033567526605239e+01 2.222407951484184707e+01 2.195108538139999155e+01 2.167951634730014732e+01 2.142589800038330239e+01 2.120110246835299606e+01 2.101622784768190755e+01 2.084594192998895679e+01 2.056305652019019448e+01 2.015712767165802433e+01 1.956894366253232675e+01 1.884033603203203455e+01 1.970125238665953304e+01 2.041020686051691158e+01
3.458650828804931621e+01 3.564274574590202604e+01 3.672155952529123368e+01 3.761162072673771917e+01 3.803978140371160066e+01 3.786541773673449285e+01 3.713684478347293094e+01 3.612149893082177954e+01 3.497610017823598128e+01 3.378971619994823783e+01 3.261119252166245275e+01 3.146353859895029004e+01 3.035259296551723196e+01 2.927679682127430993e+01 2.823415097383597328e+01 2.722072384962931935e+01 2.620772788169552925e+01 2.521707362026758759e+01 2.427968101753782904e+01 2.338437243428569090e+01 2.362937781397248571e+01 2.351221068191232533e+01 2.284778338141838105e+01 2.159065545778729600e+01 2.126111627684518979e+01 2.095910783333983929e+01 2.065922976095984254e+01 2.035807614014149536e+01 2.005592656478158275e+01 1.975699115823729812e+01 1.946299431503502220e+01 1.916330052046998844e+01 1.886697563569165226e+01 1.859077343955187445e+01 1.833130956119181931e+01 1.899853899147801428e+01 1.952283272414202031e+01
3.362309799121620557e+01 3.484365193581935216e+01 3.607236385705579096e+01 3.710722893718316584e+01 3.782301697176566790e+01 3.786532932861257450e+01 3.721469685360969493e+01 3.620503109628695881e+01 3.503743978765361078e+01 3.382017209242675904e+01 3.260896504751802638e+01 3.143051926094895521e+01 3.029709144071858873e+01 2.921718330335936997e+01 2.820400428739357324e+01 2.733783304329198671e+01 2.635125775772409540e+01 2.531356708980818837e+01 2.418815538101525320e+01 2.446250880986910303e+01 2.461207319273855632e+01 2.452787464299216325e+01 2.378822349233019295e+01 2.268921933729600582e+01 2.248803468803803796e+01 2.221791993795085318e+01 2.200492007683931917e+01 2.177403853817836321e+01 2.153039169460232216e+01 2.088070932391073598e+01 2.076243147329119054e+01 2.056613907083908188e+01 2.023034131533551871e+01 1.966022267790661004e+01 1.896457014116346329e+01 1.797214305084278863e+01 1.873328322220194764e+01
3.265963389716664267e+01 3.400291531551486202e+01 3.533640613649183848e+01 3.661587091983886211e+01 3.756913949879741210e+01 3.780112403290355871e+01 3.723268289698229694e+01 3.624214872151473088e+01 3.506627852525337374e+01 3.382952694882312272e+01 3.259402873429752390e+01 3.138775509319231105e+01 3.021971674507068784e+01 2.908712681910577658e+01 2.797618629644034627e+01 2.685042506047912170e+01 2.591786150684740520e+01 2.503071111169627372e+01 2.548112531068966646e+01 2.559100124878924021e+01 2.568302622091219334e+01 2.559747404703668039e+01 2.486936060188073583e+01 2.383943208893029464e+01 2.372371307003489349e+01 2.349747049225483053e+01 2.335022449282618595e+01 2.315211440884042204e+01 2.285221891138988326e+01 2.207403107776012519e+01 2.200636616017358449e+01 2.179958588068048542e+01 2.124157040856779588e+01 2.045712891905140651e+01 1.961561384729581192e+01 1.868366149390548614e+01 1.757637719616164063e+01
3.168954583321952256e+01 3.312972684296037329e+01 3.467597645687482810e+01 3.619224565724107379e+01 3.737242575062894190e+01 3.775382250775794546e+01 3.724813085931445045e+01 3.627440389579118118e+01 3.509564515287306108e+01 3.384832584164256275e+01 3.260052220413975022e+01 3.138366986710710194e+01 3.020977329401418032e+01 2.908083778026108490e+01 2.799520373996187317e+01 2.695785547053818121e+01 2.595227538055704031e+01 2.612178981128533195e+01 2.671745255905645067e+01 2.677078744354564321e+01 2.682491469603160894e+01 2.673106902687595010e+01 2.603303871875067088e+01 2.507403533593613432e+01 2.500780069233448089e+01 2.481107100481334271e+01 2.470228789937685931e+01 2.449723011534561579e+01 2.409721086675339308e+01 2.329739969353703088e+01 2.318125769487795296e+01 2.280890869008623767e+01 2.203305346736918224e+01 2.118922400355980074e+01 2.014976659664215219e+01 1.882022527774037357e+01 1.730543345657593690e+01
