output_new_topo_ddd_6/finaltopo_surface_water__discharge.asc
ncols 300
nrows 100
xllcorner 0.0
yllcorner 0.0
cellsize 10.0
[rows 34 to 50 of 100, columns 37 to 73 of 300]
4.000000000000000000e+02 3.200000000000000000e+02 2.400000000000000000e+02 1.600000000000000000e+02 8.000000000000000000e+01 5.600000000000000000e+02 9.600000000000000000e+02 1.600000000000000000e+02 8.000000000000000000e+01 2.400000000000000000e+02 1.032000000000000000e+04 2.400000000000000000e+02 8.000000000000000000e+01 1.600000000000000000e+02 1.600000000000000000e+02 1.464000000000000000e+04 7.200000000000000000e+02 6.400000000000000000e+02 5.600000000000000000e+02 4.800000000000000000e+02 4.000000000000000000e+02 3.200000000000000000e+02 2.400000000000000000e+02 1.600000000000000000e+02 8.000000000000000000e+01 8.000000000000000000e+01 1.600000000000000000e+02 2.400000000000000000e+02 3.200000000000000000e+02 4.000000000000000000e+02 4.800000000000000000e+02 5.600000000000000000e+02 1.040000000000000000e+03 1.120000000000000000e+03 1.200000000000000000e+03 5.920000000000000000e+03 1.600000000000000000e+02
1.253600000000000000e+05 3.200000000000000000e+02 2.400000000000000000e+02 1.600000000000000000e+02 8.000000000000000000e+01 6.400000000000000000e+02 1.040000000000000000e+03 2.400000000000000000e+02 8.000000000000000000e+01 1.600000000000000000e+02 1.088000000000000000e+04 1.600000000000000000e+02 8.000000000000000000e+01 2.400000000000000000e+02 1.560000000000000000e+04 7.200000000000000000e+02 6.400000000000000000e+02 5.600000000000000000e+02 4.800000000000000000e+02 4.000000000000000000e+02 3.200000000000000000e+02 2.400000000000000000e+02 1.600000000000000000e+02 8.000000000000000000e+01 8.000000000000000000e+01 8.000000000000000000e+01 8.000000000000000000e+01 8.000000000000000000e+01 1.600000000000000000e+02 2.400000000000000000e+02 3.200000000000000000e+02 4.000000000000000000e+02 8.000000000000000000e+01 1.600000000000000000e+02 2.400000000000000000e+02 3.200000000000000000e+02 6.480000000000000000e+03
2.400000000000000000e+02 1.264000000000000000e+05 2.400000000000000000e+02 1.600000000000000000e+02 8.000000000000000000e+01 7.200000000000000000e+02 1.120000000000000000e+03 3.200000000000000000e+02 8.000000000000000000e+01 1.600000000000000000e+02 3.224000000000000000e+04 2.112000000000000000e+04 2.072000000000000000e+04 1.880000000000000000e+04 2.640000000000000000e+03 2.160000000000000000e+03 1.760000000000000000e+03 1.360000000000000000e+03 1.040000000000000000e+03 7.200000000000000000e+02 4.800000000000000000e+02 3.200000000000000000e+02 1.600000000000000000e+02 8.000000000000000000e+01 8.000000000000000000e+01 1.600000000000000000e+02 1.600000000000000000e+02 1.600000000000000000e+02 8.000000000000000000e+01 8.000000000000000000e+01 8.000000000000000000e+01 1.600000000000000000e+02 2.400000000000000000e+02 3.200000000000000000e+02 4.000000000000000000e+02 7.200000000000000000e+02 8.800000000000000000e+02
1.600000000000000000e+02 1.600000000000000000e+02 1.271200000000000000e+05 1.600000000000000000e+02 8.000000000000000000e+01 8.000000000000000000e+02 1.200000000000000000e+03 4.000000000000000000e+02 8.000000000000000000e+01 3.392000000000000000e+04 7.200000000000000000e+02 1.600000000000000000e+02 8.000000000000000000e+01 1.440000000000000000e+03 4.800000000000000000e+02 4.000000000000000000e+02 3.200000000000000000e+02 3.200000000000000000e+02 2.400000000000000000e+02 2.400000000000000000e+02 1.600000000000000000e+02 8.000000000000000000e+01 8.000000000000000000e+01 8.000000000000000000e+01 8.000000000000000000e+01 1.600000000000000000e+02 2.400000000000000000e+02 2.400000000000000000e+02 2.400000000000000000e+02 1.600000000000000000e+02 1.600000000000000000e+02 8.000000000000000000e+01 8.000000000000000000e+01 1.600000000000000000e+02 2.400000000000000000e+02 8.000000000000000000e+01 8.000000000000000000e+01
8.000000000000000000e+01 8.000000000000000000e+01 4.800000000000000000e+02 1.280000000000000000e+05 8.000000000000000000e+01 8.800000000000000000e+02 1.280000000000000000e+03 4.800000000000000000e+02 3.528000000000000000e+04 6.400000000000000000e+02 6.400000000000000000e+02 6.400000000000000000e+02 8.000000000000000000e+01 9.600000000000000000e+02 4.000000000000000000e+02 4.000000000000000000e+02 3.200000000000000000e+02 2.400000000000000000e+02 2.400000000000000000e+02 1.600000000000000000e+02 1.600000000000000000e+02 8.000000000000000000e+01 8.000000000000000000e+01 8.000000000000000000e+01 1.600000000000000000e+02 1.600000000000000000e+02 2.400000000000000000e+02 3.200000000000000000e+02 3.200000000000000000e+02 3.200000000000000000e+02 2.400000000000000000e+02 2.400000000000000000e+02 1.600000000000000000e+02 8.000000000000000000e+01 1.600000000000000000e+02 2.400000000000000000e+02 3.200000000000000000e+02
3.200000000000000000e+02 4.000000000000000000e+02 8.000000000000000000e+01 8.000000000000000000e+01 1.282400000000000000e+05 4.008000000000000000e+04 3.912000000000000000e+04 3.688000000000000000e+04 5.600000000000000000e+02 5.600000000000000000e+02 5.600000000000000000e+02 5.600000000000000000e+02 5.600000000000000000e+02 4.800000000000000000e+02 4.000000000000000000e+02 3.200000000000000000e+02 3.200000000000000000e+02 2.400000000000000000e+02 1.600000000000000000e+02 1.600000000000000000e+02 8.000000000000000000e+01 8.000000000000000000e+01 8.000000000000000000e+01 1.600000000000000000e+02 1.600000000000000000e+02 2.400000000000000000e+02 2.400000000000000000e+02 3.200000000000000000e+02 4.000000000000000000e+02 4.000000000000000000e+02 4.000000000000000000e+02 3.200000000000000000e+02 4.800000000000000000e+02 8.000000000000000000e+01 8.000000000000000000e+01 8.000000000000000000e+01 1.600000000000000000e+02
2.400000000000000000e+02 3.200000000000000000e+02 8.000000000000000000e+01 8.000000000000000000e+01 1.688800000000000000e+05 3.200000000000000000e+02 4.000000000000000000e+02 4.800000000000000000e+02 4.800000000000000000e+02 4.800000000000000000e+02 4.800000000000000000e+02 4.800000000000000000e+02 4.800000000000000000e+02 4.800000000000000000e+02 4.000000000000000000e+02 3.200000000000000000e+02 2.400000000000000000e+02 2.400000000000000000e+02 1.600000000000000000e+02 8.000000000000000000e+01 8.000000000000000000e+01 8.000000000000000000e+01 8.000000000000000000e+01 1.600000000000000000e+02 2.400000000000000000e+02 2.400000000000000000e+02 3.200000000000000000e+02 3.200000000000000000e+02 4.000000000000000000e+02 4.800000000000000000e+02 4.800000000000000000e+02 4.800000000000000000e+02 8.800000000000000000e+02 1.600000000000000000e+02 8.000000000000000000e+01 1.600000000000000000e+02 8.000000000000000000e+01
8.000000000000000000e+01 1.600000000000000000e+02 5.600000000000000000e+02 1.697600000000000000e+05 8.000000000000000000e+01 1.600000000000000000e+02 2.400000000000000000e+02 3.200000000000000000e+02 4.000000000000000000e+02 4.000000000000000000e+02 4.000000000000000000e+02 4.000000000000000000e+02 4.000000000000000000e+02 4.000000000000000000e+02 4.000000000000000000e+02 3.200000000000000000e+02 2.400000000000000000e+02 1.600000000000000000e+02 1.600000000000000000e+02 8.000000000000000000e+01 8.000000000000000000e+01 8.000000000000000000e+01 1.600000000000000000e+02 1.600000000000000000e+02 2.400000000000000000e+02 3.200000000000000000e+02 3.200000000000000000e+02 4.000000000000000000e+02 4.000000000000000000e+02 4.800000000000000000e+02 5.600000000000000000e+02 5.600000000000000000e+02 1.440000000000000000e+03 2.400000000000000000e+02 8.000000000000000000e+01 1.600000000000000000e+02 2.400000000000000000e+02
1.600000000000000000e+02 8.000000000000000000e+01 8.000000000000000000e+01 1.700800000000000000e+05 1.600000000000000000e+02 8.000000000000000000e+01 8.000000000000000000e+01 1.600000000000000000e+02 2.400000000000000000e+02 3.200000000000000000e+02 3.200000000000000000e+02 3.200000000000000000e+02 3.200000000000000000e+02 3.200000000000000000e+02 3.200000000000000000e+02 3.200000000000000000e+02 2.400000000000000000e+02 1.600000000000000000e+02 8.000000000000000000e+01 8.000000000000000000e+01 8.000000000000000000e+01 2.400000000000000000e+02 4.000000000000000000e+02 6.400000000000000000e+02 2.400000000000000000e+02 3.200000000000000000e+02 4.000000000000000000e+02 4.000000000000000000e+02 4.800000000000000000e+02 4.800000000000000000e+02 5.600000000000000000e+02 6.400000000000000000e+02 2.080000000000000000e+03 3.200000000000000000e+02 1.600000000000000000e+02 8.000000000000000000e+01 2.400000000000000000e+02
3.200000000000000000e+02 2.400000000000000000e+02 1.600000000000000000e+02 1.709600000000000000e+05 3.200000000000000000e+02 2.400000000000000000e+02 1.600000000000000000e+02 8.000000000000000000e+01 8.000000000000000000e+01 1.600000000000000000e+02 2.400000000000000000e+02 2.400000000000000000e+02 2.400000000000000000e+02 2.400000000000000000e+02 2.400000000000000000e+02 2.400000000000000000e+02 2.400000000000000000e+02 1.600000000000000000e+02 8.000000000000000000e+01 8.000000000000000000e+01 1.600000000000000000e+02 2.400000000000000000e+02 3.200000000000000000e+02 4.000000000000000000e+02 1.120000000000000000e+03 1.440000000000000000e+03 1.840000000000000000e+03 2.320000000000000000e+03 2.800000000000000000e+03 3.360000000000000000e+03 3.920000000000000000e+03 4.560000000000000000e+03 7.360000000000000000e+03 4.000000000000000000e+02 2.400000000000000000e+02 8.000000000000000000e+01 1.600000000000000000e+02
4.000000000000000000e+02 4.000000000000000000e+02 1.719200000000000000e+05 8.000000000000000000e+01 4.800000000000000000e+02 4.000000000000000000e+02 3.200000000000000000e+02 2.400000000000000000e+02 1.600000000000000000e+02 8.000000000000000000e+01 8.000000000000000000e+01 1.600000000000000000e+02 1.600000000000000000e+02 1.600000000000000000e+02 1.600000000000000000e+02 1.600000000000000000e+02 1.600000000000000000e+02 1.600000000000000000e+02 8.000000000000000000e+01 8.000000000000000000e+01 1.600000000000000000e+02 2.400000000000000000e+02 3.200000000000000000e+02 4.000000000000000000e+02 4.800000000000000000e+02 5.600000000000000000e+02 6.400000000000000000e+02 7.200000000000000000e+02 8.000000000000000000e+02 8.800000000000000000e+02 9.600000000000000000e+02 1.040000000000000000e+03 1.120000000000000000e+03 8.560000000000000000e+03 9.280000000000000000e+03 1.600000000000000000e+02 8.000000000000000000e+01
4.800000000000000000e+02 4.800000000000000000e+02 1.741600000000000000e+05 2.000000000000000000e+03 1.760000000000000000e+03 1.520000000000000000e+03 4.800000000000000000e+02 4.000000000000000000e+02 3.200000000000000000e+02 2.400000000000000000e+02 1.600000000000000000e+02 8.000000000000000000e+01 8.000000000000000000e+01 8.000000000000000000e+01 8.000000000000000000e+01 8.000000000000000000e+01 8.000000000000000000e+01 8.000000000000000000e+01 8.000000000000000000e+01 8.000000000000000000e+01 1.600000000000000000e+02 2.400000000000000000e+02 3.200000000000000000e+02 4.000000000000000000e+02 4.800000000000000000e+02 5.600000000000000000e+02 6.400000000000000000e+02 1.360000000000000000e+03 1.520000000000000000e+03 1.680000000000000000e+03 1.840000000000000000e+03 2.000000000000000000e+03 2.160000000000000000e+03 2.320000000000000000e+03 2.480000000000000000e+03 1.192000000000000000e+04 1.232000000000000000e+04
5.600000000000000000e+02 1.754400000000000000e+05 1.600000000000000000e+02 1.600000000000000000e+02 1.600000000000000000e+02 1.600000000000000000e+02 9.600000000000000000e+02 8.000000000000000000e+02 4.800000000000000000e+02 4.000000000000000000e+02 3.200000000000000000e+02 2.400000000000000000e+02 1.600000000000000000e+02 8.000000000000000000e+01 8.000000000000000000e+01 8.000000000000000000e+01 8.000000000000000000e+01 8.000000000000000000e+01 8.000000000000000000e+01 8.000000000000000000e+01 1.600000000000000000e+02 2.400000000000000000e+02 3.200000000000000000e+02 4.000000000000000000e+02 4.800000000000000000e+02 5.600000000000000000e+02 6.400000000000000000e+02 8.000000000000000000e+01 8.000000000000000000e+01 8.000000000000000000e+01 8.000000000000000000e+01 8.000000000000000000e+01 8.000000000000000000e+01 8.000000000000000000e+01 8.000000000000000000e+01 8.000000000000000000e+01 8.000000000000000000e+01
1.773600000000000000e+05 8.000000000000000000e+01 8.000000000000000000e+01 8.000000000000000000e+01 8.000000000000000000e+01 8.000000000000000000e+01 8.000000000000000000e+01 8.000000000000000000e+01 2.400000000000000000e+02 1.600000000000000000e+02 8.000000000000000000e+01 8.000000000000000000e+01 8.000000000000000000e+01 1.600000000000000000e+02 1.600000000000000000e+02 1.600000000000000000e+02 1.600000000000000000e+02 1.600000000000000000e+02 8.000000000000000000e+01 8.000000000000000000e+01 1.600000000000000000e+02 2.400000000000000000e+02 3.200000000000000000e+02 4.000000000000000000e+02 4.800000000000000000e+02 5.600000000000000000e+02 6.400000000000000000e+02 7.200000000000000000e+02 8.000000000000000000e+02 8.800000000000000000e+02 9.600000000000000000e+02 1.040000000000000000e+03 1.120000000000000000e+03 1.200000000000000000e+03 1.280000000000000000e+03 1.360000000000000000e+03 1.440000000000000000e+03
1.783200000000000000e+05 8.000000000000000000e+02 4.800000000000000000e+02 4.000000000000000000e+02 3.200000000000000000e+02 2.400000000000000000e+02 1.600000000000000000e+02 8.000000000000000000e+01 8.000000000000000000e+01 8.000000000000000000e+01 1.600000000000000000e+02 1.600000000000000000e+02 2.400000000000000000e+02 2.400000000000000000e+02 2.400000000000000000e+02 2.400000000000000000e+02 2.400000000000000000e+02 1.600000000000000000e+02 8.000000000000000000e+01 8.000000000000000000e+01 1.600000000000000000e+02 2.400000000000000000e+02 3.200000000000000000e+02 4.000000000000000000e+02 4.800000000000000000e+02 5.600000000000000000e+02 6.400000000000000000e+02 7.200000000000000000e+02 8.000000000000000000e+02 8.800000000000000000e+02 9.600000000000000000e+02 1.040000000000000000e+03 1.120000000000000000e+03 1.200000000000000000e+03 1.280000000000000000e+03 1.360000000000000000e+03 1.440000000000000000e+03
8.000000000000000000e+01 8.000000000000000000e+01 2.400000000000000000e+02 1.600000000000000000e+02 8.000000000000000000e+01 8.000000000000000000e+01 8.000000000000000000e+01 1.600000000000000000e+02 1.600000000000000000e+02 2.400000000000000000e+02 2.400000000000000000e+02 3.200000000000000000e+02 3.200000000000000000e+02 3.200000000000000000e+02 3.200000000000000000e+02 3.200000000000000000e+02 2.400000000000000000e+02 1.600000000000000000e+02 8.000000000000000000e+01 8.000000000000000000e+01 8.000000000000000000e+01 1.600000000000000000e+02 2.400000000000000000e+02 3.200000000000000000e+02 4.000000000000000000e+02 4.800000000000000000e+02 5.600000000000000000e+02 6.400000000000000000e+02 7.200000000000000000e+02 8.000000000000000000e+02 8.800000000000000000e+02 9.600000000000000000e+02 1.040000000000000000e+03 1.120000000000000000e+03 1.200000000000000000e+03 1.280000000000000000e+03 1.360000000000000000e+03
8.000000000000000000e+01 8.000000000000000000e+01 8.000000000000000000e+01 8.000000000000000000e+01 1.600000000000000000e+02 1.600000000000000000e+02 8.000000000000000000e+01 2.400000000000000000e+02 4.800000000000000000e+02 3.200000000000000000e+02 4.000000000000000000e+02 4.000000000000000000e+02 4.000000000000000000e+02 4.000000000000000000e+02 4.000000000000000000e+02 3.200000000000000000e+02 2.400000000000000000e+02 1.600000000000000000e+02 1.600000000000000000e+02 8.000000000000000000e+01 8.000000000000000000e+01 1.600000000000000000e+02 2.400000000000000000e+02 3.200000000000000000e+02 4.000000000000000000e+02 4.800000000000000000e+02 5.600000000000000000e+02 6.400000000000000000e+02 7.200000000000000000e+02 8.000000000000000000e+02 8.800000000000000000e+02 9.600000000000000000e+02 1.040000000000000000e+03 1.120000000000000000e+03 1.200000000000000000e+03 1.280000000000000000e+03 1.360000000000000000e+03
