output_new_topo_ddd_6/finaltopo_topographic__elevation.asc
ncols 300
nrows 100
xllcorner 0.0
yllcorner 0.0
cellsize 10.0
[rows 51 to 67 of 100, columns 74 to 110 of 300]
7.753854472383164165e+00 6.889977439893901767e+00 8.301972687433091025e+00 9.601652525608514566e+00 1.071716637117532578e+01 1.150652849922965260e+01 1.216723507461592213e+01 1.235129642222612922e+01 1.315013514187654842e+01 1.382889166628903510e+01 1.409933756153372819e+01 1.410989755104415266e+01 1.496327800295164501e+01 1.557533052376766136e+01 1.645081919976377449e+01 1.739009490920313539e+01 1.843004358900049766e+01 1.950340833264474227e+01 2.061942852045323704e+01 2.176430277580777073e+01 2.290525057363253580e+01 2.397013601188262300e+01 2.484332424970103048e+01 2.524622589576650000e+01 2.499159490459192057e+01 2.420036930464904401e+01 2.312644311030939548e+01 2.196742534730850238e+01 2.071788484896239524e+01 1.947791371344088063e+01 2.041118889001224090e+01 2.149750873065271506e+01 2.268482159824108635e+01 2.389950922305797931e+01 2.519291319490018566e+01 2.648658686052954891e+01 2.781652307207782115e+01
7.642907433889608804e+00 6.764029889341394153e+00 8.150353754650156546e+00 9.323039241379040831e+00 1.007324850689781925e+01 1.081220032258152663e+01 1.118628916564689391e+01 1.117881833905139288e+01 1.195691214450000217e+01 1.260565246158401465e+01 1.290973873914150083e+01 1.287982585307567440e+01 1.362859668176901451e+01 1.444133527865778177e+01 1.532083507647582898e+01 1.628699266529740441e+01 1.734402831586383797e+01 1.848659732770293118e+01 1.971244191883302221e+01 2.099955593937687226e+01 2.231699906309140857e+01 2.355813978969373323e+01 2.445506453610651931e+01 2.462504969526671417e+01 2.411176406887046397e+01 2.322189607179841886e+01 2.203815386450664704e+01 2.074589932123473801e+01 1.946087835386357057e+01 1.810778230241612263e+01 1.917624319557152290e+01 2.030045916442812981e+01 2.146275561064188153e+01 2.269912197832300649e+01 2.395273687384474215e+01 2.526384729173343402e+01 2.659858208470295793e+01
7.544151160548683954e+00 6.641130247411342502e+00 7.898214090770542484e+00 8.823067467856757773e+00 9.174403810262191428e+00 9.835694062720330422e+00 1.013830596110148896e+01 9.982497060066764405e+00 1.056859353666088985e+01 1.118554346950258527e+01 1.186950833016154938e+01 1.340350846059672918e+01 1.441335135048907112e+01 1.534229504658516596e+01 1.627727052052307144e+01 1.728016397588520547e+01 1.831921084375924025e+01 1.943947858001834916e+01 2.056437649330988293e+01 2.172624402308360914e+01 2.278267196813228068e+01 2.368993938104378572e+01 2.413836166781703696e+01 2.395579239009745720e+01 2.322179464244973346e+01 2.216967460997300776e+01 2.097913654581821064e+01 1.965299034826320224e+01 1.830166087084771220e+01 1.694585318549875197e+01 1.806190402239025516e+01 1.917525874027119670e+01 2.034883851469527372e+01 2.153900856586440327e+01 2.278129195146962971e+01 2.405599708164243467e+01 2.531383015540085069e+01
7.470491784987885353e+00 6.521871083614890097e+00 7.623195757132954498e+00 8.181437713680798751e+00 8.101366372855659748e+00 8.606308751835255677e+00 9.172470871109473123e+00 1.051922643173182159e+01 1.150881621434911750e+01 1.225879989169553319e+01 1.300112163310725144e+01 1.382745120807300765e+01 1.506871751148617200e+01 1.614956450456558912e+01 1.717490377373681198e+01 1.819664266780849005e+01 1.926462957355765582e+01 2.031843493281187563e+01 2.139010564879304610e+01 2.235559099977442088e+01 2.319663798196506477e+01 2.369089155197806207e+01 2.368107392562427194e+01 2.312966560649133996e+01 2.227419081226753050e+01 2.115088394336877897e+01 1.990830853243605603e+01 1.863124602036949184e+01 1.728939454869886561e+01 1.592437905906071016e+01 1.704016025222598074e+01 1.816131709079760270e+01 1.929137406274426780e+01 2.045752478089296034e+01 2.164574546267100175e+01 2.282712931463545303e+01 2.406345896793244776e+01
7.522829218329276202e+00 6.407229867415916047e+00 7.243662912063610904e+00 7.405298858236074366e+00 8.706365364881971658e+00 9.641506719622805477e+00 1.045808027932961259e+01 1.142724249161415884e+01 1.238922451113402268e+01 1.327027027190343667e+01 1.406861921797063175e+01 1.490352885092344870e+01 1.590155055315716659e+01 1.696431811552056956e+01 1.803745878435864114e+01 1.909831728176979126e+01 2.013812220102621353e+01 2.117724111197107817e+01 2.210330887549918444e+01 2.290739792702942879e+01 2.339099478462334503e+01 2.344511785590046671e+01 2.304625124226282296e+01 2.223476367635291950e+01 2.120842393154313044e+01 2.010981056052439087e+01 1.889814195196344571e+01 1.763537000581732528e+01 1.636067366419494462e+01 1.501343773065181963e+01 1.612776778860712312e+01 1.721120520970466927e+01 1.831248423473028097e+01 1.941711475201718073e+01 2.050802517494392418e+01 2.164009551187058022e+01 2.278477820073871030e+01
7.178912930375260792e+00 6.302385774925632234e+00 6.721504609117521234e+00 8.077830730170473927e+00 9.293243925509706571e+00 1.038586163267906137e+01 1.135816834652660035e+01 1.233606932283152702e+01 1.332115733701103899e+01 1.422468995909310685e+01 1.510882010708625423e+01 1.595716753166163571e+01 1.686043597288130158e+01 1.786742820390852060e+01 1.889423653666900549e+01 1.995202380203816617e+01 2.097706437698524695e+01 2.190892413715128129e+01 2.271854615435045588e+01 2.321297745986976580e+01 2.329100102894762969e+01 2.292400979731518262e+01 2.216347466233407104e+01 2.122216465196757085e+01 2.011159037405444749e+01 1.898153813220236685e+01 1.788835584663684486e+01 1.671726673915118866e+01 1.548311066878865816e+01 1.419490271714173169e+01 1.528276748170140031e+01 1.633714582646819480e+01 1.737331188936319393e+01 1.837881647417094655e+01 1.940349939239575860e+01 2.043800380927470073e+01 2.154064826767367791e+01
7.238159797585994149e+00 6.190983622649105733e+00 7.258786742859658858e+00 8.279814584516858034e+00 9.421670353475267490e+00 1.061736268021716434e+01 1.179814103772032396e+01 1.292769609142610321e+01 1.400492195101247184e+01 1.503617227211367258e+01 1.598133540119288121e+01 1.693010066039761341e+01 1.783501794383112937e+01 1.876856592702085180e+01 1.976930791541549581e+01 2.074989228755291037e+01 2.171290424830887034e+01 2.254000817516231336e+01 2.308962989630155249e+01 2.322651146212323070e+01 2.288656227974775348e+01 2.213370623200309595e+01 2.118699281322605188e+01 2.006296508896434005e+01 1.893853516226344880e+01 1.780151016047904022e+01 1.679557539642582498e+01 1.583685560496260969e+01 1.469277755334251090e+01 1.345370150970697409e+01 1.451285593286806730e+01 1.550114354173424580e+01 1.643316943909556471e+01 1.735673756273755686e+01 1.828109975695119616e+01 1.926000503837678934e+01 2.027799349606139145e+01
6.892968081864543350e+00 6.063782201680337103e+00 7.080086737455816959e+00 8.104135098234927170e+00 9.195783965503050439e+00 1.049693578942476258e+01 1.172552043714900094e+01 1.292597643114381434e+01 1.411647734118141173e+01 1.530388448805443424e+01 1.648056252414653855e+01 1.759107329674687392e+01 1.864241979544777550e+01 1.960377971733048952e+01 2.054717871565172160e+01 2.149078386040380195e+01 2.231314531269936197e+01 2.296020523398438939e+01 2.320432143725863128e+01 2.294019220340896226e+01 2.221089931300839027e+01 2.125166696454696691e+01 2.008999649687119771e+01 1.890562245673826780e+01 1.768043464045735291e+01 1.654523880701330540e+01 1.547460859069663819e+01 1.502641469116857209e+01 1.395257746873804372e+01 1.278323959834419021e+01 1.378490967273415535e+01 1.465880528763632640e+01 1.548549240635550994e+01 1.630330111862618736e+01 1.716493405190454524e+01 1.806422245081417799e+01 1.904589873801267785e+01
5.887729778765367961e+00 6.776736838546726815e+00 7.685950451328103838e+00 8.649230034439131742e+00 9.654622867055442370e+00 1.058638061079644999e+01 1.164745696538672348e+01 1.277595020345294685e+01 1.395584315603687742e+01 1.517964027881353672e+01 1.643080240535604375e+01 1.768322655233535556e+01 1.891613878794266412e+01 2.010134675707002216e+01 2.115196174188761091e+01 2.203224318473849763e+01 2.275701056300108505e+01 2.313032138583846375e+01 2.301068757166200385e+01 2.238611243177247800e+01 2.144120146528501891e+01 2.025996409334373283e+01 1.902484126121016672e+01 1.772028414346130987e+01 1.647588938391564284e+01 1.526160925322026429e+01 1.415876932732195748e+01 1.400522151573601626e+01 1.326858836940440334e+01 1.217914074655881684e+01 1.305480841665532665e+01 1.377270801673679124e+01 1.448255880916522464e+01 1.523469599338034719e+01 1.602564623926122422e+01 1.688892906795061322e+01 1.780899408740869916e+01
5.774939977244294198e+00 6.697584217042549248e+00 7.581996577806158655e+00 8.493292709925039929e+00 9.441627856600442570e+00 1.042177950053853408e+01 1.145735705887196509e+01 1.255500085599128113e+01 1.371941696235624697e+01 1.496227988442629808e+01 1.624728426742023046e+01 1.755223350079090849e+01 1.885528009228692170e+01 2.012145171768639784e+01 2.128613254677270561e+01 2.225888861868392254e+01 2.288812851726503084e+01 2.298880740978575332e+01 2.256412491401641063e+01 2.168924628478242411e+01 2.056379289590836024e+01 1.930463464155679887e+01 1.795232224820919598e+01 1.662907665459889728e+01 1.530344267704568573e+01 1.407039555399913233e+01 1.289457134227878399e+01 1.282914679561153193e+01 1.236418680771178735e+01 1.162616518201600257e+01 1.217239990419784768e+01 1.276071069060241214e+01 1.340481034783392822e+01 1.410261485892355893e+01 1.485824097608238326e+01 1.567742908311946692e+01 1.657019543081928248e+01
5.660612590346918438e+00 6.741078402477743481e+00 7.467617651761277564e+00 8.314435186929884480e+00 9.226694683128707553e+00 1.019362000779267774e+01 1.122490058301019999e+01 1.231772381000305572e+01 1.348255429304189690e+01 1.483739971591106155e+01 1.615957418656389777e+01 1.748305927311358943e+01 1.880447801985573619e+01 2.009153392510957659e+01 2.127420073046672044e+01 2.222835065293632084e+01 2.274839449175921047e+01 2.260008532733547781e+01 2.189180049010250784e+01 2.090219328090406492e+01 1.967133146067509131e+01 1.834332651436542250e+01 1.697965533765209045e+01 1.559124698987804436e+01 1.425979581486432402e+01 1.295374114649426112e+01 1.173445957357912839e+01 1.159780195099182265e+01 1.102406782475863167e+01 1.229395873832019603e+01 1.316465992700090126e+01 1.393504516061482867e+01 1.469243281320536809e+01 1.542724685050347411e+01 1.623610944516400423e+01 1.710848998402151722e+01 1.804827281706332798e+01
5.548959022355319348e+00 6.358771248597104631e+00 7.458834201936608288e+00 8.500522602038660835e+00 9.580882657505112476e+00 1.069434367309331968e+01 1.179024683836495413e+01 1.290073366791943599e+01 1.403885714784908778e+01 1.508817176090287404e+01 1.629200339989437296e+01 1.756161194963466698e+01 1.885896331361362854e+01 2.013061447114666080e+01 2.128417819873750005e+01 2.215449448695428813e+01 2.243887267782979933e+01 2.206333871378707556e+01 2.117301938928540039e+01 2.002294929215137032e+01 1.878352695517630622e+01 1.743377881160522591e+01 1.605555266036139273e+01 1.468106741600491461e+01 1.330979517518732358e+01 1.198832353533574491e+01 1.069791691626508801e+01 1.036825158604592190e+01 1.150872759474304985e+01 1.263547548982339030e+01 1.369791155485062717e+01 1.465757881078205749e+01 1.557921044112939946e+01 1.648708278251584503e+01 1.735813577482177195e+01 1.831304310927594159e+01 1.932775258092661375e+01
5.423098599787590679e+00 6.333561661265549425e+00 7.270461442164046773e+00 8.258704220634424331e+00 9.429012439408687385e+00 1.056053237710577264e+01 1.168399180831490902e+01 1.281633436928323988e+01 1.396689721788849958e+01 1.513018621436322242e+01 1.634080141509076967e+01 1.759568501395032314e+01 1.886936725493119127e+01 2.010591706658578914e+01 2.119812053133396290e+01 2.194832774603525749e+01 2.200927608121685353e+01 2.138169635477025210e+01 2.040277553321683612e+01 1.917303046188033377e+01 1.786577771410289017e+01 1.656800081790905210e+01 1.521667294763068057e+01 1.384328135802224935e+01 1.249516271200887374e+01 1.116503860857710784e+01 9.757860864317970950e+00 1.069280669943474038e+01 1.155126577611417993e+01 1.255873447312036717e+01 1.361362158319028914e+01 1.468410042998008436e+01 1.576632411716600934e+01 1.686583779789473425e+01 1.798673707245996667e+01 1.908766839065804533e+01 2.021405184575920089e+01
6.200589646237455455e+00 7.125955133284367804e+00 8.055156710044496293e+00 8.970205309619805334e+00 9.727342637346154675e+00 1.072817015095067994e+01 1.177318804049561507e+01 1.285916581560292293e+01 1.398437841358575184e+01 1.514796206922433797e+01 1.635352616838618900e+01 1.759404648185408959e+01 1.884177004683397882e+01 2.003373029598320088e+01 2.104857396696321459e+01 2.166657381551909722e+01 2.153142697648955206e+01 2.071541488909079476e+01 1.956459803862138358e+01 1.831496496671264040e+01 1.698939016856364859e+01 1.568984977242689993e+01 1.444387674531554566e+01 1.312240096842770853e+01 1.171765776858640606e+01 1.045575262566618768e+01 9.374010192620334081e+00 1.021549155669602271e+01 1.119627874652155874e+01 1.221492644200222344e+01 1.327691574056651014e+01 1.437739266210955691e+01 1.551179718108331862e+01 1.667694988109317933e+01 1.786931345015394612e+01 1.908102454050654373e+01 2.031146240596955721e+01
6.261802753035302871e+00 7.282130743029812336e+00 8.241613927573599341e+00 9.131504989703397968e+00 9.987577217281174313e+00 1.091727086260699053e+01 1.190273886929896818e+01 1.293940339959978836e+01 1.402680780456116949e+01 1.516505923658691657e+01 1.635185513938227331e+01 1.757341644565972771e+01 1.879264595088093159e+01 1.993248321000841372e+01 2.085324215830263483e+01 2.132643154464702917e+01 2.103506327351792038e+01 2.006519364671483885e+01 1.878326479647292047e+01 1.741749036910905701e+01 1.610440417407066249e+01 1.482190909039684712e+01 1.362895494299504406e+01 1.254526464932073182e+01 1.156245112270935138e+01 1.036384843293533464e+01 9.030196018596434726e+00 1.001232988476548336e+01 1.101614314189389532e+01 1.207616075097058506e+01 1.318665323110430876e+01 1.434124158783844827e+01 1.553303647716368197e+01 1.675540951456299865e+01 1.800158816980565391e+01 1.926390319389805583e+01 2.053821251990045482e+01
6.121640497643132228e+00 7.027013411459660297e+00 7.817871089039177157e+00 8.635321284521905838e+00 9.479082071443672319e+00 1.037337863041375030e+01 1.132185381728107210e+01 1.232719895708977909e+01 1.339311674943813202e+01 1.452312944284009610e+01 1.571747018347613789e+01 1.696602009234088015e+01 1.823518157826812569e+01 1.944336325407380173e+01 2.043124931630300267e+01 2.094093125979957293e+01 2.054894482853548254e+01 1.944351512096909929e+01 1.803934891256304240e+01 1.657687042631366126e+01 1.518242548100604417e+01 1.392108092579453604e+01 1.275206130608449051e+01 1.171350359889193626e+01 1.083225323322022327e+01 9.987465424498129352e+00 8.697173421470250076e+00 9.788154712836755422e+00 1.089381482169893900e+01 1.204839255913931417e+01 1.324431621472611376e+01 1.447210947517957891e+01 1.572069448909833866e+01 1.698084092396263500e+01 1.824372820509420734e+01 1.949443275261387143e+01 2.073179807587703749e+01
5.517976252205389898e+00 6.194968891064846161e+00 6.926386854495214074e+00 7.705023943376354545e+00 8.530043991695757555e+00 9.405066188396610016e+00 1.033560133165314809e+01 1.132844831275569142e+01 1.239166016269959414e+01 1.353424219482308111e+01 1.476482114576437432e+01 1.608734359760903487e+01 1.748892829206069877e+01 1.888699601917512538e+01 2.008235375835997516e+01 2.063351091372120649e+01 2.013246374781759229e+01 1.886963898942740414e+01 1.732471267203285947e+01 1.575652611035936879e+01 1.428892350772643738e+01 1.296896091576683929e+01 1.180420680301113201e+01 1.077844887688443798e+01 9.880800872812418589e+00 9.336949716345728234e+00 8.370492365110234090e+00 9.589357414097868570e+00 1.082074284918219931e+01 1.208396285148039340e+01 1.336160219338410116e+01 1.463697926880105626e+01 1.588895149176445365e+01 1.710971519153761022e+01 1.829569397166991962e+01 1.939489670133592369e+01 2.043637662344913508e+01
