output_new_topo_ddd_6/finaltopo_flow__link_to_receiver_node.asc
ncols 300
nrows 100
xllcorner 0.0
yllcorner 0.0
cellsize 10.0
[rows 34 to 50 of 100, columns 148 to 184 of 300]
9.876600000000000000e+04 3.908400000000000000e+04 3.908500000000000000e+04 3.908600000000000000e+04 3.908700000000000000e+04 9.877600000000000000e+04 9.877800000000000000e+04 9.878000000000000000e+04 9.878200000000000000e+04 3.939100000000000000e+04 3.939200000000000000e+04 3.939300000000000000e+04 9.879000000000000000e+04 9.879200000000000000e+04 3.939600000000000000e+04 3.939700000000000000e+04 3.909900000000000000e+04 3.880000000000000000e+04 3.910000000000000000e+04 3.910100000000000000e+04 9.880500000000000000e+04 3.940300000000000000e+04 3.940400000000000000e+04 9.881100000000000000e+04 3.940600000000000000e+04 3.940700000000000000e+04 3.940800000000000000e+04 3.940900000000000000e+04 3.941000000000000000e+04 9.882400000000000000e+04 3.941200000000000000e+04 9.882800000000000000e+04 3.941400000000000000e+04 3.941500000000000000e+04 9.883300000000000000e+04 3.911700000000000000e+04 3.911800000000000000e+04
9.816800000000000000e+04 9.817000000000000000e+04 9.817200000000000000e+04 9.817400000000000000e+04 9.817600000000000000e+04 9.817800000000000000e+04 9.818000000000000000e+04 9.818200000000000000e+04 9.818400000000000000e+04 3.879200000000000000e+04 3.879300000000000000e+04 3.879400000000000000e+04 9.819200000000000000e+04 9.819400000000000000e+04 3.879700000000000000e+04 3.849900000000000000e+04 3.850000000000000000e+04 3.820100000000000000e+04 3.850100000000000000e+04 3.850200000000000000e+04 3.850300000000000000e+04 3.850400000000000000e+04 3.880500000000000000e+04 9.821300000000000000e+04 3.880700000000000000e+04 3.880800000000000000e+04 3.880900000000000000e+04 3.881000000000000000e+04 3.881100000000000000e+04 9.822600000000000000e+04 3.881300000000000000e+04 3.881400000000000000e+04 3.881500000000000000e+04 9.823400000000000000e+04 3.881700000000000000e+04 3.881800000000000000e+04 3.881900000000000000e+04
9.757000000000000000e+04 9.757200000000000000e+04 9.757400000000000000e+04 9.757600000000000000e+04 9.757800000000000000e+04 9.758000000000000000e+04 9.758200000000000000e+04 9.758400000000000000e+04 9.758600000000000000e+04 3.819300000000000000e+04 3.819400000000000000e+04 9.759200000000000000e+04 9.759400000000000000e+04 9.759600000000000000e+04 3.789900000000000000e+04 3.790000000000000000e+04 3.790100000000000000e+04 3.760200000000000000e+04 3.790200000000000000e+04 3.790300000000000000e+04 3.790400000000000000e+04 3.790500000000000000e+04 3.790600000000000000e+04 9.761500000000000000e+04 9.761700000000000000e+04 3.820900000000000000e+04 3.821000000000000000e+04 3.821100000000000000e+04 3.821200000000000000e+04 3.821300000000000000e+04 3.821400000000000000e+04 3.821500000000000000e+04 3.821600000000000000e+04 9.763600000000000000e+04 3.821800000000000000e+04 3.821900000000000000e+04 3.822000000000000000e+04
3.698600000000000000e+04 9.697400000000000000e+04 9.697600000000000000e+04 9.697800000000000000e+04 9.698000000000000000e+04 9.698200000000000000e+04 9.698400000000000000e+04 9.698600000000000000e+04 9.698800000000000000e+04 3.759400000000000000e+04 9.699200000000000000e+04 9.699400000000000000e+04 3.729800000000000000e+04 3.729900000000000000e+04 3.730000000000000000e+04 3.730100000000000000e+04 3.730200000000000000e+04 3.700300000000000000e+04 3.730300000000000000e+04 3.730400000000000000e+04 3.730500000000000000e+04 3.730600000000000000e+04 3.730700000000000000e+04 3.730800000000000000e+04 9.701900000000000000e+04 9.702100000000000000e+04 3.761100000000000000e+04 3.761200000000000000e+04 3.761300000000000000e+04 3.761400000000000000e+04 3.761500000000000000e+04 3.761600000000000000e+04 9.703600000000000000e+04 9.703800000000000000e+04 3.761900000000000000e+04 3.762000000000000000e+04 3.762100000000000000e+04
3.638700000000000000e+04 3.638800000000000000e+04 3.638900000000000000e+04 9.638000000000000000e+04 9.638200000000000000e+04 9.638400000000000000e+04 9.638600000000000000e+04 9.638800000000000000e+04 9.639000000000000000e+04 9.639200000000000000e+04 3.669700000000000000e+04 3.669800000000000000e+04 3.669900000000000000e+04 3.670000000000000000e+04 3.670100000000000000e+04 3.670200000000000000e+04 3.670300000000000000e+04 3.640400000000000000e+04 3.670400000000000000e+04 3.670500000000000000e+04 3.670600000000000000e+04 3.670700000000000000e+04 3.670800000000000000e+04 3.670900000000000000e+04 3.671000000000000000e+04 9.642300000000000000e+04 9.642500000000000000e+04 3.701300000000000000e+04 3.701400000000000000e+04 3.701500000000000000e+04 3.701600000000000000e+04 3.701700000000000000e+04 9.643800000000000000e+04 9.644000000000000000e+04 3.702000000000000000e+04 3.702100000000000000e+04 3.702200000000000000e+04
3.578800000000000000e+04 3.578900000000000000e+04 3.579000000000000000e+04 3.579100000000000000e+04 3.579200000000000000e+04 9.578600000000000000e+04 9.578800000000000000e+04 9.579000000000000000e+04 9.579200000000000000e+04 3.609700000000000000e+04 3.609800000000000000e+04 3.609900000000000000e+04 3.610000000000000000e+04 3.610100000000000000e+04 3.610200000000000000e+04 3.610300000000000000e+04 3.610400000000000000e+04 3.580500000000000000e+04 3.610500000000000000e+04 3.610600000000000000e+04 3.610700000000000000e+04 3.610800000000000000e+04 3.610900000000000000e+04 3.611000000000000000e+04 3.611100000000000000e+04 3.611200000000000000e+04 3.611300000000000000e+04 9.582900000000000000e+04 3.641500000000000000e+04 3.641600000000000000e+04 3.641700000000000000e+04 3.641800000000000000e+04 9.584000000000000000e+04 9.584200000000000000e+04 3.642100000000000000e+04 3.642200000000000000e+04 3.642300000000000000e+04
3.518900000000000000e+04 3.519000000000000000e+04 3.519100000000000000e+04 3.519200000000000000e+04 3.519300000000000000e+04 3.519400000000000000e+04 3.519500000000000000e+04 3.549600000000000000e+04 3.549700000000000000e+04 3.549800000000000000e+04 3.549900000000000000e+04 3.550000000000000000e+04 3.550100000000000000e+04 3.550200000000000000e+04 3.550300000000000000e+04 3.550400000000000000e+04 3.550500000000000000e+04 3.520600000000000000e+04 3.550600000000000000e+04 3.550700000000000000e+04 3.550800000000000000e+04 3.550900000000000000e+04 3.551000000000000000e+04 3.551100000000000000e+04 3.551200000000000000e+04 9.462800000000000000e+04 9.463000000000000000e+04 9.463200000000000000e+04 9.463400000000000000e+04 9.463600000000000000e+04 3.581800000000000000e+04 3.581900000000000000e+04 9.524200000000000000e+04 9.524400000000000000e+04 3.582200000000000000e+04 3.582300000000000000e+04 3.582400000000000000e+04
3.459000000000000000e+04 3.459100000000000000e+04 3.459200000000000000e+04 3.459300000000000000e+04 3.459400000000000000e+04 3.459500000000000000e+04 9.399200000000000000e+04 9.399700000000000000e+04 3.489800000000000000e+04 3.489900000000000000e+04 3.490000000000000000e+04 3.490100000000000000e+04 3.490200000000000000e+04 3.490300000000000000e+04 3.490400000000000000e+04 3.490500000000000000e+04 3.490600000000000000e+04 3.460700000000000000e+04 3.490700000000000000e+04 3.490800000000000000e+04 3.490900000000000000e+04 3.491000000000000000e+04 3.491100000000000000e+04 9.402600000000000000e+04 9.402800000000000000e+04 9.403000000000000000e+04 9.403200000000000000e+04 9.403400000000000000e+04 9.403600000000000000e+04 9.403800000000000000e+04 9.404000000000000000e+04 9.404200000000000000e+04 9.464400000000000000e+04 9.464600000000000000e+04 3.522300000000000000e+04 3.522400000000000000e+04 3.522500000000000000e+04
9.338500000000000000e+04 3.399200000000000000e+04 3.399300000000000000e+04 3.399400000000000000e+04 3.399500000000000000e+04 9.339200000000000000e+04 9.339400000000000000e+04 3.399800000000000000e+04 9.340100000000000000e+04 3.430000000000000000e+04 3.430100000000000000e+04 3.430200000000000000e+04 3.430300000000000000e+04 3.430400000000000000e+04 3.430500000000000000e+04 3.430600000000000000e+04 3.430700000000000000e+04 3.400800000000000000e+04 3.430800000000000000e+04 3.430900000000000000e+04 9.342200000000000000e+04 9.342400000000000000e+04 9.342600000000000000e+04 9.342800000000000000e+04 9.343000000000000000e+04 9.343200000000000000e+04 9.343400000000000000e+04 9.343600000000000000e+04 9.343800000000000000e+04 9.344000000000000000e+04 9.344200000000000000e+04 9.344400000000000000e+04 9.344600000000000000e+04 9.344800000000000000e+04 3.462400000000000000e+04 3.462500000000000000e+04 3.462600000000000000e+04
9.278700000000000000e+04 3.339300000000000000e+04 3.339400000000000000e+04 3.339500000000000000e+04 9.279200000000000000e+04 9.279400000000000000e+04 9.279600000000000000e+04 9.279800000000000000e+04 9.280300000000000000e+04 9.280500000000000000e+04 3.370200000000000000e+04 3.370300000000000000e+04 3.370400000000000000e+04 3.370500000000000000e+04 3.370600000000000000e+04 3.370700000000000000e+04 3.370800000000000000e+04 9.282100000000000000e+04 3.341000000000000000e+04 9.282200000000000000e+04 9.282400000000000000e+04 9.282600000000000000e+04 9.282800000000000000e+04 9.283000000000000000e+04 9.283200000000000000e+04 3.341700000000000000e+04 9.283600000000000000e+04 9.283800000000000000e+04 9.284000000000000000e+04 9.284200000000000000e+04 9.284400000000000000e+04 9.284600000000000000e+04 9.284800000000000000e+04 9.285000000000000000e+04 9.285200000000000000e+04 9.285400000000000000e+04 3.402700000000000000e+04
9.218900000000000000e+04 9.219100000000000000e+04 3.279500000000000000e+04 3.279600000000000000e+04 3.279700000000000000e+04 9.219600000000000000e+04 9.219800000000000000e+04 9.220000000000000000e+04 3.280100000000000000e+04 9.220700000000000000e+04 3.310300000000000000e+04 3.310400000000000000e+04 3.310500000000000000e+04 9.281200000000000000e+04 9.281400000000000000e+04 9.281600000000000000e+04 9.281800000000000000e+04 3.311000000000000000e+04 3.281100000000000000e+04 3.311100000000000000e+04 3.311200000000000000e+04 9.222800000000000000e+04 9.223000000000000000e+04 9.223200000000000000e+04 9.223400000000000000e+04 3.281800000000000000e+04 9.223800000000000000e+04 9.224000000000000000e+04 9.224200000000000000e+04 9.224400000000000000e+04 9.224600000000000000e+04 9.224800000000000000e+04 9.225000000000000000e+04 9.225200000000000000e+04 9.225400000000000000e+04 9.225600000000000000e+04 9.225800000000000000e+04
9.159100000000000000e+04 3.249500000000000000e+04 9.159500000000000000e+04 3.219700000000000000e+04 3.219800000000000000e+04 9.159800000000000000e+04 9.160000000000000000e+04 9.160200000000000000e+04 3.220200000000000000e+04 3.220300000000000000e+04 9.161100000000000000e+04 9.161300000000000000e+04 9.161500000000000000e+04 3.250700000000000000e+04 3.250800000000000000e+04 3.250900000000000000e+04 3.251000000000000000e+04 3.251100000000000000e+04 9.162700000000000000e+04 3.221300000000000000e+04 9.162800000000000000e+04 9.163000000000000000e+04 9.163200000000000000e+04 9.163400000000000000e+04 3.221800000000000000e+04 3.221900000000000000e+04 9.164000000000000000e+04 9.164200000000000000e+04 9.164400000000000000e+04 9.164600000000000000e+04 9.164800000000000000e+04 9.165000000000000000e+04 9.165200000000000000e+04 9.165400000000000000e+04 9.165600000000000000e+04 9.165800000000000000e+04 9.166000000000000000e+04
3.159500000000000000e+04 9.099500000000000000e+04 3.189700000000000000e+04 9.099900000000000000e+04 3.159900000000000000e+04 9.100000000000000000e+04 9.100200000000000000e+04 9.100400000000000000e+04 3.160300000000000000e+04 3.160400000000000000e+04 9.101300000000000000e+04 9.101500000000000000e+04 9.101700000000000000e+04 9.101900000000000000e+04 9.102100000000000000e+04 9.102300000000000000e+04 3.191100000000000000e+04 9.162400000000000000e+04 3.191300000000000000e+04 3.161400000000000000e+04 3.191400000000000000e+04 9.103200000000000000e+04 9.103400000000000000e+04 9.103600000000000000e+04 3.161900000000000000e+04 3.162000000000000000e+04 9.104200000000000000e+04 9.104400000000000000e+04 9.104600000000000000e+04 9.104800000000000000e+04 9.105000000000000000e+04 9.105200000000000000e+04 9.105400000000000000e+04 9.105600000000000000e+04 9.105800000000000000e+04 9.106000000000000000e+04 9.106200000000000000e+04
3.099600000000000000e+04 9.039700000000000000e+04 9.039900000000000000e+04 9.040100000000000000e+04 3.100000000000000000e+04 9.040200000000000000e+04 9.040400000000000000e+04 3.100300000000000000e+04 3.100400000000000000e+04 3.100500000000000000e+04 3.100600000000000000e+04 9.041700000000000000e+04 9.041900000000000000e+04 9.042100000000000000e+04 9.042300000000000000e+04 9.042500000000000000e+04 9.042700000000000000e+04 9.042900000000000000e+04 3.101400000000000000e+04 9.043000000000000000e+04 3.131500000000000000e+04 3.131600000000000000e+04 3.101800000000000000e+04 3.101900000000000000e+04 9.044000000000000000e+04 9.044200000000000000e+04 3.132100000000000000e+04 3.132200000000000000e+04 3.132300000000000000e+04 3.132400000000000000e+04 3.132500000000000000e+04 3.132600000000000000e+04 3.132700000000000000e+04 3.132800000000000000e+04 3.132900000000000000e+04 3.133000000000000000e+04 3.133100000000000000e+04
3.039700000000000000e+04 8.979900000000000000e+04 8.980100000000000000e+04 8.980300000000000000e+04 3.040100000000000000e+04 8.980400000000000000e+04 8.980600000000000000e+04 3.040400000000000000e+04 3.040500000000000000e+04 3.040600000000000000e+04 3.040700000000000000e+04 8.981900000000000000e+04 8.982100000000000000e+04 8.982300000000000000e+04 3.041100000000000000e+04 8.982700000000000000e+04 8.982900000000000000e+04 3.041400000000000000e+04 8.983000000000000000e+04 3.071500000000000000e+04 9.043300000000000000e+04 9.043500000000000000e+04 3.071800000000000000e+04 3.071900000000000000e+04 3.072000000000000000e+04 3.072100000000000000e+04 3.072200000000000000e+04 9.044700000000000000e+04 9.044900000000000000e+04 9.045100000000000000e+04 3.072600000000000000e+04 3.072700000000000000e+04 3.072800000000000000e+04 3.072900000000000000e+04 3.073000000000000000e+04 3.073100000000000000e+04 3.073200000000000000e+04
2.979800000000000000e+04 8.920100000000000000e+04 8.920300000000000000e+04 8.920500000000000000e+04 2.980200000000000000e+04 8.920600000000000000e+04 8.920800000000000000e+04 2.980500000000000000e+04 2.980600000000000000e+04 2.980700000000000000e+04 2.980800000000000000e+04 8.922100000000000000e+04 8.922300000000000000e+04 8.922500000000000000e+04 2.981200000000000000e+04 8.922900000000000000e+04 2.981400000000000000e+04 8.923000000000000000e+04 3.011500000000000000e+04 8.983300000000000000e+04 8.983500000000000000e+04 3.041800000000000000e+04 8.983900000000000000e+04 8.984100000000000000e+04 8.984300000000000000e+04 8.984500000000000000e+04 8.984700000000000000e+04 8.984900000000000000e+04 8.985100000000000000e+04 3.042600000000000000e+04 8.985500000000000000e+04 8.985700000000000000e+04 8.985900000000000000e+04 8.986100000000000000e+04 8.986300000000000000e+04 8.986500000000000000e+04 8.986700000000000000e+04
2.919900000000000000e+04 8.860300000000000000e+04 8.860500000000000000e+04 8.860700000000000000e+04 2.920300000000000000e+04 8.860800000000000000e+04 8.861000000000000000e+04 2.920600000000000000e+04 2.920700000000000000e+04 2.920800000000000000e+04 2.920900000000000000e+04 8.862300000000000000e+04 8.862500000000000000e+04 8.862700000000000000e+04 2.921300000000000000e+04 2.921400000000000000e+04 8.863000000000000000e+04 2.951500000000000000e+04 8.923300000000000000e+04 8.923500000000000000e+04 8.923700000000000000e+04 2.981900000000000000e+04 8.924100000000000000e+04 2.982100000000000000e+04 8.924500000000000000e+04 8.924700000000000000e+04 8.924900000000000000e+04 8.925100000000000000e+04 8.925300000000000000e+04 8.925500000000000000e+04 8.925700000000000000e+04 8.925900000000000000e+04 8.926100000000000000e+04 8.926300000000000000e+04 8.926500000000000000e+04 8.926700000000000000e+04 8.926900000000000000e+04
