output_new_topo_ddd_6/finaltopo_soil__depth.asc
ncols 300
nrows 100
xllcorner 0.0
yllcorner 0.0
cellsize 10.0
[rows 34 to 50 of 100, columns 74 to 110 of 300]
7.621760633319797640e-02 8.168374168538879154e-02 7.776703218185986033e-02 8.070238004844763890e-02 1.016735998725622619e-01 8.299780944587620279e-02 8.119399674662730604e-02 7.868901656562192481e-02 7.584676436063941818e-02 7.801003491597613415e-02 7.817097862991642665e-02 7.844557517733891094e-02 7.934590156306726982e-02 7.969306268424083961e-02 7.976936717769071705e-02 7.967860432023916861e-02 7.937258133104037328e-02 7.900806144053987290e-02 7.861715103026062357e-02 7.958956234080671877e-02 7.962449821984302067e-02 7.924563832495647164e-02 8.001053120846683686e-02 7.997842316537467910e-02 7.786339225831653832e-02 8.280136759187621542e-02 8.693177676683529198e-02 8.464499697372347697e-02 7.899315470421364171e-02 7.815036811311837361e-02 8.547169715281091595e-02 8.218172190816039335e-02 8.267426044699610621e-02 8.487031418212513667e-02 8.416042902034445716e-02 8.451202278915435906e-02 8.291717365337966661e-02
7.645549771637102920e-02 7.818688532495680910e-02 8.487394702495215659e-02 8.609824378158653646e-02 1.010036906036328452e-01 8.448139863382959913e-02 8.318738834561190121e-02 8.110864092127352543e-02 7.854997584377493292e-02 7.571095410543572657e-02 7.524272570688149420e-02 7.527360911716279857e-02 7.535068434321373632e-02 7.579263478663775255e-02 7.598227252880696003e-02 7.601737445470781174e-02 7.592253296898832104e-02 7.575350281266080010e-02 7.558171663835350218e-02 7.551735537531199804e-02 7.587572428561298321e-02 7.591581445586925714e-02 7.590846099050119200e-02 7.625752778387820396e-02 7.628163415578698148e-02 7.929153760389121008e-02 8.077876164173268536e-02 8.101591545409027317e-02 8.034820110480286881e-02 7.577299674433468635e-02 8.097097509146695959e-02 8.012754116519232861e-02 8.096866874958424942e-02 8.181066282209203955e-02 8.389770136155115521e-02 8.247558372784807856e-02 8.219298906397906612e-02
1.005255303177059745e-01 7.588628808531817926e-02 7.641043240373253387e-02 7.959540789784637360e-02 1.010948355344817584e-01 8.479697670859298597e-02 8.348610731769730287e-02 8.130337297001727359e-02 7.858140969735483150e-02 7.568027258159581994e-02 7.592975654478456571e-02 7.599010000794370612e-02 7.598375212136647405e-02 7.627753787557024767e-02 7.631168273862434792e-02 7.618196712860419995e-02 7.599825878934327039e-02 7.581860023150442662e-02 7.567669940903394565e-02 7.565587771952847485e-02 7.566176175226216327e-02 7.563217534824025201e-02 7.556891326631313965e-02 7.548960049752831414e-02 7.535717488062730618e-02 7.513332205973433098e-02 7.597288622228526300e-02 7.671877979919070056e-02 7.671415372284497158e-02 7.582200136943960389e-02 7.525022922541851900e-02 7.791003436709904861e-02 7.885263705045918170e-02 7.970462340140677115e-02 8.011284879995050900e-02 8.179316440707347369e-02 7.926198536494304114e-02
8.065635705345267081e-02 9.971068751010460363e-02 7.558487756494697285e-02 7.706157476926758787e-02 1.008239983390902261e-01 8.253895616201673002e-02 8.027972248124248811e-02 7.708230002969734818e-02 7.627639752442956500e-02 7.882003868588016715e-02 7.954599024114100692e-02 7.951854277239442381e-02 8.003860968601494985e-02 8.058122461680669590e-02 8.033119262024723817e-02 7.992472758749553929e-02 7.957029120949933587e-02 7.930685212433198628e-02 7.909452498495907202e-02 7.948286887486930019e-02 7.954967336877249995e-02 7.953916739873832797e-02 7.953534044080050325e-02 7.953584097954667642e-02 7.950050808917979994e-02 7.741257702670732710e-02 7.735151084540686783e-02 7.733153972012846156e-02 7.728417493848249720e-02 7.710717836238252521e-02 7.675339042271098200e-02 7.667984044641977526e-02 7.702686296282656997e-02 7.752301254390707441e-02 7.765054146616240383e-02 7.715318030156087525e-02 7.798912946555874859e-02
8.447725278617110312e-02 8.510525496960484604e-02 9.784165841381334272e-02 7.752344340394867750e-02 9.946494606008074446e-02 8.056854653331822769e-02 7.752933867417755032e-02 7.865044479659906440e-02 7.645494418495736577e-02 8.469603922303622912e-02 8.245299071203845975e-02 7.850224875612465958e-02 8.602077344787736890e-02 8.405778695830212754e-02 8.331016973851015917e-02 8.253212159574430107e-02 8.216824762424765338e-02 8.192817998802570667e-02 8.263355748392459121e-02 8.281909196344183766e-02 8.270088495614399959e-02 8.270708868706039274e-02 8.282180849764592123e-02 8.298010534934109617e-02 8.133392638062048041e-02 8.144901639833729279e-02 8.154729324809721625e-02 8.167956859776800971e-02 8.186125087144623114e-02 8.253180446068968112e-02 8.292286215465351218e-02 8.087182139239251777e-02 8.127003377453875799e-02 8.045943940727388888e-02 8.261644129799748659e-02 7.966208219938658575e-02 7.517558150356228042e-02
8.094216902325830632e-02 8.242042046341180317e-02 8.344066468960224803e-02 9.509539653582273211e-02 9.730661099361093136e-02 8.228344645796503709e-02 7.990787848097646862e-02 7.867788451371016123e-02 7.701764568860301752e-02 8.894383106869345468e-02 7.910645548778326430e-02 8.181304492099827907e-02 8.964217729674912871e-02 8.665557497331076442e-02 8.457402570547069287e-02 8.382115296397511794e-02 8.409578842562409617e-02 7.859115834543300982e-02 8.788682098885776395e-02 8.508363263732425519e-02 8.493707239841852275e-02 8.512152175378961960e-02 8.542905981245463298e-02 8.421393852926994938e-02 8.450285553962459673e-02 8.475694235931963139e-02 8.500108797990633958e-02 8.526269453009960309e-02 8.557455069238342760e-02 8.744224097508779270e-02 8.563600335376128636e-02 9.469476676402235893e-02 9.207190538478970954e-02 9.057066668967855838e-02 8.573601698391214443e-02 8.173460123712901482e-02 7.601435160065832253e-02
7.681126154616396695e-02 7.669874669000756318e-02 7.670537895243789706e-02 7.811248763615784296e-02 9.755086337998125634e-02 7.628632605152528556e-02 7.978906320886416936e-02 7.736538371575701900e-02 7.854365943953728335e-02 1.029019820748995340e-01 1.016490434041134316e-01 1.025679992825573594e-01 1.043000354355317350e-01 8.508760653064946500e-02 8.286847035068163614e-02 8.440458516130427968e-02 8.142787213693652992e-02 7.940697651059480666e-02 9.036627703680011336e-02 8.580209311420758378e-02 8.635716836641833816e-02 8.676469116399493364e-02 8.598638445319613244e-02 8.640245259150797219e-02 8.677632500740614652e-02 8.712511803333322646e-02 8.747031451022342641e-02 8.208372497811823598e-02 1.005502279452330366e-01 9.701655629835444217e-02 9.736146005111152857e-02 9.182781852867588634e-02 9.001435477667914242e-02 8.799049012876490605e-02 8.529069473594506900e-02 8.096892043467882050e-02 7.439491271968709518e-02
8.002465693597059226e-02 8.026902486552306426e-02 8.027325241861639482e-02 7.646463778176242065e-02 9.886974034968121217e-02 9.753769824732165528e-02 9.983603469381166495e-02 1.008622401127666629e-01 1.043758089932132621e-01 8.265684830416686335e-02 7.991939033289274796e-02 7.849777756222682534e-02 8.203826123164524586e-02 1.037052323232137141e-01 1.003052637915470974e-01 1.007511054688823154e-01 1.018211309925654562e-01 1.015742141252256037e-01 9.977037451469232543e-02 1.014323936481119487e-01 1.023027396781301945e-01 1.027562801677513599e-01 1.031953883996361426e-01 1.034903314536116670e-01 1.036736326366178018e-01 1.038782429936957741e-01 1.041878150824118859e-01 1.053120146369952020e-01 9.330301052186040778e-02 9.194011997240028600e-02 9.139882206554109101e-02 9.132907031612946813e-02 9.008786326245415976e-02 8.801579789435089174e-02 8.492222429015951202e-02 8.018837052368962826e-02 7.318324192894144764e-02
8.346562828457677885e-02 8.360745363971680555e-02 8.115368576563723735e-02 1.061443300833163211e-01 8.160508190046256161e-02 8.288522367723831497e-02 7.811973058161301997e-02 8.818912675783463495e-02 8.627320212392497467e-02 8.832799245004911703e-02 8.143664398765054768e-02 7.833521908114106369e-02 8.228198537402894863e-02 8.520305271461123264e-02 8.376467882481833382e-02 8.850767309857698883e-02 7.907051006570392504e-02 8.480649129589784563e-02 9.365483353901610242e-02 8.580446956595233488e-02 8.687386472780171676e-02 8.755392685427429433e-02 8.709467049930658122e-02 8.761252958223181286e-02 8.811233393213421805e-02 8.748891850967026318e-02 8.465468409782785086e-02 8.234471717766327081e-02 1.023319469938681198e-01 9.842199893236097674e-02 9.859536849274823378e-02 9.901403119407120590e-02 9.760296497829637485e-02 9.436359576130284865e-02 8.930644148153965567e-02 8.184596623956286177e-02 7.259666934531004701e-02
8.224222783553694627e-02 8.409743107025029196e-02 1.045008650076968970e-01 7.682176816312724643e-02 8.167427055839519834e-02 8.233184871380253012e-02 8.269580296193060343e-02 8.399106004944857651e-02 8.479731112080138300e-02 8.548879754895222227e-02 8.527404124163966148e-02 7.841724031461293209e-02 8.052258932803912916e-02 8.240105194450571269e-02 8.152449662395816476e-02 8.831391126029192185e-02 7.923047147397771495e-02 8.402521841257237778e-02 9.372768897141756095e-02 8.765738675102735522e-02 8.632061435114732340e-02 8.665467852338175347e-02 8.708864287578736707e-02 8.615323706070102117e-02 8.648481291004478377e-02 8.683847380963034823e-02 8.558847821475994155e-02 8.101535757043515362e-02 8.885664264473419616e-02 8.737082258237788279e-02 8.690693123676307419e-02 8.625140314887121129e-02 9.035335579214182067e-02 8.637840302617008637e-02 8.273792889086259428e-02 7.842705546260510252e-02 7.120437093224596392e-02
8.108173645810162755e-02 8.141373118686118238e-02 1.044140462755645260e-01 8.176510651748825076e-02 7.789166744934294950e-02 7.955649688706735445e-02 8.133657844532163339e-02 8.163957612160782640e-02 8.255691410670487618e-02 8.306677282039583166e-02 8.311253574755872453e-02 8.254340014850747309e-02 7.769648628005709767e-02 7.962123995906300600e-02 7.922678278994461920e-02 8.679266350804089314e-02 7.906980196408791572e-02 8.283868572442806832e-02 9.284366305546098985e-02 8.706031886774312500e-02 8.681797893228875018e-02 8.549057635886024575e-02 8.563939210389608092e-02 8.575794265740221967e-02 8.417856270822902942e-02 8.407738338156309221e-02 8.392086127251491279e-02 8.180500949483580919e-02 8.159455774037160936e-02 8.205661629738769669e-02 8.136102578872385360e-02 8.039845846220097791e-02 8.034844524927742260e-02 8.401087079294750071e-02 7.794037679351191461e-02 7.370881648966029487e-02 6.927580092096184694e-02
9.601301346419993665e-02 9.990040565295706110e-02 7.666679298056262859e-02 8.261688320982041311e-02 8.012417756027040427e-02 7.742322732846941558e-02 7.719025555039425723e-02 7.960858993920896798e-02 8.004049731746659679e-02 8.039410389769216514e-02 8.047532734031989654e-02 8.019108137145222748e-02 7.941075815168896490e-02 7.651593871291301197e-02 7.682195628306470736e-02 8.430665147051366604e-02 7.876897557629947144e-02 8.107878025730354266e-02 9.042266664858815417e-02 8.580753026689919016e-02 8.560264066169380459e-02 8.551862174467415867e-02 8.392005798661152094e-02 8.370835957407465888e-02 8.324290929322702981e-02 8.066743479565449682e-02 7.982524520097382392e-02 7.890960755546447269e-02 7.587198091689005552e-02 7.486300003108153911e-02 7.373843016629502700e-02 7.271480146464749661e-02 7.154428329240991591e-02 7.103275064169961572e-02 7.056463145819098781e-02 6.863030851554756395e-02 6.647423071321954813e-02
7.740091085771759472e-02 9.860569409516083128e-02 8.464882527540484869e-02 8.416520166323521179e-02 8.335824439117957285e-02 8.186823588282890474e-02 7.974286719964308878e-02 7.709755279135317718e-02 7.699584332957752630e-02 7.718048433363981775e-02 7.720769107711872303e-02 7.707798867816006982e-02 7.678320050513232076e-02 7.597297078984387164e-02 7.473250479149144698e-02 7.950406079913202584e-02 8.034347036734845737e-02 7.843989686613449253e-02 8.624976744478034252e-02 8.382235282507484453e-02 8.375263220054091073e-02 8.366546216124987057e-02 8.345192275668360249e-02 8.108244418569310330e-02 8.003340291888516589e-02 7.847098160547899548e-02 7.444797493381349884e-02 7.236774943902625490e-02 7.020927760959182196e-02 6.895737407537246011e-02 6.921122038678860500e-02 6.931932516932171051e-02 6.853712108192155927e-02 6.699424099984196967e-02 6.704644526924369297e-02 6.836991814228830788e-02 6.583740617130334760e-02
8.709841096674096617e-02 9.891845934128802587e-02 8.678600715238693475e-02 8.664168433070860986e-02 8.600503385897180497e-02 8.491248578124682700e-02 8.331406087645543135e-02 8.126226533065607216e-02 7.886310841130121652e-02 7.638575298546021464e-02 7.583019919247999119e-02 7.594799930362476637e-02 7.658946421290423190e-02 7.733408823714586766e-02 7.761943310507889160e-02 7.718463024842603382e-02 7.779477766338396827e-02 7.780251730485095163e-02 8.068499582358215627e-02 8.127535638063976275e-02 8.138267859334734344e-02 8.126900473993659002e-02 8.078811441175290375e-02 7.971722674112972917e-02 7.575685468624465679e-02 7.314070552224709310e-02 6.994030601649951773e-02 6.911140860659523155e-02 6.875280650139165006e-02 7.077833587756059142e-02 7.328665440355014438e-02 7.080275719528029976e-02 6.942856123692660308e-02 6.882185513033658997e-02 7.053680684039995152e-02 6.903408900873427012e-02 6.616022455199874197e-02
8.713736525328577565e-02 9.923902565075877480e-02 8.563870222040760594e-02 8.504074361012993466e-02 8.388071102262319167e-02 8.222794790048285063e-02 8.001573322678642852e-02 7.720751062345559967e-02 7.673981980417332593e-02 7.878939929982206603e-02 7.868063996660645820e-02 7.922947021196509454e-02 8.090094793023570874e-02 8.353669810555157393e-02 8.601407781947947861e-02 8.172936866279181811e-02 8.034175049674965874e-02 7.966553302145144844e-02 7.894645816302742203e-02 7.881705200190208815e-02 7.893164983485984054e-02 7.859474818404368901e-02 7.764771378456397644e-02 7.580210761150971144e-02 7.273776619859356751e-02 7.009786367046259847e-02 6.969022598909584143e-02 6.942046369322865673e-02 7.346303360343950373e-02 7.348214181120588107e-02 7.786331570789911671e-02 7.222696333147282655e-02 7.156951260858446240e-02 7.304520345837019202e-02 7.192951905969786897e-02 6.982413953102968585e-02 6.909598921119042281e-02
8.697000732529167055e-02 9.958547190154803941e-02 8.507976810662098988e-02 8.408654123201760033e-02 8.240152620339498413e-02 8.012886669275215423e-02 7.720329874334792841e-02 7.881229045519655418e-02 8.119883863107763000e-02 8.139428905976836548e-02 7.730257106239513121e-02 8.467808808871203630e-02 8.391745827313262795e-02 8.962870453455074049e-02 8.833198012175455527e-02 8.618095907799046274e-02 8.527458446332275566e-02 8.498808516955629055e-02 8.240453759139119982e-02 8.184452584894923166e-02 8.092298164097033730e-02 7.948097221879561747e-02 7.721570375232518491e-02 7.382339226935233367e-02 7.136848258321588923e-02 7.042754444402730962e-02 7.257090057966318619e-02 7.310554659490914320e-02 7.746615142385424035e-02 7.644076068414375202e-02 8.135584911736637448e-02 7.467948718959745158e-02 7.542220384526199251e-02 7.443763557498271621e-02 7.282705107334520866e-02 7.251625865717976904e-02 6.894234910875289557e-02
8.717238285352582605e-02 9.984937923218895062e-02 8.416270399687032777e-02 8.260677003457408962e-02 8.022935101908076905e-02 7.719614850592831923e-02 8.016815144149953831e-02 8.268265407523565924e-02 8.403335323560269521e-02 7.829302647203563448e-02 8.001393471080828212e-02 8.760337062802825425e-02 7.825218745529466391e-02 1.001256252359104676e-01 9.274859812200486608e-02 8.928457733697048315e-02 8.883664291019466308e-02 8.714483631044650513e-02 8.730992530756435943e-02 8.703846731266701164e-02 8.610694501073107299e-02 8.415791869745431475e-02 8.067325983875205109e-02 7.390076843494360059e-02 7.173493754760185137e-02 7.323201365412182473e-02 7.304950484583987158e-02 7.540780962440889190e-02 8.301558176617704343e-02 8.012636961135899405e-02 8.520282474470391998e-02 7.733220485196626304e-02 7.655980960109878830e-02 7.525320441559875395e-02 7.515898830970312028e-02 7.240606012120626156e-02 7.035777149301884748e-02
