output_new_topo_ddd_6/finaltopo_bedrock__elevation.asc
ncols 300
nrows 100
xllcorner 0.0
yllcorner 0.0
cellsize 10.0
[rows 0 to 16 of 100, columns 148 to 184 of 300]
4.864440604062194584e-01 9.805396843063588497e-01 8.316946158555748037e-01 2.990891340741830273e-01 2.906154531034736976e-01 6.535433581970778727e-01 2.875978654648294608e-01 1.407406153142659599e-01 3.518373452151030145e-01 6.839766423932069905e-02 7.882049352212624482e-01 7.388442118772020617e-02 1.435152879833834216e-01 4.814546807202257916e-01 6.702694683935072062e-01 6.289068763102004800e-01 5.265612270327821864e-01 9.170453053288567524e-01 1.459125110597936370e-01 1.868053215265552680e-02 9.391519534098099475e-01 6.543454410623817941e-01 5.434764235172584446e-01 7.337079768526310053e-01 1.839915270315369833e-01 8.640562470150819907e-01 6.461677315508805863e-01 5.444618558160917443e-01 2.216596234901321294e-01 8.663500821695047094e-02 7.768149578696930124e-01 7.717288328354132698e-01 2.637760078002736597e-01 5.543005573679926634e-03 2.712343224487097082e-01 4.206965521142387310e-01 4.725359716100967500e-01
3.152910588922708968e+01 3.179691495719424310e+01 3.209382776284757455e+01 3.254744899228219168e+01 3.313970469396503660e+01 3.383085666368320688e+01 3.456635961826290071e+01 3.529103907356783054e+01 3.594439266239592001e+01 3.644737420158035945e+01 3.668599520819693538e+01 3.649922969802142347e+01 3.596825732508070672e+01 3.525615214614736459e+01 3.446699780104140842e+01 3.367128299654364554e+01 3.292365314836622758e+01 3.227988989167745615e+01 3.181531465852202700e+01 3.165568500773366623e+01 3.177852608462650963e+01 3.223299900528562034e+01 3.288763307131019786e+01 3.366825048171840251e+01 3.452118447836016912e+01 3.540028477155621545e+01 3.625480176157022782e+01 3.701660059899155186e+01 3.758562268253919569e+01 3.780865416246334121e+01 3.761796787177175361e+01 3.719765682265249751e+01 3.668451401092544018e+01 3.618547757771798956e+01 3.580277108380486339e+01 3.567481215325959454e+01 3.575488560940556226e+01
3.070653124272466528e+01 3.104316809876613092e+01 3.123299883171619840e+01 3.172471659422467027e+01 3.237556994980429437e+01 3.312897253714969281e+01 3.391707366628752141e+01 3.469101493197694452e+01 3.540001890422767161e+01 3.597316992091632670e+01 3.629920221183863305e+01 3.610169160318153558e+01 3.546001053887243870e+01 3.466856926918595860e+01 3.381780802732131974e+01 3.296809950356924901e+01 3.216077081263255621e+01 3.143425523977872871e+01 3.083597812467574073e+01 3.069891034290429488e+01 3.077918441559549478e+01 3.136760235998278290e+01 3.210703183174782538e+01 3.294814696700282042e+01 3.385006475871660570e+01 3.477738387565229772e+01 3.568860151377155177e+01 3.652276757107802752e+01 3.719060232394372179e+01 3.740258066955737348e+01 3.709835928285129114e+01 3.657978262928966728e+01 3.597650003438242550e+01 3.537877892188027573e+01 3.486111446662396673e+01 3.477255613227019637e+01 3.487855868362382239e+01
2.954753270844980761e+01 2.984407127027701989e+01 3.000076086568097011e+01 3.043344984332433611e+01 3.124324098810199146e+01 3.209993426308537323e+01 3.296354287134384009e+01 3.380903654976364692e+01 3.460368768302168974e+01 3.530063106658045768e+01 3.568594015101447070e+01 3.547533776625446933e+01 3.475091278159430885e+01 3.381320775856605820e+01 3.286328814213207750e+01 3.193255397304830367e+01 3.104376347685614235e+01 3.020824904110172326e+01 2.943960807417023773e+01 2.929733812604214549e+01 2.934667044489402699e+01 3.010800675598518339e+01 3.096610103307667217e+01 3.189329632986378016e+01 3.286697375725000825e+01 3.386913689540934769e+01 3.487254650722708504e+01 3.584172633426013732e+01 3.657284918054730838e+01 3.676522999655374235e+01 3.636350281909266613e+01 3.567658195288881728e+01 3.493876269907878651e+01 3.420261688177632919e+01 3.350576385894707698e+01 3.342377922381948707e+01 3.357871426132707882e+01
2.824436925375172436e+01 2.848741298917342846e+01 2.859916202905527882e+01 2.905809275709175665e+01 3.005224755124688585e+01 3.099339744888443349e+01 3.192733655006526305e+01 3.284975570800707345e+01 3.376051549545577046e+01 3.452775079942671255e+01 3.494955088190122439e+01 3.472681235489405793e+01 3.394338274937722133e+01 3.291265949661329415e+01 3.182184510414672118e+01 3.079699642324532860e+01 2.982934487935168377e+01 2.891105049691484652e+01 2.797663588042204452e+01 2.771736358394235111e+01 2.783203672420880892e+01 2.876395605187288851e+01 2.974007270057895980e+01 3.074791515444186274e+01 3.179712845021819234e+01 3.288895470539979016e+01 3.402608086405582100e+01 3.507587318062060433e+01 3.584399984876608158e+01 3.601262840734797521e+01 3.553181605305917401e+01 3.472681676381550631e+01 3.382030894031978363e+01 3.295570341808268466e+01 3.207412099574015940e+01 3.186323568600716172e+01 3.210670368508878170e+01
2.691507673885172380e+01 2.710729531141162241e+01 2.708996674695722362e+01 2.797344455850625167e+01 2.894379058153964479e+01 2.993925960707753475e+01 3.093010637058959489e+01 3.193980738453779367e+01 3.290348252123681760e+01 3.370924688837942540e+01 3.415238344434430218e+01 3.392101205125036500e+01 3.309830180363486818e+01 3.200661251580118716e+01 3.083430835058242891e+01 2.969032780068057775e+01 2.864583826488048857e+01 2.767198266395456585e+01 2.677242611729963429e+01 2.598458568891699372e+01 2.641763738448672783e+01 2.754040770379434733e+01 2.857686206989978572e+01 2.964334026058800831e+01 3.076753064156931927e+01 3.197605947033792617e+01 3.318889971914840231e+01 3.428742888482194218e+01 3.507380318010356746e+01 3.521827673073319431e+01 3.467442001429856901e+01 3.377954966782999691e+01 3.276466421027177489e+01 3.176793234308528469e+01 3.088461806220649208e+01 3.011985632155356285e+01 3.054028101417122443e+01
2.561808008819340898e+01 2.580322106540659277e+01 2.584748890119102782e+01 2.688466127673603623e+01 2.795872771971954407e+01 2.899612249698153121e+01 3.003231622052371463e+01 3.106138067907988898e+01 3.204470121095700108e+01 3.287168259533812176e+01 3.333032404843633145e+01 3.309612969322428455e+01 3.224861832039673004e+01 3.111769134148429927e+01 2.989548814672538413e+01 2.868969965708622993e+01 2.755371707181999952e+01 2.651945352737469364e+01 2.554529025268879749e+01 2.455523528208669859e+01 2.547619127732075484e+01 2.646650006848759418e+01 2.751864788150051311e+01 2.863730789004917554e+01 2.985529372968123951e+01 3.112677858019287314e+01 3.238418237658672894e+01 3.350995789679082293e+01 3.430369999963451022e+01 3.442805579277849404e+01 3.383452070818997015e+01 3.286551293924875949e+01 3.176321592623971313e+01 3.067728284826357665e+01 2.967447814773792558e+01 2.870186032018104427e+01 2.963118934690341888e+01
2.436644524282021251e+01 2.455449422675472348e+01 2.473679551379409958e+01 2.604411291635661740e+01 2.715084385553700841e+01 2.817071683608108401e+01 2.917449772721791490e+01 3.019123690155039341e+01 3.118217952173005614e+01 3.202780267193516295e+01 3.250482303025137298e+01 3.227550995470318185e+01 3.141251696579940855e+01 3.025387185853079330e+01 2.899943983312649820e+01 2.776060306154655422e+01 2.658730489020824095e+01 2.549175790399404917e+01 2.447882588439069451e+01 2.345828608216934796e+01 2.446265501642765372e+01 2.548240529919757691e+01 2.657230596148427182e+01 2.776364165820578478e+01 2.903072091430606960e+01 3.033777716508806677e+01 3.161928675757127394e+01 3.275906863530581603e+01 3.355613155738994635e+01 3.367058998163732042e+01 3.304374736671487511e+01 3.200671889875626164e+01 3.082119844927877139e+01 2.964870981274133044e+01 2.860674639374842343e+01 2.761573805661740622e+01 2.870650849079880729e+01
2.316155888765722182e+01 2.326205137256961564e+01 2.442242594783006382e+01 2.548461446182803058e+01 2.645147438352069003e+01 2.735563938735741019e+01 2.830135896463439593e+01 2.930683332314016809e+01 3.031340103644698658e+01 3.118689077129845089e+01 3.169187804942935571e+01 3.147657125213398999e+01 3.060286875000877416e+01 2.941850435038676537e+01 2.813563938650284868e+01 2.687588762624698546e+01 2.569300684988423100e+01 2.458915618485466226e+01 2.354645265394026765e+01 2.251594919633073388e+01 2.355260132523080330e+01 2.460554205593340171e+01 2.575297562961818798e+01 2.698202380275436241e+01 2.827570287806562632e+01 2.960030855254647975e+01 3.089260205314344887e+01 3.203853029530545626e+01 3.283906164816308859e+01 3.295864290947578468e+01 3.233814417096802885e+01 3.122034626254459155e+01 2.994064268045607946e+01 2.866992737018026105e+01 2.748679252890985580e+01 2.668123772311951214e+01 2.783532274288685215e+01
2.196643384033741597e+01 2.321912624033053874e+01 2.424175961040655025e+01 2.495363550207432013e+01 2.567838901528984152e+01 2.646231687489313344e+01 2.737978614236281771e+01 2.840171760925830213e+01 2.944329529536713608e+01 3.036081999998439684e+01 3.090789972544368069e+01 3.071713589887392004e+01 2.983428996073995521e+01 2.861779844257743477e+01 2.729760425189481765e+01 2.601003754474761465e+01 2.482568201909064598e+01 2.374767471111037054e+01 2.272539698237671502e+01 2.168796531770638580e+01 2.274609589248213837e+01 2.384356561722771772e+01 2.502027167958872411e+01 2.626885745143239248e+01 2.757373535495131378e+01 2.890340884387167009e+01 3.019729270695264134e+01 3.134406117429384864e+01 3.214748706331951666e+01 3.227710791409174362e+01 3.169849793081880307e+01 3.081907742863805666e+01 2.970495255849249006e+01 2.849999953992046997e+01 2.724804198655044374e+01 2.584480439652656258e+01 2.704469014513351155e+01
2.196993671288468875e+01 2.296513867493377248e+01 2.362663396887559486e+01 2.419395035928736348e+01 2.471267538633784966e+01 2.546273871766826247e+01 2.641910374897021541e+01 2.748809583301861892e+01 2.858401722183893767e+01 2.956642889875644897e+01 3.017274835734595584e+01 3.001913225928507245e+01 2.912896302705455298e+01 2.786573495965852842e+01 2.648950215636465444e+01 2.515303828553104282e+01 2.393806054000083350e+01 2.290528954476663870e+01 2.196187141756480088e+01 2.095034745679228649e+01 2.203800003347296865e+01 2.315898798846750495e+01 2.435053356906207966e+01 2.560547120604895710e+01 2.690995035381194000e+01 2.823516249702092651e+01 2.952379960914692347e+01 3.066763445215180184e+01 3.147177024259131883e+01 3.160020883239018374e+01 3.099543739748072824e+01 3.001629855787481915e+01 2.895508570635892553e+01 2.777746430104669173e+01 2.652630447628971311e+01 2.509722885373612655e+01 2.626023137293096710e+01
2.168840510752947282e+01 2.230928072164343590e+01 2.305299500078123742e+01 2.325738554485733545e+01 2.353396818018687497e+01 2.442369686591384692e+01 2.546011595543210859e+01 2.658041829000323730e+01 2.774947105315468221e+01 2.882899490571136170e+01 2.950986799759795076e+01 2.940727970480495657e+01 2.852485403772240957e+01 2.717820601362489441e+01 2.571051575395513922e+01 2.429808610641941158e+01 2.302112874131180220e+01 2.190018058717257432e+01 2.122283028776627489e+01 2.028677229143056948e+01 2.139724082200846667e+01 2.253112758852562436e+01 2.372603585154681838e+01 2.497632176205538812e+01 2.627041410362958018e+01 2.758306892102814345e+01 2.886133847886729953e+01 3.000150654084753654e+01 3.081206809086742382e+01 3.095211461494407601e+01 3.031921009856478832e+01 2.925240108342901024e+01 2.804000682001452560e+01 2.687412003756897860e+01 2.568387458027191173e+01 2.437837107332760311e+01 2.548095995436024808e+01
2.091065090378020130e+01 2.174375315865350089e+01 2.224446374854147379e+01 2.225034746937101104e+01 2.242064586279709815e+01 2.342763575928055175e+01 2.454998732274272299e+01 2.563266157751375474e+01 2.696645991904658857e+01 2.819518595992131793e+01 2.893917390358367214e+01 2.888304578592533289e+01 2.810651792719271569e+01 2.702875301564067101e+01 2.571206072795147080e+01 2.437103476554958092e+01 2.306342843217452554e+01 2.178458915794998774e+01 2.044884680186197201e+01 1.968637233792836128e+01 2.080890331951689376e+01 2.194455312101404587e+01 2.313225579167738744e+01 2.436727996207246605e+01 2.564125197795150513e+01 2.693376690776792159e+01 2.819751304599531139e+01 2.933554449877469850e+01 3.016582910965863817e+01 3.035808779693756421e+01 2.973820175270119393e+01 2.855856691835651517e+01 2.721361080007887878e+01 2.589304137305238385e+01 2.468783174713507478e+01 2.371051165921051052e+01 2.466168886327305643e+01
2.027714322734405528e+01 2.100030425882038898e+01 2.126063496741001302e+01 2.120893525307759120e+01 2.137807919488384911e+01 2.248917651493236747e+01 2.372517616100901350e+01 2.520700346752666476e+01 2.655217478530304476e+01 2.770142444082182465e+01 2.846328788959322864e+01 2.838708063032859386e+01 2.759652251293808334e+01 2.649562466890287737e+01 2.540287017842792139e+01 2.418248651208228850e+01 2.294457411721195328e+01 2.171250252699186589e+01 2.046251360414824205e+01 1.912517951138129746e+01 2.025845083451779871e+01 2.138643930430308515e+01 2.255596378288944237e+01 2.376417110855184234e+01 2.500792419782119325e+01 2.627285764464088302e+01 2.751759658300578337e+01 2.865298244564182895e+01 2.951262383064936401e+01 2.981235845413362640e+01 2.934734594795486728e+01 2.833585519977891209e+01 2.709279947081846984e+01 2.578443097060695166e+01 2.447343471919170454e+01 2.308971565165307283e+01 2.354200819339150286e+01
1.947474992148876538e+01 2.006710758769637337e+01 2.016637063265052632e+01 2.009839107513088763e+01 2.135760557164048379e+01 2.258058337791438319e+01 2.384644757473167687e+01 2.515741013337488852e+01 2.640567909486503240e+01 2.745720151157106059e+01 2.808304414382994452e+01 2.792360460632254160e+01 2.705903009475473553e+01 2.586334584909661061e+01 2.459256215061703443e+01 2.343909358543529819e+01 2.222993704583953090e+01 2.105490875140093365e+01 1.990239943973723413e+01 1.861121501914112031e+01 1.973525626525643517e+01 2.084566270798937637e+01 2.198322250611551709e+01 2.315144680528801402e+01 2.435513501974538286e+01 2.558571665524060634e+01 2.680551875998641265e+01 2.793057811540654356e+01 2.879056325592765830e+01 2.927324166817923512e+01 2.904808884662842772e+01 2.817308427332660514e+01 2.699553492494884921e+01 2.571117649849353270e+01 2.442913914338339509e+01 2.322284908426811967e+01 2.221924979322367122e+01
1.861997168776388989e+01 1.898857188874032786e+01 1.892714636041484155e+01 2.016982423559592164e+01 2.139842834877979527e+01 2.264812568995477449e+01 2.390738916747703513e+01 2.514929277723377510e+01 2.629626204711831861e+01 2.722730588003736685e+01 2.770690986741933415e+01 2.749730759848724304e+01 2.654647055551522072e+01 2.522973075014921207e+01 2.382058523439577158e+01 2.246282521387773556e+01 2.121818944464081014e+01 2.006526825869413244e+01 1.901818201145024645e+01 1.812326642571105140e+01 1.923364087092873120e+01 2.030933451758025043e+01 2.139662434523163270e+01 2.251152671041760556e+01 2.366806768102322422e+01 2.485974454705122483e+01 2.604852142941994941e+01 2.713604863957863245e+01 2.809687070714392121e+01 2.871883031648086515e+01 2.868535466163234560e+01 2.794904030669965778e+01 2.683037190764966695e+01 2.554767642904457858e+01 2.422132877178996679e+01 2.291504978589837194e+01 2.162589829730112001e+01
1.782470845710825103e+01 1.783188661470624581e+01 1.905028512831371756e+01 2.025179811513071826e+01 2.147354571239874588e+01 2.269883912740733223e+01 2.389791338267065512e+01 2.504057114492396963e+01 2.601927414241171732e+01 2.676455897936033068e+01 2.725664660117124782e+01 2.713534332179223085e+01 2.637981664996991427e+01 2.521218999703329544e+01 2.389665843190687511e+01 2.256799112980740674e+01 2.128234313165784997e+01 2.004583028047911952e+01 1.885510210142869880e+01 1.765992265160830499e+01 1.874305340349119220e+01 1.975718746313109619e+01 2.077297085057402626e+01 2.182649646767131912e+01 2.293544010191099503e+01 2.408716179142848191e+01 2.522515456986563009e+01 2.636591533309184854e+01 2.739456451753353505e+01 2.812964143378130188e+01 2.827431484656864669e+01 2.773022210478589500e+01 2.668026122113274567e+01 2.540282310478770356e+01 2.402929074131987974e+01 2.260949704485565803e+01 2.107292819309155973e+01
