output_new_topo_ddd_6/finaltopo_topographic__steepest_slope.asc
ncols 300
nrows 100
xllcorner 0.0
yllcorner 0.0
cellsize 10.0
[rows 51 to 67 of 100, columns 37 to 73 of 300]
1.036240440498348292e-01 1.342837516508928186e-01 1.315365938855483641e-01 1.320054402178404418e-01 1.312571302263902395e-01 1.254076908363837284e-01 1.134091908955678490e-01 1.363512133100645285e-01 1.209908678671024473e-01 1.306247585276347212e-01 1.329534429575593424e-01 1.341113756266639201e-01 1.354741830044282058e-01 1.372916405951426777e-01 1.397562666096250628e-01 1.420040312072926858e-01 1.425826185528252521e-01 1.389368259303739583e-01 1.287489643555728425e-01 1.065431752263097248e-01 6.624974746850841034e-02 9.308109564438211969e-02 1.188765991093163193e-01 1.295033518016708851e-01 1.315481148681922063e-01 1.291244031923199087e-01 1.246598806433727447e-01 1.194980176027879565e-01 1.143214412033177751e-01 1.094404270943396540e-01 1.049645918869716310e-01 1.008988701150780598e-01 9.719572877780943698e-02 9.378944795550925306e-02 9.062040086927006244e-02 8.766962080955273406e-02 8.495632897609875500e-02
1.615154704197802049e-02 1.134981634066665607e-01 1.388960735269954005e-01 1.373421039889891615e-01 1.382876913321544887e-01 1.295934956647192549e-01 1.104883528208224774e-01 1.134561369607340053e-01 1.273515788778784574e-01 1.281056600176467830e-01 1.288207542363709046e-01 1.298521398197571008e-01 1.315063682560775327e-01 1.341582111456930959e-01 1.374302227991893444e-01 1.406261646499807894e-01 1.423225833315506783e-01 1.417039117674333548e-01 1.356667016297734008e-01 1.196648454465772254e-01 8.844904064145264755e-02 7.318746263145392561e-02 1.090209806865853892e-01 1.257010703009573405e-01 1.311120018052061853e-01 1.304327261521674441e-01 1.267780771484371682e-01 1.219196671839192503e-01 1.167981888175509270e-01 1.118695573387942233e-01 1.073246116056807836e-01 1.032164371217993148e-01 9.951956824648196254e-02 9.613837812093599389e-02 9.292549792016124854e-02 8.984242799331543239e-02 8.689487736817422259e-02
1.021307869823189635e-01 1.675971294621021387e-02 1.135349637757718383e-01 1.443676004862868012e-01 1.441733663305670154e-01 1.336349136462904041e-01 1.044817047434163371e-01 9.876164490513783534e-02 1.234222771942488778e-01 1.234135058718655309e-01 1.238672835725694449e-01 1.250762529587620409e-01 1.273381836079168494e-01 1.305213037345050175e-01 1.343316698163722622e-01 1.379973903943954028e-01 1.414333492591810515e-01 1.429950224096464551e-01 1.399230504795902497e-01 1.296988261241579510e-01 1.066739139927405100e-01 6.506065315758098599e-02 9.542782549194547825e-02 1.199949461041846660e-01 1.296921413251546085e-01 1.312165604544137665e-01 1.285973934736563962e-01 1.241396115803315298e-01 1.190932407733118481e-01 1.140861482633949847e-01 1.094105568701261022e-01 1.052185435459644935e-01 1.016360663923347174e-01 9.869268654824026044e-02 9.577305304430350219e-02 9.285879297171514835e-02 8.989390564771068681e-02
1.313646831647765634e-01 1.104914287633578240e-01 1.720430069812968477e-02 1.219930985137555324e-01 1.533060520844282959e-01 1.383405959158940102e-01 1.088750834821848867e-01 8.529224344961114368e-02 1.174702290372563601e-01 1.180136912044775083e-01 1.187641601192969965e-01 1.204514988860490854e-01 1.230979288157702384e-01 1.266592462280611286e-01 1.307030325047099928e-01 1.354173113900893621e-01 1.399969892846736064e-01 1.429395496526404408e-01 1.431992194858559275e-01 1.371680998344388946e-01 1.199708944632066343e-01 8.649142017387011216e-02 7.729502498765547513e-02 1.109074512316610139e-01 1.257589236177299452e-01 1.301176634778777041e-01 1.289916572251637861e-01 1.252537477377625719e-01 1.204935344940631509e-01 1.155031684771595096e-01 1.105848487155469684e-01 1.058496525652083547e-01 1.018095655965836899e-01 1.006246105140073538e-01 9.858655562147830564e-02 9.663393882032807192e-02 9.476975421646756381e-02
1.340018656130230745e-01 1.415261258328067984e-01 1.162145961673280298e-01 1.713240370770209922e-02 1.247776848481822604e-01 1.423641319876687017e-01 1.046062840179278891e-01 7.511810083504447122e-02 1.119078131475614024e-01 1.128907905363093211e-01 1.140184707175296019e-01 1.159437288583188563e-01 1.189293477002123789e-01 1.227378197100451179e-01 1.275110552915629247e-01 1.328136216985128237e-01 1.379924368969832615e-01 1.430290578205101470e-01 1.457698381794833298e-01 1.424407128115734444e-01 1.299370517756969212e-01 1.030728884717209554e-01 5.774767523260794511e-02 9.914744390881224945e-02 1.198499917406081750e-01 1.276388354054240892e-01 1.284297092596574374e-01 1.256910090688379000e-01 1.214860015771515450e-01 1.169232936547528467e-01 1.121684880424655972e-01 1.057606084298063492e-01 9.763815531123204439e-02 1.061445693191344075e-01 1.047130350781201730e-01 1.017847094482586534e-01 1.035540727861224697e-01
1.345701848242948639e-01 1.356674649540406119e-01 1.405535884326208906e-01 1.054328537295220747e-01 1.488326258867180875e-02 1.215016227941997096e-01 9.387881175183084015e-02 6.691417399257951204e-02 1.071197137598684235e-01 1.083472517838536264e-01 1.093661971285491974e-01 1.115665138876821699e-01 1.150201702523768604e-01 1.195389965954004596e-01 1.246047343353134385e-01 1.300028681438715750e-01 1.364386747761760499e-01 1.433861188556871669e-01 1.480106279938561142e-01 1.470868669081619728e-01 1.368020855550738102e-01 1.133464590451526005e-01 7.264854868130693477e-02 9.364018337214133347e-02 1.135136813366633968e-01 1.232881581265034554e-01 1.270336077359502380e-01 1.269297607194680433e-01 1.242824834683836505e-01 1.196083202086201530e-01 1.186802757239320272e-01 1.192676239495844143e-01 1.260700054791746294e-01 1.052310576886378995e-01 9.944370520970551020e-02 9.534684366068386929e-02 9.119162970456233530e-02
1.223977146807250227e-01 1.293593238146669988e-01 1.345860115844960403e-01 1.368922295066120343e-01 1.408535895490488007e-02 9.358499734162402384e-02 1.104577073327489140e-01 6.025022484246704557e-02 1.033809648080512983e-01 1.036434664305493636e-01 1.044887980545034928e-01 1.076772683695063904e-01 1.121947802324929633e-01 1.169362619033788991e-01 1.216364922570167539e-01 1.275151879907841790e-01 1.349441109127322569e-01 1.448375716563942983e-01 1.519932499413476357e-01 1.508627566956592947e-01 1.406212360644145121e-01 1.184226900979443303e-01 7.851348954054354623e-02 1.002942660824461957e-01 1.266853328700578707e-01 1.409231101304616318e-01 1.480777668411503989e-01 1.501913442367769635e-01 1.485389171772727168e-01 1.450471834885196654e-01 1.405950913711811467e-01 1.363643418562712761e-01 1.300336211472752357e-01 1.200537576143466678e-01 1.115094207005009469e-01 1.029664868327337668e-01 9.473230162146650812e-02
1.285532319365623732e-01 1.291365505230164246e-01 1.329529776749804881e-01 1.031087337121988218e-01 9.253698520245086379e-02 1.279869393872150665e-02 8.802862863694019269e-02 5.403630643782584425e-02 9.941666651207922700e-02 9.712903258608629464e-02 1.002801341443543270e-01 1.055580632086956100e-01 1.104467195192236073e-01 1.145058555891778768e-01 1.183979863712902175e-01 1.253134297088321636e-01 1.312583063502850422e-01 1.529518166620414399e-01 1.554180103974505678e-01 1.520394612725342876e-01 1.421646057452246870e-01 1.193727477688978356e-01 7.729669599590578699e-02 1.018626521208995800e-01 1.319009310269404489e-01 1.472331254109515153e-01 1.559503136058670580e-01 1.603842365222554189e-01 1.581547574754397778e-01 1.549274788393444346e-01 1.513754687816986078e-01 1.480951903595512098e-01 1.462114529973739530e-01 1.402438381510092424e-01 1.338623130429972274e-01 1.271539630092725637e-01 1.194714246053942136e-01
1.297106268947553487e-01 1.101975371375981949e-01 1.068685173727137311e-01 1.161627265940325116e-01 1.283825168990707088e-01 1.379939164363944842e-02 6.878119358121992377e-02 5.270770539243483516e-02 8.661696977230928796e-02 9.160909483688761679e-02 9.962717054684173956e-02 1.051725429219606961e-01 1.093106767715883304e-01 1.118968214012497214e-01 1.119298313916517323e-01 1.284364593436796431e-01 1.104056682193615690e-01 1.141415460821001149e-01 1.271763166998905459e-01 1.373350122455658240e-01 1.377652967554020280e-01 1.183615377023972542e-01 6.531647927449313329e-02 9.883517770502762978e-02 1.348048461667026854e-01 1.460915823217671661e-01 1.447717881042986932e-01 1.404001859157020249e-01 1.270294643077351238e-01 1.181956224176150955e-01 1.102074850863134642e-01 1.029611839326509681e-01 9.633727675783294864e-02 9.036497148855585082e-02 8.441380140797347109e-02 7.814815842348590835e-02 7.100771098826301475e-02
1.078782968282969990e-01 1.258747003761044869e-01 1.147720979196351493e-01 1.281789504562784454e-01 1.426455283568535126e-01 1.106312419792179619e-01 1.364021653259709158e-02 7.575550463600118356e-02 8.716863395970210482e-02 9.451239882457325436e-02 1.001031025666812152e-01 1.042508682691051236e-01 1.077547684797753730e-01 1.077777730127673222e-01 8.731322860301031497e-02 9.479388252655188141e-02 1.365020246255491954e-01 1.351473582988141631e-01 1.380212068450557550e-01 1.392304805506164311e-01 1.306813987670182031e-01 1.025222933736909398e-01 5.792207914871866370e-02 8.886724693276427944e-02 1.132036056216360748e-01 1.250112071896967991e-01 1.262925015049020661e-01 1.303601482893848584e-01 1.412420571338238451e-01 1.404501168596830885e-01 1.360446484931793487e-01 1.297328530097071053e-01 1.222933246228119358e-01 1.136422093520439019e-01 1.030633949796134902e-01 1.028815674287917731e-01 1.055417297491698242e-01
8.889141691700894188e-02 8.597306205399730950e-02 9.467270567796273739e-02 1.065150294727222474e-01 1.136080342450654229e-01 1.173463583715444597e-01 8.405417723703881294e-02 1.083712131083434081e-02 4.621833098434100645e-02 5.359847895081699953e-02 5.939206920163346559e-02 6.520348866554055711e-02 7.173565920572340382e-02 8.081047429843231378e-02 1.103699766364366341e-01 1.168029824019091861e-01 1.294683298451472508e-01 1.385836689608099803e-01 1.427847528847186465e-01 1.416171857265201284e-01 1.249793794574305394e-01 8.278309653574851545e-02 7.808423178641930862e-02 1.040063193442656575e-01 1.109026832629955162e-01 1.060736698149332552e-01 1.095131534033932097e-01 1.111490103430567145e-01 1.167355720727856622e-01 1.178553836183747067e-01 1.156660919958825973e-01 1.117661995591060220e-01 1.097776615835659442e-01 1.081879540119055905e-01 1.073449769335615700e-01 1.069114800370612323e-01 1.032666073012509650e-01
1.168888356225085134e-01 1.010828715207574419e-01 9.638020575784021771e-02 1.053081379510326376e-01 1.236921549805498344e-01 1.443643616277312525e-01 9.823774215490876927e-02 1.319191519768320858e-02 1.188908451632630509e-01 1.057753301199648721e-01 1.182550043114203725e-01 1.267109743647088504e-01 1.339877156042131867e-01 1.420606334969386486e-01 1.536172285345836774e-01 1.559621646189008615e-01 1.614243683311062660e-01 1.595179457876873264e-01 1.534591384890076626e-01 1.345565296542116929e-01 1.017868560107031278e-01 6.056003609433940893e-02 1.007855952014226480e-01 1.199998413144161696e-01 1.251926302602951735e-01 1.221213064789163083e-01 1.127613774350070541e-01 9.717672085304041030e-02 1.078094133726672510e-01 1.165066267862169269e-01 1.179096909489201622e-01 1.146972917462010660e-01 1.164485890690604014e-01 1.181968560367404331e-01 1.161138265151754473e-01 1.121442168732217637e-01 1.134814326082700803e-01
1.408489709463258133e-01 1.299094604773996520e-01 1.017860355671278000e-01 1.047615961436478005e-01 1.220028668182541465e-01 1.379632365684037576e-01 1.390043425263049956e-02 1.001092075092563094e-01 1.371058226117266576e-01 1.227685675388188041e-01 1.215928239407198519e-01 1.273078263006335031e-01 1.343825308757033710e-01 1.416770545365722833e-01 1.489964559595216564e-01 1.535271782690819931e-01 1.552335983216206472e-01 1.519608727027995654e-01 1.396460170848192184e-01 1.142484973302812373e-01 7.101652832434307561e-02 9.137841252846543028e-02 1.206466920276437760e-01 1.336806905093249065e-01 1.363567874589618756e-01 1.335224020596500472e-01 1.276018816907682207e-01 1.141827906711245788e-01 1.009132910242264564e-01 1.189159752089799654e-01 1.318079727596916384e-01 1.393608000661726021e-01 1.362844131343833309e-01 1.436161548558922418e-01 1.433101713223945972e-01 1.412321449241657756e-01 1.044438871984921108e-01
8.356712432024870907e-02 8.924903993871055596e-02 1.085011200397245218e-01 1.028873284124334347e-01 1.088964095140663307e-01 1.220968397057555777e-01 1.217762858869981743e-02 1.268638831386548205e-01 1.312580239992454934e-01 1.252613844614060556e-01 1.188232722138321401e-01 1.242707606138557658e-01 1.305561309700182804e-01 1.371830020277690354e-01 1.429766259040653464e-01 1.462488674592983262e-01 1.452418247213163871e-01 1.379242176896639804e-01 1.194459029461485272e-01 8.392779883316522915e-02 7.985609336014534709e-02 1.174298348724676228e-01 1.370450671119998742e-01 1.438396771238044103e-01 1.437318299676126898e-01 1.403540539832434930e-01 1.354982751446624223e-01 1.222217850347030732e-01 8.791143457484480728e-02 1.097292406436842782e-01 1.284790923092126447e-01 1.354209337167656402e-01 1.344881359515824326e-01 1.219819059390419014e-01 1.137893201198767051e-01 1.048487978229065420e-01 1.316812116893384399e-02
1.016233715862167458e-01 1.005780483416227611e-01 7.841814813489418612e-02 1.018132909847148382e-01 1.263305624649763981e-01 9.383615549714985349e-02 1.348062103055103905e-02 1.287433350096415796e-01 1.461942996433860387e-01 1.366054237185702347e-01 1.286954720484216053e-01 1.210313840929211765e-01 1.206807659164790825e-01 1.272146200455686882e-01 1.323482944791892213e-01 1.340574223588889002e-01 1.302531445315655567e-01 1.178753580975250015e-01 9.141819074095808295e-02 6.540354327151010061e-02 1.095504409969793314e-01 1.365400244309109279e-01 1.499064503103729462e-01 1.523374903764123656e-01 1.475640207501593693e-01 1.423183411008270560e-01 1.390305346872280634e-01 1.201600089807857985e-01 9.783369430245528187e-02 9.148336044334766382e-02 1.138717780906107480e-01 1.263274534237810443e-01 1.288742521917084771e-01 1.255279800590540229e-01 1.220501905492332312e-01 1.170485288354990716e-01 1.181648102580288261e-02
1.046404117286073160e-01 1.003809757829390720e-01 9.596070730051291242e-02 6.560479086849549391e-02 1.029293807890582918e-01 1.265603295517845304e-02 9.330412507354805818e-02 1.316205926568294049e-01 1.184349887029490789e-01 1.242240942645057855e-01 1.279644974453397199e-01 1.277877300836308960e-01 1.240539877356903603e-01 1.185937110100494934e-01 1.128272039992224696e-01 1.133253206041328898e-01 1.070044161461526921e-01 9.019496174534266664e-02 5.691017830470755656e-02 9.453133975122700317e-02 1.291626701460332760e-01 1.493906881184063340e-01 1.587336714948383576e-01 1.603074704407646545e-01 1.527546256591302831e-01 1.383594593138837425e-01 1.359029326764928658e-01 1.109818476371916829e-01 1.139874782259039654e-01 8.975233457996455166e-02 1.106881727094405632e-01 1.235815837786984339e-01 1.295878178060168584e-01 1.287269775043324294e-01 1.249738645328647146e-01 1.234735472198894846e-01 1.165289358638608129e-02
1.046110614711588810e-01 9.817471779370308405e-02 9.261066221564125123e-02 8.572490941913164797e-02 5.235234928732736964e-02 1.008068754554694059e-02 1.035049549969164345e-01 1.110485756301245325e-01 1.157597911599854285e-01 1.217663649433768924e-01 1.257758240848195486e-01 1.272011561188202688e-01 1.259226814327854826e-01 1.218492830743837657e-01 1.136855392239805723e-01 1.031808487956414611e-01 8.810761679665972401e-02 6.371578943889805169e-02 6.574020646872648366e-02 1.126371920373955560e-01 1.406299798175212890e-01 1.556666831766738979e-01 1.637928049525721186e-01 1.642261620214902074e-01 1.651224445939147301e-01 1.394440573801848104e-01 1.280286929186063571e-01 1.022211039560829704e-01 1.204295887269486443e-01 8.299824372832560748e-02 1.098373030106654935e-01 1.319194793541872135e-01 1.466669277192987064e-01 1.522281080462453695e-01 1.541119016418205923e-01 1.110093179399565394e-01 1.195036081813864552e-02
