output_new_topo_ddd_6/finaltopo_topographic__elevation.asc
ncols 300
nrows 100
xllcorner 0.0
yllcorner 0.0
cellsize 10.0
[rows 51 to 67 of 100, columns 37 to 73 of 300]
9.961892394692718256e+00 1.082171167732623829e+01 1.168978428852813778e+01 1.252222225980478143e+01 1.338806540700595704e+01 1.422895141154472043e+01 1.481392315614155564e+01 1.494050442284016533e+01 1.527337784502458007e+01 1.608898687572609276e+01 1.688990096272290486e+01 1.772437298534809003e+01 1.860335240611827601e+01 1.953908212379320730e+01 2.056192476089513121e+01 2.163549896508781245e+01 2.271503659713164325e+01 2.371241789510475684e+01 2.462878774002304993e+01 2.529815254769628297e+01 2.548664576416132022e+01 2.506903882357131863e+01 2.413303382987853851e+01 2.294027419897181019e+01 2.164259212659040799e+01 2.032553933574149951e+01 1.903345282356758261e+01 1.778645124984663894e+01 1.659130991479053563e+01 1.544805494065612805e+01 1.435366401323139307e+01 1.330405406928608691e+01 1.229511525172369346e+01 1.132322527362866182e+01 1.038542287048041857e+01 9.479330762700501012e+00 8.602746286467077397e+00
8.830619330032572378e+00 9.829349258947809531e+00 1.065173703263830518e+01 1.152834635512668449e+01 1.245078905008976733e+01 1.331015541727053808e+01 1.367680512334680820e+01 1.355574991885057479e+01 1.424061020884092521e+01 1.500906726663210655e+01 1.582729683403574761e+01 1.668713690324399934e+01 1.759730717420368151e+01 1.858488128999040256e+01 1.962601894676780745e+01 2.069640065123145334e+01 2.174467363630531480e+01 2.280351249574442463e+01 2.378540017633000403e+01 2.454269935453105944e+01 2.500489928039905152e+01 2.488472103932409496e+01 2.414732949046147681e+01 2.305260365403004386e+01 2.179252675620267965e+01 2.047957973609292281e+01 1.917429158131857747e+01 1.790607950010655358e+01 1.668673967386871482e+01 1.551875126152506468e+01 1.440009913306910327e+01 1.332690113200319537e+01 1.229477369869511705e+01 1.129962144844154714e+01 1.033833707496897603e+01 9.409244051937834641e+00 8.511033461275372858e+00
9.712215174099695147e+00 8.595802990221301343e+00 9.589361623960256154e+00 1.049143890176002714e+01 1.147208050687928171e+01 1.227633429592797576e+01 1.257028531731899612e+01 1.241846512300311467e+01 1.319696518384608552e+01 1.400531063527841624e+01 1.485076783907187448e+01 1.573774390716695137e+01 1.668759561713914863e+01 1.768209906108794627e+01 1.870669043092481587e+01 1.973073601076987771e+01 2.079711790737568222e+01 2.186283702774352733e+01 2.284518394021222676e+01 2.374744531447590390e+01 2.440028074227120314e+01 2.456497672138071309e+01 2.411583799645063664e+01 2.315640714038736547e+01 2.195255792785912874e+01 2.065306259874138561e+01 1.933935569838076063e+01 1.805252997314513053e+01 1.681069505107767625e+01 1.561954908162855382e+01 1.447858053424355163e+01 1.338438848328683228e+01 1.233205278514979852e+01 1.131542965165500014e+01 1.032837387661268025e+01 9.370643332560984362e+00 8.442204806834739728e+00
1.054461149500200712e+01 9.559635034494625927e+00 8.353962120083570753e+00 9.433240967129075116e+00 1.038043591882070160e+01 1.118006219770893850e+01 1.152256054553776821e+01 1.143107433723565514e+01 1.226021799266952428e+01 1.309921800797740055e+01 1.396928355578154424e+01 1.488703826160548616e+01 1.583634749354910554e+01 1.680672329431878254e+01 1.777895806992730243e+01 1.879600781123032149e+01 1.983854508579730336e+01 2.086354603523868079e+01 2.190863562560750566e+01 2.288553387605051626e+01 2.363773774469776967e+01 2.408144608484322902e+01 2.391961969105956243e+01 2.314123228966649037e+01 2.202783672844264373e+01 2.076734287743475349e+01 1.946442142160569588e+01 1.817355765894975406e+01 1.692056073496526380e+01 1.571544784603406342e+01 1.456041917276485975e+01 1.345470000063954075e+01 1.239623225396028516e+01 1.137709873187304765e+01 1.037034222735107392e+01 9.384045216524462774e+00 8.417341611603140095e+00
1.145157099738299600e+01 1.045484215352534640e+01 9.375974589668436110e+00 8.111085214123345821e+00 9.220850317636053006e+00 9.973266801165431517e+00 1.067185655975929315e+01 1.057855022671704859e+01 1.143076993839663480e+01 1.229013384866706105e+01 1.318396729527932543e+01 1.409579660324081196e+01 1.501564211026412288e+01 1.593082794733869179e+01 1.688079211818827119e+01 1.785791929316825488e+01 1.884100889304829707e+01 1.988104821157630653e+01 2.094151176079745014e+01 2.193556175260689045e+01 2.285152185120984569e+01 2.349242479343732271e+01 2.360099388958740363e+01 2.306537186930242456e+01 2.206900420169035826e+01 2.086685301227955236e+01 1.958803197043297573e+01 1.830223825086127576e+01 1.704443610949545729e+01 1.582902749116275132e+01 1.465953846877326328e+01 1.353839875239496138e+01 1.248219241616996911e+01 1.156205646830159495e+01 1.054744063928870723e+01 9.552696720738053315e+00 8.561669330760910412e+00
1.236201931646462349e+01 1.129473588024563391e+01 1.020575941700834655e+01 9.031770297017946092e+00 7.890197440187056266e+00 9.187779877779085780e+00 9.893462265611315587e+00 9.828083661513149494e+00 1.069421173468598951e+01 1.157182347687467150e+01 1.245650283767774624e+01 1.333409651750104707e+01 1.419556469802688348e+01 1.507775429689283619e+01 1.597954772289529224e+01 1.688946682244886333e+01 1.785747866735366429e+01 1.887781507678500503e+01 1.991779181777480190e+01 2.100879880908372144e+01 2.202839821757598671e+01 2.277736267498266542e+01 2.312783286494645196e+01 2.278998781489789849e+01 2.194700772291968249e+01 2.084465309417767642e+01 1.962550500938142761e+01 1.837307376092874023e+01 1.713407337304927935e+01 1.592923055608048521e+01 1.475283874635652559e+01 1.356249298580858209e+01 1.236612062026909697e+01 1.108902414415863724e+01 1.003649603973729576e+01 9.041403003788147430e+00 8.087723154826424121e+00
1.303066366673913024e+01 1.183583757194415575e+01 1.053786377456168211e+01 9.188598156120612259e+00 7.748293694150091504e+00 8.563151373757857954e+00 9.191278948363708068e+00 9.159732234236354742e+00 1.003982167082928001e+01 1.091016618048289999e+01 1.175688154721194500e+01 1.256960164378498668e+01 1.338758519982904005e+01 1.421749349760719561e+01 1.505133662542626105e+01 1.592806158686088125e+01 1.684951094613897737e+01 1.782308797963050040e+01 1.892520148090819632e+01 2.008875831626385988e+01 2.116834576894221343e+01 2.209392668964083484e+01 2.259107744838117782e+01 2.233625825400298126e+01 2.145976811013646923e+01 2.033560682125041907e+01 1.909494001025980481e+01 1.782285612357569349e+01 1.657205527897096431e+01 1.537067245123788695e+01 1.423207315424751584e+01 1.318705130114092228e+01 1.210978296642258378e+01 1.103474101668837548e+01 1.003796335702032749e+01 9.098830812722331629e+00 8.188661799090089843e+00
1.318511188761269004e+01 1.189704483913806321e+01 1.060257877443465446e+01 9.247347454743218620e+00 8.555398447264909834e+00 7.561041664600187673e+00 8.510528729150648175e+00 8.559290100474797214e+00 9.444396742447858983e+00 1.028014212655236648e+01 1.104777117849039492e+01 1.180133157635807883e+01 1.256385233836116733e+01 1.333143793632334706e+01 1.412527259845317396e+01 1.494133619254911594e+01 1.577622956515185493e+01 1.677302330034617128e+01 1.795164591777611207e+01 1.917527536095891350e+01 2.041340433367802376e+01 2.147451363227239796e+01 2.206935528875693819e+01 2.184105026203441113e+01 2.091184665446787960e+01 1.966251603780638746e+01 1.833736137889356144e+01 1.699569119374265824e+01 1.569430633845089318e+01 1.446714795811266185e+01 1.331524587549117733e+01 1.223955836485685111e+01 1.125347823255622437e+01 1.026592106338562616e+01 9.331992310007819924e+00 8.456156177781437577e+00 7.638043122643712657e+00
1.318128656769349050e+01 1.186880110477680539e+01 1.076593649730264524e+01 9.940025144637571586e+00 8.766559873178618290e+00 7.423488913244305820e+00 7.995822779928867696e+00 8.010429337037654918e+00 8.908978493435364854e+00 9.631306812294669228e+00 1.030894229780640003e+01 1.100186396346070694e+01 1.171199007163249028e+01 1.245092713336614842e+01 1.317089821909892322e+01 1.391854906729867380e+01 1.457976122905336425e+01 1.572799447929996752e+01 1.700097292980057517e+01 1.838071366704529197e+01 1.976898159815055678e+01 2.096569717011662703e+01 2.162993923262047247e+01 2.138899011236170722e+01 2.038954364999357693e+01 1.902887085326520378e+01 1.755654382132093971e+01 1.610082760398828228e+01 1.468604317662296843e+01 1.341375761287422996e+01 1.223097328278152673e+01 1.112889001137360800e+01 1.009988925098703483e+01 9.138683756196536834e+00 8.237782408360473596e+00 7.397306845710396317e+00 6.622115355025414374e+00
1.340985333162555371e+01 1.257729936470155785e+01 1.156566222567535362e+01 1.059244767236186568e+01 9.511954705321548076e+00 8.409164933853064738e+00 7.227555810409439729e+00 7.872336669996539804e+00 8.335930271954051562e+00 8.900350635333122540e+00 9.514653300076595599e+00 1.016622403553129672e+01 1.086800256658491470e+01 1.158718219399567673e+01 1.207230420266234461e+01 1.302196647037591326e+01 1.441452334155372306e+01 1.576858381920667362e+01 1.715048463613033292e+01 1.854507578439685389e+01 1.985589863760428742e+01 2.088689734670053610e+01 2.131942270239566994e+01 2.103195451870582744e+01 2.022791107697293356e+01 1.909139169257282020e+01 1.783835824317176133e+01 1.657225567813144451e+01 1.546506996342923124e+01 1.427195119510943400e+01 1.310778689249262818e+01 1.198921809273429950e+01 1.092099319932051316e+01 9.895413602497654892e+00 8.902174055858614210e+00 7.915703346507165783e+00 6.883650387274932392e+00
1.359108159566780749e+01 1.278678142563822107e+01 1.193737406106984977e+01 1.102504618632107025e+01 1.001885998459059479e+01 8.965231722690004901e+00 7.954932708299044641e+00 7.058402689899902605e+00 7.529514610114294015e+00 8.057073755267529336e+00 8.647288642533101921e+00 9.297401911007773023e+00 1.001333872845302331e+01 1.081833838369077228e+01 1.194477956170306321e+01 1.311706201670592620e+01 1.441227115408520021e+01 1.580329195620874572e+01 1.723754937738836901e+01 1.866387414012532986e+01 1.992361504111542203e+01 2.075794620700949267e+01 2.093265431969725299e+01 2.049426653298736056e+01 1.977049808544196097e+01 1.891096470379551420e+01 1.790105776021715656e+01 1.680258193219884433e+01 1.568780991097863797e+01 1.451809856723334491e+01 1.333808484251077076e+01 1.218061269948030834e+01 1.106179701084446876e+01 9.962907380983589078e+00 8.879790112227649246e+00 7.805060739304639839e+00 6.736087971206209168e+00
1.301082583939314041e+01 1.233024393167215393e+01 1.169041995113218668e+01 1.090739746022008383e+01 9.946470196394935570e+00 8.858175837196530011e+00 7.801161623922365784e+00 6.927194055509776405e+00 8.187189832627534969e+00 9.064967049575125557e+00 9.773560229782560782e+00 1.048563160358809121e+01 1.123932482648667275e+01 1.206924186993503056e+01 1.303794834500044963e+01 1.417752843468311319e+01 1.542536807721478098e+01 1.669268578681916182e+01 1.799771127738718945e+01 1.915937664981624522e+01 2.011890292165989891e+01 2.057165712171265781e+01 2.042413194755927819e+01 1.982207989673140958e+01 1.901844739691394182e+01 1.819819359350988464e+01 1.740712326821410016e+01 1.660536620691626908e+01 1.569394400245761290e+01 1.461185986379157953e+01 1.344404965334355317e+01 1.226334016600632459e+01 1.117989972936782195e+01 1.006231692271187228e+01 8.955080223270584838e+00 7.861168372141772664e+00 6.736317941922167485e+00
1.205313744548587884e+01 1.135335826386690528e+01 1.089849664898929582e+01 1.032380339260523172e+01 9.413392925395534405e+00 8.183762307076769105e+00 6.733425526057880361e+00 7.819786741212580772e+00 8.942439938478074168e+00 9.925587711297298554e+00 1.078397951119403331e+01 1.157414033455212277e+01 1.238667897643097859e+01 1.324358336761673982e+01 1.417715720637722221e+01 1.521145441809992604e+01 1.637569829315696168e+01 1.757914456342052389e+01 1.867331397582217534e+01 1.962076097409294562e+01 2.017194403785935108e+01 2.019592895078690731e+01 1.970770868272799348e+01 1.899262370966833302e+01 1.812029178544671382e+01 1.724444210043509784e+01 1.646799174899123841e+01 1.580976507364117722e+01 1.522792748441611010e+01 1.438734324280488153e+01 1.328424747843923193e+01 1.203648046012928319e+01 1.063427791841295011e+01 9.526902504180345232e+00 8.384741648258158264e+00 7.307036420567609269e+00 6.360654445177957861e+00
1.085625058400763798e+01 1.000922602003976714e+01 9.877524551621561955e+00 9.608770135455145578e+00 8.839401811536456322e+00 7.899602178785343654e+00 6.611347545033892992e+00 7.940500694726213560e+00 9.255387689345601743e+00 1.051231908858435382e+01 1.160989960647769870e+01 1.254384541798478381e+01 1.342232582763793935e+01 1.432877535133465585e+01 1.526793899048424308e+01 1.624849208929054356e+01 1.726934887974678645e+01 1.833161747366954231e+01 1.927519088233752598e+01 1.986814764092739694e+01 1.999509697691802046e+01 1.963817454566757092e+01 1.889649387915761380e+01 1.799589738508262826e+01 1.709782449138617721e+01 1.618886959195155484e+01 1.535375903990104263e+01 1.465274711493139037e+01 1.451407443101768280e+01 1.379734024247260393e+01 1.269045609172062861e+01 1.139858511957495146e+01 1.004006658610463631e+01 8.686439272064763628e+00 7.466061015656446642e+00 6.329198084262778856e+00 5.238824810935489573e+00
1.080922796966620325e+01 9.791745742989458989e+00 8.744233353857843838e+00 8.710076258399265470e+00 8.148404450190417592e+00 7.300179196165744067e+00 6.476487100063359925e+00 7.815645634667707675e+00 9.293483028398789259e+00 1.066395873045720144e+01 1.195497162224788035e+01 1.316962207083749625e+01 1.425444765609619502e+01 1.522468314738039297e+01 1.620405192659301363e+01 1.716797001795337607e+01 1.809555649743034067e+01 1.894251665363062997e+01 1.963170998515460752e+01 1.986237639592627247e+01 1.956936862181326120e+01 1.885790588576142213e+01 1.797072693179593372e+01 1.695334484181687174e+01 1.595870412843235719e+01 1.506284095981290250e+01 1.420206271179737811e+01 1.341827093230231860e+01 1.363149378886116914e+01 1.334143284015787501e+01 1.252109734307672007e+01 1.137780586994159115e+01 1.011139008735322520e+01 8.820847397956036673e+00 7.564144669126001475e+00 6.342930568399926194e+00 5.120177199175339311e+00
1.068709156292327123e+01 9.640833136512977575e+00 8.637429395165133528e+00 7.642738582753589860e+00 7.396428656857527706e+00 6.293837959106616253e+00 7.300635901736548306e+00 8.417792670675744660e+00 9.507737642428462976e+00 1.075049924605202811e+01 1.203148546291383170e+01 1.331181718423312610e+01 1.455568018440027522e+01 1.574564417403398053e+01 1.682503671538351853e+01 1.781193531838067656e+01 1.868705663460612243e+01 1.937764771194479607e+01 1.975481082898835439e+01 1.960436815046966430e+01 1.892938226996814421e+01 1.801287798376467819e+01 1.692096222009435280e+01 1.584592945682490495e+01 1.479623198003760720e+01 1.387172770295321556e+01 1.304922584391494489e+01 1.220655348008089724e+01 1.275234393620012163e+01 1.269442372287488041e+01 1.204317069204139123e+01 1.112790670770390378e+01 9.995251443814394676e+00 8.779618589828070085e+00 7.549857435678053008e+00 6.296573223405349751e+00 5.003531928051295097e+00
1.054330336544956914e+01 9.498676709304673338e+00 8.518184933910919909e+00 7.594621776334004259e+00 6.722288957055070568e+00 6.190360968087725624e+00 7.260883365529038791e+00 8.369876205607265973e+00 9.527315966280555770e+00 1.074448240778559516e+01 1.200259317321663488e+01 1.327589225403574602e+01 1.453722408361664975e+01 1.575848103599639849e+01 1.689882053198923018e+01 1.793428098341545862e+01 1.881932736694058050e+01 1.943218315133673002e+01 1.960551801434233354e+01 1.918863536862373920e+01 1.826018231572895445e+01 1.709640276226570776e+01 1.589484510451394605e+01 1.467238284574848528e+01 1.357489490975514279e+01 1.263655989832812843e+01 1.191554552061834649e+01 1.109301801606945048e+01 1.182092620743699030e+01 1.194190303159374267e+01 1.142061155234556757e+01 1.047239114214237610e+01 9.374202823133570561e+00 8.156435327524835799e+00 6.952723489112266009e+00 5.890616880368273911e+00 4.882590128048613032e+00
