output_new_topo_ddd_6/finaltopo_surface_water__discharge.asc
ncols 300
nrows 100
xllcorner 0.0
yllcorner 0.0
cellsize 10.0
[rows 51 to 67 of 100, columns 0 to 36 of 300]
0.000000000000000000e+00 9.840000000000000000e+03 8.000000000000000000e+01 1.600000000000000000e+02 3.200000000000000000e+02 2.400000000000000000e+02 1.600000000000000000e+02 1.600000000000000000e+02 8.000000000000000000e+01 8.000000000000000000e+01 8.000000000000000000e+01 8.000000000000000000e+01 1.600000000000000000e+02 1.600000000000000000e+02 2.400000000000000000e+02 2.400000000000000000e+02 3.200000000000000000e+02 3.200000000000000000e+02 4.000000000000000000e+02 4.000000000000000000e+02 4.800000000000000000e+02 4.800000000000000000e+02 5.600000000000000000e+02 6.400000000000000000e+02 6.400000000000000000e+02 4.720000000000000000e+03 8.000000000000000000e+02 8.000000000000000000e+01 1.600000000000000000e+03 6.400000000000000000e+02 4.800000000000000000e+02 3.200000000000000000e+02 1.600000000000000000e+02 2.400000000000000000e+02 8.000000000000000000e+01 4.000000000000000000e+02 2.275200000000000000e+05
0.000000000000000000e+00 1.016000000000000000e+04 2.400000000000000000e+02 4.000000000000000000e+02 3.200000000000000000e+02 2.400000000000000000e+02 2.400000000000000000e+02 1.600000000000000000e+02 1.600000000000000000e+02 8.000000000000000000e+01 8.000000000000000000e+01 8.000000000000000000e+01 8.000000000000000000e+01 1.600000000000000000e+02 1.600000000000000000e+02 2.400000000000000000e+02 2.400000000000000000e+02 3.200000000000000000e+02 3.200000000000000000e+02 4.000000000000000000e+02 4.000000000000000000e+02 4.800000000000000000e+02 5.600000000000000000e+02 5.600000000000000000e+02 6.400000000000000000e+02 4.000000000000000000e+03 7.200000000000000000e+02 8.000000000000000000e+01 1.440000000000000000e+03 5.600000000000000000e+02 4.000000000000000000e+02 2.400000000000000000e+02 8.000000000000000000e+01 1.600000000000000000e+02 3.200000000000000000e+02 4.800000000000000000e+02 8.000000000000000000e+02
0.000000000000000000e+00 1.072000000000000000e+04 4.800000000000000000e+02 4.000000000000000000e+02 3.200000000000000000e+02 3.200000000000000000e+02 2.400000000000000000e+02 2.400000000000000000e+02 1.600000000000000000e+02 1.600000000000000000e+02 8.000000000000000000e+01 8.000000000000000000e+01 8.000000000000000000e+01 8.000000000000000000e+01 1.600000000000000000e+02 1.600000000000000000e+02 2.400000000000000000e+02 2.400000000000000000e+02 3.200000000000000000e+02 3.200000000000000000e+02 4.000000000000000000e+02 4.800000000000000000e+02 4.800000000000000000e+02 5.600000000000000000e+02 5.600000000000000000e+02 3.360000000000000000e+03 6.400000000000000000e+02 8.000000000000000000e+01 1.280000000000000000e+03 4.800000000000000000e+02 3.200000000000000000e+02 1.600000000000000000e+02 8.000000000000000000e+01 2.400000000000000000e+02 4.000000000000000000e+02 7.200000000000000000e+02 5.600000000000000000e+02
0.000000000000000000e+00 1.080000000000000000e+04 4.800000000000000000e+02 4.000000000000000000e+02 4.000000000000000000e+02 3.200000000000000000e+02 3.200000000000000000e+02 2.400000000000000000e+02 2.400000000000000000e+02 1.600000000000000000e+02 1.600000000000000000e+02 8.000000000000000000e+01 8.000000000000000000e+01 8.000000000000000000e+01 8.000000000000000000e+01 1.600000000000000000e+02 1.600000000000000000e+02 2.400000000000000000e+02 2.400000000000000000e+02 3.200000000000000000e+02 4.000000000000000000e+02 4.000000000000000000e+02 4.800000000000000000e+02 4.800000000000000000e+02 5.600000000000000000e+02 2.720000000000000000e+03 5.600000000000000000e+02 8.000000000000000000e+01 1.120000000000000000e+03 4.000000000000000000e+02 2.400000000000000000e+02 8.000000000000000000e+01 1.600000000000000000e+02 3.200000000000000000e+02 6.400000000000000000e+02 4.800000000000000000e+02 4.800000000000000000e+02
0.000000000000000000e+00 1.136000000000000000e+04 4.800000000000000000e+02 4.800000000000000000e+02 4.000000000000000000e+02 4.000000000000000000e+02 3.200000000000000000e+02 3.200000000000000000e+02 2.400000000000000000e+02 2.400000000000000000e+02 1.600000000000000000e+02 1.600000000000000000e+02 8.000000000000000000e+01 8.000000000000000000e+01 8.000000000000000000e+01 8.000000000000000000e+01 1.600000000000000000e+02 1.600000000000000000e+02 2.400000000000000000e+02 3.200000000000000000e+02 3.200000000000000000e+02 4.000000000000000000e+02 4.000000000000000000e+02 4.800000000000000000e+02 4.800000000000000000e+02 2.160000000000000000e+03 4.800000000000000000e+02 4.000000000000000000e+02 6.400000000000000000e+02 3.200000000000000000e+02 1.600000000000000000e+02 8.000000000000000000e+01 2.400000000000000000e+02 5.600000000000000000e+02 4.000000000000000000e+02 4.000000000000000000e+02 3.200000000000000000e+02
0.000000000000000000e+00 8.000000000000000000e+01 1.240000000000000000e+04 4.800000000000000000e+02 4.800000000000000000e+02 4.000000000000000000e+02 4.000000000000000000e+02 3.200000000000000000e+02 3.200000000000000000e+02 2.400000000000000000e+02 2.400000000000000000e+02 1.600000000000000000e+02 1.600000000000000000e+02 8.000000000000000000e+01 8.000000000000000000e+01 8.000000000000000000e+01 8.000000000000000000e+01 1.600000000000000000e+02 2.400000000000000000e+02 2.400000000000000000e+02 3.200000000000000000e+02 3.200000000000000000e+02 4.000000000000000000e+02 4.000000000000000000e+02 4.000000000000000000e+02 1.680000000000000000e+03 4.000000000000000000e+02 3.200000000000000000e+02 5.600000000000000000e+02 2.400000000000000000e+02 8.000000000000000000e+01 1.600000000000000000e+02 4.800000000000000000e+02 3.200000000000000000e+02 3.200000000000000000e+02 2.400000000000000000e+02 2.400000000000000000e+02
0.000000000000000000e+00 8.000000000000000000e+01 1.312000000000000000e+04 5.600000000000000000e+02 4.800000000000000000e+02 4.800000000000000000e+02 4.000000000000000000e+02 4.000000000000000000e+02 3.200000000000000000e+02 3.200000000000000000e+02 2.400000000000000000e+02 2.400000000000000000e+02 1.600000000000000000e+02 1.600000000000000000e+02 8.000000000000000000e+01 8.000000000000000000e+01 8.000000000000000000e+01 1.600000000000000000e+02 1.600000000000000000e+02 2.400000000000000000e+02 2.400000000000000000e+02 3.200000000000000000e+02 3.200000000000000000e+02 3.200000000000000000e+02 3.200000000000000000e+02 1.280000000000000000e+03 3.200000000000000000e+02 2.400000000000000000e+02 4.800000000000000000e+02 1.600000000000000000e+02 8.000000000000000000e+01 4.000000000000000000e+02 2.400000000000000000e+02 2.400000000000000000e+02 1.600000000000000000e+02 1.600000000000000000e+02 8.000000000000000000e+01
0.000000000000000000e+00 8.000000000000000000e+01 1.600000000000000000e+02 1.424000000000000000e+04 5.600000000000000000e+02 4.800000000000000000e+02 4.800000000000000000e+02 4.000000000000000000e+02 4.000000000000000000e+02 3.200000000000000000e+02 3.200000000000000000e+02 2.400000000000000000e+02 2.400000000000000000e+02 1.600000000000000000e+02 1.600000000000000000e+02 8.000000000000000000e+01 8.000000000000000000e+01 8.000000000000000000e+01 1.600000000000000000e+02 1.600000000000000000e+02 2.400000000000000000e+02 2.400000000000000000e+02 2.400000000000000000e+02 2.400000000000000000e+02 3.200000000000000000e+02 8.800000000000000000e+02 2.400000000000000000e+02 1.600000000000000000e+02 4.000000000000000000e+02 8.000000000000000000e+01 3.200000000000000000e+02 1.600000000000000000e+02 1.600000000000000000e+02 8.000000000000000000e+01 8.000000000000000000e+01 8.000000000000000000e+01 1.600000000000000000e+02
0.000000000000000000e+00 8.000000000000000000e+01 1.600000000000000000e+02 1.480000000000000000e+04 1.120000000000000000e+03 5.600000000000000000e+02 4.800000000000000000e+02 4.800000000000000000e+02 4.000000000000000000e+02 4.000000000000000000e+02 3.200000000000000000e+02 3.200000000000000000e+02 2.400000000000000000e+02 2.400000000000000000e+02 1.600000000000000000e+02 8.000000000000000000e+01 8.000000000000000000e+01 8.000000000000000000e+01 8.000000000000000000e+01 1.600000000000000000e+02 1.600000000000000000e+02 1.600000000000000000e+02 1.600000000000000000e+02 2.400000000000000000e+02 2.400000000000000000e+02 5.600000000000000000e+02 1.600000000000000000e+02 8.000000000000000000e+01 3.200000000000000000e+02 2.400000000000000000e+02 8.000000000000000000e+01 8.000000000000000000e+01 8.000000000000000000e+01 1.600000000000000000e+02 2.400000000000000000e+02 3.200000000000000000e+02 4.000000000000000000e+02
0.000000000000000000e+00 8.000000000000000000e+01 1.600000000000000000e+02 8.000000000000000000e+01 1.664000000000000000e+04 5.600000000000000000e+02 5.600000000000000000e+02 4.800000000000000000e+02 4.800000000000000000e+02 4.000000000000000000e+02 4.000000000000000000e+02 3.200000000000000000e+02 3.200000000000000000e+02 2.400000000000000000e+02 1.600000000000000000e+02 1.600000000000000000e+02 8.000000000000000000e+01 8.000000000000000000e+01 8.000000000000000000e+01 8.000000000000000000e+01 8.000000000000000000e+01 8.000000000000000000e+01 1.600000000000000000e+02 1.600000000000000000e+02 1.600000000000000000e+02 3.200000000000000000e+02 8.000000000000000000e+01 2.400000000000000000e+02 1.600000000000000000e+02 8.000000000000000000e+01 1.600000000000000000e+02 2.400000000000000000e+02 3.200000000000000000e+02 4.000000000000000000e+02 4.800000000000000000e+02 5.600000000000000000e+02 6.400000000000000000e+02
0.000000000000000000e+00 8.000000000000000000e+01 1.600000000000000000e+02 2.400000000000000000e+02 3.200000000000000000e+02 1.784000000000000000e+04 5.600000000000000000e+02 5.600000000000000000e+02 4.800000000000000000e+02 4.800000000000000000e+02 4.000000000000000000e+02 4.000000000000000000e+02 3.200000000000000000e+02 2.400000000000000000e+02 2.400000000000000000e+02 1.600000000000000000e+02 1.600000000000000000e+02 8.000000000000000000e+01 8.000000000000000000e+01 8.000000000000000000e+01 8.000000000000000000e+01 8.000000000000000000e+01 8.000000000000000000e+01 8.000000000000000000e+01 8.000000000000000000e+01 1.600000000000000000e+02 1.600000000000000000e+02 8.000000000000000000e+01 8.000000000000000000e+01 1.600000000000000000e+02 8.000000000000000000e+01 8.000000000000000000e+01 8.000000000000000000e+01 8.000000000000000000e+01 8.000000000000000000e+01 8.000000000000000000e+01 8.000000000000000000e+01
0.000000000000000000e+00 8.000000000000000000e+01 1.600000000000000000e+02 2.400000000000000000e+02 3.200000000000000000e+02 1.912000000000000000e+04 6.400000000000000000e+02 5.600000000000000000e+02 5.600000000000000000e+02 4.800000000000000000e+02 4.800000000000000000e+02 4.000000000000000000e+02 3.200000000000000000e+02 3.200000000000000000e+02 2.400000000000000000e+02 2.400000000000000000e+02 1.600000000000000000e+02 8.000000000000000000e+01 8.000000000000000000e+01 1.600000000000000000e+02 1.600000000000000000e+02 1.600000000000000000e+02 8.000000000000000000e+01 8.000000000000000000e+01 8.000000000000000000e+01 8.000000000000000000e+01 8.000000000000000000e+01 1.600000000000000000e+02 2.400000000000000000e+02 3.200000000000000000e+02 5.600000000000000000e+02 7.200000000000000000e+02 8.800000000000000000e+02 1.600000000000000000e+02 1.600000000000000000e+02 1.600000000000000000e+02 1.600000000000000000e+02
0.000000000000000000e+00 8.000000000000000000e+01 8.000000000000000000e+01 1.600000000000000000e+02 2.400000000000000000e+02 2.008000000000000000e+04 4.800000000000000000e+03 4.160000000000000000e+03 3.520000000000000000e+03 2.960000000000000000e+03 2.400000000000000000e+03 1.920000000000000000e+03 1.520000000000000000e+03 1.120000000000000000e+03 8.000000000000000000e+02 4.800000000000000000e+02 2.400000000000000000e+02 8.000000000000000000e+01 8.000000000000000000e+01 1.600000000000000000e+02 2.400000000000000000e+02 2.400000000000000000e+02 3.200000000000000000e+02 1.600000000000000000e+02 8.000000000000000000e+01 8.000000000000000000e+01 8.000000000000000000e+01 1.600000000000000000e+02 2.400000000000000000e+02 3.200000000000000000e+02 4.000000000000000000e+02 4.800000000000000000e+02 5.600000000000000000e+02 1.520000000000000000e+03 1.760000000000000000e+03 2.000000000000000000e+03 2.400000000000000000e+03
0.000000000000000000e+00 8.000000000000000000e+01 1.600000000000000000e+02 8.000000000000000000e+01 8.000000000000000000e+01 2.504000000000000000e+04 8.800000000000000000e+02 8.000000000000000000e+02 7.200000000000000000e+02 6.400000000000000000e+02 5.600000000000000000e+02 4.800000000000000000e+02 4.000000000000000000e+02 3.200000000000000000e+02 2.400000000000000000e+02 1.600000000000000000e+02 8.000000000000000000e+01 8.000000000000000000e+01 8.000000000000000000e+01 1.600000000000000000e+02 2.400000000000000000e+02 3.200000000000000000e+02 8.000000000000000000e+02 1.600000000000000000e+02 1.600000000000000000e+02 8.000000000000000000e+01 8.000000000000000000e+01 1.600000000000000000e+02 2.400000000000000000e+02 3.200000000000000000e+02 4.000000000000000000e+02 4.800000000000000000e+02 5.600000000000000000e+02 6.400000000000000000e+02 7.200000000000000000e+02 8.000000000000000000e+02 8.800000000000000000e+02
0.000000000000000000e+00 8.000000000000000000e+01 2.400000000000000000e+02 4.800000000000000000e+02 6.400000000000000000e+02 2.752000000000000000e+04 8.800000000000000000e+02 8.000000000000000000e+02 7.200000000000000000e+02 6.400000000000000000e+02 5.600000000000000000e+02 4.800000000000000000e+02 4.000000000000000000e+02 3.200000000000000000e+02 2.400000000000000000e+02 1.600000000000000000e+02 8.000000000000000000e+01 8.000000000000000000e+01 1.600000000000000000e+02 1.600000000000000000e+02 2.400000000000000000e+02 3.200000000000000000e+02 1.360000000000000000e+03 2.400000000000000000e+02 1.600000000000000000e+02 8.000000000000000000e+01 8.000000000000000000e+01 8.000000000000000000e+01 1.600000000000000000e+02 2.400000000000000000e+02 3.200000000000000000e+02 4.000000000000000000e+02 4.800000000000000000e+02 5.600000000000000000e+02 6.400000000000000000e+02 7.200000000000000000e+02 8.000000000000000000e+02
0.000000000000000000e+00 8.000000000000000000e+01 8.000000000000000000e+01 1.600000000000000000e+02 2.400000000000000000e+02 2.864000000000000000e+04 8.000000000000000000e+02 7.200000000000000000e+02 6.400000000000000000e+02 5.600000000000000000e+02 4.800000000000000000e+02 4.000000000000000000e+02 3.200000000000000000e+02 2.400000000000000000e+02 1.600000000000000000e+02 8.000000000000000000e+01 8.000000000000000000e+01 8.000000000000000000e+01 1.600000000000000000e+02 2.400000000000000000e+02 2.400000000000000000e+02 3.200000000000000000e+02 2.000000000000000000e+03 2.400000000000000000e+02 1.600000000000000000e+02 1.600000000000000000e+02 8.000000000000000000e+01 8.000000000000000000e+01 1.600000000000000000e+02 2.400000000000000000e+02 3.200000000000000000e+02 4.000000000000000000e+02 4.800000000000000000e+02 5.600000000000000000e+02 6.400000000000000000e+02 7.200000000000000000e+02 8.000000000000000000e+02
0.000000000000000000e+00 8.000000000000000000e+01 1.600000000000000000e+02 8.000000000000000000e+01 1.600000000000000000e+02 2.896000000000000000e+04 8.000000000000000000e+01 8.000000000000000000e+01 8.000000000000000000e+01 8.000000000000000000e+01 8.000000000000000000e+01 8.000000000000000000e+01 2.400000000000000000e+02 1.600000000000000000e+02 8.000000000000000000e+01 8.000000000000000000e+01 8.000000000000000000e+01 1.600000000000000000e+02 1.600000000000000000e+02 2.400000000000000000e+02 3.200000000000000000e+02 3.200000000000000000e+02 2.640000000000000000e+03 2.400000000000000000e+02 2.400000000000000000e+02 1.600000000000000000e+02 8.000000000000000000e+01 8.000000000000000000e+01 1.600000000000000000e+02 2.400000000000000000e+02 3.200000000000000000e+02 4.000000000000000000e+02 4.800000000000000000e+02 5.600000000000000000e+02 6.400000000000000000e+02 7.200000000000000000e+02 8.000000000000000000e+02
