output_new_topo_ddd_6/finaltopo_soil__depth.asc
ncols 300
nrows 100
xllcorner 0.0
yllcorner 0.0
cellsize 10.0
[rows 0 to 16 of 100, columns 185 to 221 of 300]
0.000000000000000000e+00 0.000000000000000000e+00 0.000000000000000000e+00 0.000000000000000000e+00 0.000000000000000000e+00 0.000000000000000000e+00 0.000000000000000000e+00 0.000000000000000000e+00 0.000000000000000000e+00 0.000000000000000000e+00 0.000000000000000000e+00 0.000000000000000000e+00 0.000000000000000000e+00 0.000000000000000000e+00 0.000000000000000000e+00 0.000000000000000000e+00 0.000000000000000000e+00 0.000000000000000000e+00 0.000000000000000000e+00 0.000000000000000000e+00 0.000000000000000000e+00 0.000000000000000000e+00 0.000000000000000000e+00 0.000000000000000000e+00 0.000000000000000000e+00 0.000000000000000000e+00 0.000000000000000000e+00 0.000000000000000000e+00 0.000000000000000000e+00 0.000000000000000000e+00 0.000000000000000000e+00 0.000000000000000000e+00 0.000000000000000000e+00 0.000000000000000000e+00 0.000000000000000000e+00 0.000000000000000000e+00 0.000000000000000000e+00
7.582415256290758743e-02 7.597901551861499514e-02 7.563270494533308463e-02 7.500354786622774605e-02 7.413244451412200064e-02 7.426243706893187468e-02 7.431415223982193452e-02 7.481467521430061607e-02 7.527879506054421799e-02 7.509233726495356809e-02 7.489622931620411317e-02 7.483756906533849118e-02 7.483654869250670749e-02 7.485027768258901981e-02 7.486560817529921974e-02 7.493580259907386965e-02 7.443762035103658470e-02 7.400089961677541739e-02 7.442262528169524272e-02 7.460268756807642010e-02 7.452620797202953729e-02 7.440362275172672513e-02 7.428289139950790265e-02 7.418791478713587795e-02 7.413119241232844769e-02 7.411973045181240172e-02 7.415675031858291744e-02 7.423642220122703139e-02 7.432790910798296735e-02 7.434459972282207729e-02 7.412518338061006851e-02 7.471990395781097360e-02 7.773976037709190434e-02 7.850230679533498623e-02 7.901470362725011853e-02 7.973665892948350598e-02 7.973073370884171951e-02
8.183478606799549082e-02 8.015448860751259175e-02 7.929889939564931101e-02 7.810322333483338264e-02 7.574650574931750258e-02 7.786285311721213853e-02 7.801379876775431377e-02 7.609014667792340925e-02 7.925181914941889505e-02 8.085579954441468598e-02 7.893144629325180017e-02 7.892629635918811670e-02 7.903407135079951185e-02 7.916648405886662909e-02 7.926230879783638383e-02 8.110352236237036716e-02 7.845635948785815994e-02 7.616054892965061496e-02 8.098905366517322735e-02 7.898154901507381531e-02 7.874812436850929520e-02 7.854066518924568419e-02 7.838396510956230356e-02 7.827223476295677718e-02 7.819197802988470114e-02 7.812480318536918489e-02 7.803886981229364583e-02 7.786036699201846767e-02 7.739453637610160808e-02 7.612697310122729100e-02 7.095738499581365211e-02 7.612944503364987847e-02 8.626239634624362218e-02 8.379865603705656529e-02 8.338103361384865964e-02 8.598262329208346266e-02 8.378238866732096168e-02
8.653721724319966835e-02 8.342442401731775536e-02 8.190787745502303707e-02 7.666604972355942071e-02 7.869959446806994163e-02 8.065954074611103586e-02 8.084573437512339311e-02 7.925738577772620252e-02 7.810003212988725352e-02 8.572914612684381930e-02 8.172891207604143782e-02 8.185201818729712087e-02 8.210597346591679002e-02 8.237031603640476707e-02 8.251540609214590150e-02 8.615452286995810283e-02 7.734826169835948284e-02 7.954905522005974172e-02 8.648706862843034970e-02 8.227641869750310089e-02 8.195454695612719442e-02 8.170783778813851816e-02 8.154945854695755392e-02 8.143933121053231750e-02 8.133430979737442390e-02 8.118068755766151556e-02 8.088050204177289759e-02 8.021606914738763083e-02 7.871902888688114830e-02 7.331895674575331090e-02 7.434102185447803712e-02 7.695091980686739885e-02 8.380372793395964026e-02 9.148700618048172251e-02 8.810791525214269060e-02 9.178376308349352197e-02 8.662550283909128956e-02
9.143713733578527625e-02 8.446020688042987778e-02 8.014643597840680200e-02 7.666453291224045730e-02 8.093271320594717932e-02 8.264116572459377641e-02 8.278085306062822613e-02 8.145667106123072321e-02 7.858148002502446383e-02 8.809083625438077214e-02 8.350601660775348878e-02 8.374080162709884867e-02 8.417393821278243426e-02 8.460212637792627333e-02 8.507942043335567361e-02 8.828225073727659356e-02 7.778652418643206001e-02 8.156005551412395804e-02 9.012246252934159874e-02 8.438815439538788210e-02 8.410295688470392772e-02 8.392488014571682087e-02 8.383573859682785789e-02 8.375754749238314978e-02 8.361787303545104022e-02 8.329954426877045348e-02 8.256510514398524014e-02 8.099406858374130769e-02 7.597714763281368522e-02 7.685616962920795159e-02 7.555098576626867457e-02 7.757981380392930948e-02 8.324033731775827560e-02 8.854543772182106587e-02 9.453903191565278530e-02 9.709293594091504553e-02 8.844881969792217635e-02
8.599659300069195655e-02 8.275276302455984723e-02 7.996261242374592959e-02 7.697073040273012812e-02 8.260798476269216872e-02 8.400268307587421823e-02 8.401949211338517742e-02 8.290775822826546015e-02 7.875206801964226844e-02 8.955413722752823824e-02 8.452855334856033964e-02 8.487016064455048248e-02 8.552721602756123420e-02 8.602613232487221762e-02 8.760183736377463726e-02 8.979873287867484732e-02 7.739584793600887136e-02 8.256391918679430175e-02 9.199948855437706241e-02 8.542813426257643561e-02 8.531941803920493894e-02 8.533037928041342646e-02 8.534267288116108297e-02 8.528866829194088617e-02 8.505434022775341940e-02 8.440022612965537852e-02 8.290056458448483157e-02 7.814307100106000770e-02 7.927875338672980832e-02 7.784199725915935675e-02 7.568588667061905417e-02 7.834875847926098258e-02 8.350501993266473688e-02 8.768811388492553371e-02 9.162848017454520988e-02 1.019865631041163567e-01 8.962041722038556479e-02
8.477569662586438570e-02 8.261395939259813526e-02 7.741203723000050774e-02 7.921970510695965084e-02 8.382780596951217023e-02 8.493388642416607737e-02 8.474332239328233318e-02 8.380331183711885179e-02 7.874608287771851789e-02 9.046062989721424807e-02 8.499401734926377572e-02 8.544502556522198811e-02 8.645808977366668813e-02 8.634633165101418539e-02 9.443352504209592824e-02 8.102659268747317012e-02 7.817874462526291923e-02 8.301510454043675713e-02 9.228523290180336291e-02 8.531493876276510790e-02 8.567923018904077814e-02 8.580493886981939433e-02 8.587049363829356297e-02 8.581897227509555082e-02 8.545378141322650112e-02 8.443967133952746951e-02 8.042002108248334780e-02 8.563798991519956660e-02 8.186303677419237701e-02 7.704399288882540775e-02 7.514563603003111825e-02 7.964182771246521020e-02 8.434660896432052968e-02 8.777014865352739115e-02 9.086343337083827021e-02 1.032545813061193779e-01 9.012576181095947880e-02
8.466581251299899746e-02 8.053394123092033619e-02 7.713052240385948055e-02 8.086626745911325298e-02 8.477295012960883724e-02 8.561735521156037254e-02 8.505382556436548447e-02 8.548565972624068421e-02 7.858000581579883959e-02 9.101123579377416728e-02 8.496979015471817220e-02 8.700309867976983857e-02 8.746057440141097317e-02 8.649182002468573660e-02 9.401423982175109717e-02 7.806330005860201426e-02 8.634658255391952641e-02 7.680012692450638445e-02 1.002415215144167038e-01 9.783193618106862666e-02 9.835774202124082655e-02 9.824503161856946998e-02 9.793363638451949016e-02 9.732403396794808703e-02 9.614834576931777232e-02 9.428524315575831372e-02 9.333871557307592270e-02 8.317032053782610901e-02 7.889926042107411885e-02 7.560019482182479822e-02 7.611300955752771380e-02 8.132331168699501178e-02 8.551551917578198436e-02 8.828930480660873714e-02 9.070120337341623651e-02 1.035510328324790036e-01 9.022274591201534522e-02
8.285038558363336247e-02 8.023615945082748779e-02 7.679405299735636570e-02 8.220701306539335285e-02 8.555273996848633544e-02 8.623249674964658662e-02 8.571101399006381127e-02 7.735390560487698242e-02 8.756168516624149301e-02 9.132497358996874426e-02 8.524587850494011465e-02 7.834061434038223914e-02 9.114367881938678639e-02 8.604269065702974117e-02 1.012074596890449318e-01 9.808129037597530797e-02 9.865070089512952001e-02 1.010544184664595724e-01 8.355563606532089016e-02 7.865467896061617559e-02 7.878078161697200932e-02 8.083388250162251709e-02 8.183464580391673626e-02 8.229396183550163890e-02 8.230475809301618373e-02 8.201693065577381203e-02 7.947977863744659643e-02 8.165812073278522210e-02 7.661479106276830597e-02 7.395659296959805618e-02 7.756331929736115516e-02 8.376313918535298331e-02 8.654601234493151940e-02 8.882734019089413846e-02 9.071203659255082374e-02 1.035125089022652517e-01 9.000735910101420600e-02
8.254759026276430045e-02 7.990236364655323165e-02 7.688364581607973203e-02 8.333547688345453730e-02 8.619544332628299721e-02 8.675281884004189259e-02 8.628249173668563199e-02 7.726459611569412578e-02 8.088110306744683564e-02 9.308811424804167012e-02 8.511236942844228881e-02 7.841873015988273798e-02 9.090560881111865721e-02 1.020012659005827271e-01 7.890903733927578934e-02 7.622318613878514837e-02 7.682660067066370002e-02 7.783435296186233532e-02 7.937800026165094114e-02 7.845559748686475876e-02 7.716843293079188315e-02 7.688312283554746274e-02 7.954766733862563000e-02 8.023546827091775080e-02 8.021966741630531805e-02 7.984068117000453491e-02 7.912422067805169323e-02 7.565920599513532852e-02 7.475194059070701391e-02 7.540458652779888360e-02 7.884919363393987080e-02 8.386678172845346557e-02 8.778350654870613334e-02 8.911811754695490861e-02 9.063427067864975040e-02 1.033158188279225120e-01 8.999163598381136608e-02
8.225355209256635103e-02 7.745463938447272323e-02 7.899449498969636496e-02 8.423008222621272689e-02 8.670722107025638503e-02 8.718215960182004731e-02 8.676862027932660815e-02 7.710712369078896733e-02 8.075175855190008800e-02 9.315472604469138274e-02 8.506917076352100981e-02 7.711046393784926067e-02 1.011399250716665671e-01 7.896054070547862958e-02 7.718181494245918151e-02 7.707072897075056828e-02 8.445876367768485882e-02 8.410280121171195833e-02 8.443818494082379333e-02 8.407871333950622805e-02 8.277173223898920407e-02 8.031858227979676856e-02 7.752583745583067898e-02 7.717835124739023944e-02 7.704702224581631842e-02 7.671772678932187173e-02 7.611528362848396512e-02 7.518689685021905100e-02 7.552206883880754895e-02 7.738109709074908471e-02 8.181854274184879872e-02 8.382681067700413491e-02 8.709897758062465356e-02 8.957915570641281078e-02 9.010674741501727147e-02 1.035915711034378489e-01 8.145669831753665768e-02
8.042814411683230080e-02 7.744290359907624044e-02 8.056265455417288557e-02 8.495056668149275625e-02 8.711128230506287595e-02 8.753900186838634023e-02 8.720776245322442444e-02 7.689538724301575590e-02 8.055100087198709125e-02 9.324531333078006634e-02 8.554121579155574140e-02 7.614927128331948347e-02 9.837414652247922220e-02 7.784704235305085762e-02 8.057713258053057770e-02 9.226954798007991343e-02 8.921005807316756409e-02 8.847324402990086600e-02 8.806009819596172239e-02 8.764249642433419307e-02 8.689201773560262243e-02 8.554442061344277870e-02 8.327270226756927629e-02 8.096163715541382366e-02 7.850510826268186637e-02 7.585990832636216319e-02 7.526984181435254773e-02 7.684199745642235346e-02 7.981353883611697064e-02 7.861951391104049502e-02 8.227861690323712285e-02 8.546029030352883527e-02 8.647862580004680999e-02 8.863565343748701364e-02 9.020546065536362568e-02 1.029547061193314267e-01 8.123338217514355919e-02
8.117477880395558565e-02 7.761215121732602251e-02 8.177570543415060844e-02 8.552759380742214201e-02 8.742701638146233023e-02 8.783708630432858488e-02 8.763144545042177158e-02 7.666984345698790726e-02 8.030711932890241544e-02 9.313471090135161390e-02 8.615160745147165677e-02 7.699750520937724552e-02 9.995139956384840874e-02 9.435679702290625248e-02 9.581713768292304811e-02 9.055235317865434341e-02 8.898785566187333851e-02 8.783462462653728042e-02 8.698188421574389040e-02 8.617184786599413338e-02 8.516677328294978977e-02 8.376798186301442906e-02 8.183354598884537423e-02 7.940751532487878850e-02 7.655511008915577564e-02 7.576576982889650369e-02 7.955613269026651224e-02 8.087414285856493745e-02 8.317108947075485537e-02 8.174756070581649936e-02 8.023207172745602800e-02 8.524397784309556414e-02 8.743629348555134739e-02 8.791619502161031330e-02 8.950511451948177377e-02 1.027355890177010789e-01 8.111940649615832777e-02
8.216663131316689905e-02 7.761941303839903217e-02 8.270168660760142398e-02 8.599633023125821674e-02 8.766799119926536876e-02 8.807610673862506512e-02 8.792963598236025469e-02 7.864397322585486849e-02 7.782136268420648817e-02 9.268840190660986023e-02 8.562341669414236245e-02 1.010221461796279308e-01 8.688213289312443632e-02 8.722023166236540781e-02 8.746821455287145941e-02 8.791469865639323089e-02 8.773811181482837895e-02 8.735098774771951624e-02 8.683549135505505556e-02 8.613591493077793482e-02 8.512821348195293014e-02 8.366178375017158109e-02 8.160755935732882937e-02 7.895341639765486585e-02 7.596001641708942376e-02 7.945255836218806378e-02 8.320986507469782523e-02 8.387142567649735758e-02 8.559928006600135697e-02 8.414087549595632154e-02 8.013955031470193502e-02 8.327216947531172753e-02 8.698233932737102492e-02 8.855803198840264678e-02 8.890483769334006636e-02 1.026133881057087055e-01 8.116902310509577223e-02
8.044322820044652600e-02 7.723070882367254197e-02 8.347931784397216726e-02 8.640618608077621499e-02 8.783637248418205146e-02 8.827263569031973400e-02 8.808275708472616816e-02 8.021005559870354740e-02 7.732233758039515348e-02 9.148860344525168442e-02 9.986236223246330868e-02 8.640132993493439273e-02 8.662260026211202057e-02 8.657968488298418974e-02 8.658467933394671523e-02 8.662777864182620580e-02 8.655903038008366801e-02 8.632909974849407864e-02 8.587335238588146569e-02 8.509333277446490262e-02 8.384781258169970997e-02 8.199497497458091422e-02 7.944794556777307060e-02 7.636550396789243411e-02 7.715310987395786191e-02 7.942278360013553529e-02 8.760841596177268431e-02 8.585596576450296724e-02 8.723902239268604974e-02 8.595483500884336381e-02 8.035082642931029584e-02 8.306303931525084450e-02 8.524255346303206970e-02 8.800711797143868920e-02 8.932454553287116905e-02 1.024610528397235654e-01 8.129068983552056871e-02
7.902865787885630933e-02 7.732423579914705913e-02 8.421111560823923980e-02 8.678743944404543331e-02 8.790285113104492898e-02 8.845989587122900233e-02 8.796403750995460125e-02 8.150784244514160115e-02 7.752745339582513273e-02 1.005507074934100242e-01 8.524231471262301574e-02 8.563610763274789872e-02 8.573943197417772943e-02 8.583366515855157808e-02 8.590174177271882316e-02 8.593590555098426509e-02 8.586090877854257730e-02 8.560303945489858291e-02 8.502586854330218546e-02 8.400227071966891168e-02 8.234022722735134803e-02 7.994231859929039341e-02 7.680472407805777335e-02 7.600629709551251501e-02 7.865493636058294713e-02 8.283967106811040981e-02 8.987952719681373270e-02 8.723127066463923218e-02 8.826675260647731669e-02 8.719379784565195468e-02 8.275005585931682894e-02 8.072544924730518101e-02 8.520893105704224757e-02 8.643735102321187247e-02 8.861049775486520841e-02 1.020357275154344934e-01 8.123831521603180894e-02
8.074560850105778897e-02 7.827066672975974138e-02 8.470286669958425330e-02 8.714910763004160565e-02 8.778697941654645120e-02 8.874459032662466995e-02 8.736448312981001663e-02 8.159221208811355541e-02 1.033590824712223716e-01 9.327277842561526588e-02 9.468044029298092190e-02 9.503825039711955025e-02 9.507124141868886213e-02 9.483271797681891435e-02 9.452049055075914530e-02 9.383547139751251265e-02 9.299880706624462368e-02 9.152233754660071829e-02 8.973114176369550998e-02 8.690347028601370927e-02 8.374164161856957611e-02 7.944873105203947850e-02 7.588612469477225286e-02 7.743175273886183929e-02 8.190927322120779286e-02 8.358883999517408014e-02 9.187512922319650277e-02 8.825440878645268716e-02 8.880499071091391139e-02 8.797936847584830744e-02 8.447906857311192341e-02 8.080991343936583249e-02 8.375281859362725123e-02 8.677484196618751033e-02 8.631984504184063434e-02 1.003072356083627714e-01 1.038000893565788063e-01
