output_new_topo_ddd_6/finaltopo_flow__link_to_receiver_node.asc
ncols 300
nrows 100
xllcorner 0.0
yllcorner 0.0
cellsize 10.0
[rows 68 to 84 of 100, columns 37 to 73 of 300]
7.821200000000000000e+04 7.821400000000000000e+04 7.821600000000000000e+04 1.860900000000000000e+04 1.861000000000000000e+04 1.831100000000000000e+04 1.861100000000000000e+04 1.861200000000000000e+04 1.861300000000000000e+04 1.861400000000000000e+04 1.861500000000000000e+04 1.861600000000000000e+04 1.861700000000000000e+04 1.861800000000000000e+04 7.764000000000000000e+04 7.764200000000000000e+04 7.764400000000000000e+04 7.764600000000000000e+04 1.862400000000000000e+04 1.862500000000000000e+04 1.862600000000000000e+04 1.862700000000000000e+04 1.862800000000000000e+04 1.862900000000000000e+04 1.863000000000000000e+04 7.766500000000000000e+04 1.833200000000000000e+04 1.833300000000000000e+04 7.766800000000000000e+04 7.767000000000000000e+04 7.767500000000000000e+04 1.863700000000000000e+04 1.863800000000000000e+04 1.863900000000000000e+04 1.864000000000000000e+04 1.834100000000000000e+04 1.864100000000000000e+04
1.800700000000000000e+04 1.800800000000000000e+04 1.800900000000000000e+04 1.801000000000000000e+04 1.801100000000000000e+04 1.771200000000000000e+04 1.801200000000000000e+04 1.801300000000000000e+04 1.801400000000000000e+04 1.801500000000000000e+04 1.801600000000000000e+04 7.703600000000000000e+04 7.703800000000000000e+04 7.704000000000000000e+04 7.704200000000000000e+04 7.704400000000000000e+04 7.704600000000000000e+04 7.704800000000000000e+04 7.705000000000000000e+04 1.802600000000000000e+04 1.802700000000000000e+04 1.802800000000000000e+04 1.802900000000000000e+04 1.803000000000000000e+04 1.803100000000000000e+04 1.803200000000000000e+04 7.706900000000000000e+04 1.773400000000000000e+04 7.707000000000000000e+04 1.773600000000000000e+04 1.773700000000000000e+04 1.803800000000000000e+04 1.803900000000000000e+04 1.804000000000000000e+04 1.804100000000000000e+04 1.774200000000000000e+04 1.804200000000000000e+04
7.641900000000000000e+04 1.740900000000000000e+04 1.741000000000000000e+04 1.741100000000000000e+04 1.741200000000000000e+04 1.711300000000000000e+04 1.741300000000000000e+04 1.741400000000000000e+04 7.643200000000000000e+04 7.643400000000000000e+04 7.643600000000000000e+04 7.643800000000000000e+04 7.644000000000000000e+04 7.644200000000000000e+04 7.644400000000000000e+04 7.644600000000000000e+04 7.644800000000000000e+04 7.645000000000000000e+04 7.645200000000000000e+04 1.742700000000000000e+04 1.742800000000000000e+04 1.742900000000000000e+04 1.743000000000000000e+04 1.743100000000000000e+04 1.743200000000000000e+04 1.743300000000000000e+04 7.647100000000000000e+04 1.713500000000000000e+04 1.713600000000000000e+04 1.713700000000000000e+04 1.713800000000000000e+04 7.648100000000000000e+04 1.744000000000000000e+04 1.744100000000000000e+04 1.744200000000000000e+04 1.714300000000000000e+04 1.744300000000000000e+04
1.680900000000000000e+04 7.582300000000000000e+04 7.582500000000000000e+04 1.681200000000000000e+04 1.681300000000000000e+04 7.583100000000000000e+04 1.651500000000000000e+04 7.583200000000000000e+04 7.583400000000000000e+04 7.583600000000000000e+04 7.583800000000000000e+04 7.584000000000000000e+04 7.584200000000000000e+04 7.584400000000000000e+04 7.584600000000000000e+04 7.584800000000000000e+04 7.585000000000000000e+04 7.585200000000000000e+04 7.585400000000000000e+04 1.682800000000000000e+04 1.682900000000000000e+04 1.683000000000000000e+04 1.683100000000000000e+04 1.683200000000000000e+04 1.683300000000000000e+04 1.683400000000000000e+04 1.683500000000000000e+04 7.587500000000000000e+04 1.653700000000000000e+04 1.653800000000000000e+04 1.653900000000000000e+04 1.654000000000000000e+04 7.588500000000000000e+04 1.684200000000000000e+04 1.684300000000000000e+04 1.654400000000000000e+04 1.684400000000000000e+04
1.621000000000000000e+04 1.621100000000000000e+04 7.522700000000000000e+04 7.522900000000000000e+04 7.523100000000000000e+04 1.591500000000000000e+04 7.523200000000000000e+04 1.621600000000000000e+04 1.621700000000000000e+04 1.591900000000000000e+04 7.524000000000000000e+04 7.524200000000000000e+04 7.524400000000000000e+04 7.524600000000000000e+04 7.524800000000000000e+04 7.525000000000000000e+04 7.525200000000000000e+04 7.525400000000000000e+04 7.525600000000000000e+04 7.525800000000000000e+04 1.623000000000000000e+04 1.623100000000000000e+04 1.623200000000000000e+04 1.623300000000000000e+04 1.623400000000000000e+04 1.623500000000000000e+04 1.623600000000000000e+04 1.623700000000000000e+04 7.527900000000000000e+04 1.593900000000000000e+04 1.594000000000000000e+04 1.594100000000000000e+04 7.528700000000000000e+04 1.594300000000000000e+04 1.624400000000000000e+04 1.594500000000000000e+04 1.624500000000000000e+04
1.561100000000000000e+04 1.561200000000000000e+04 1.561300000000000000e+04 1.561400000000000000e+04 1.561500000000000000e+04 1.531600000000000000e+04 1.561600000000000000e+04 7.523500000000000000e+04 7.463800000000000000e+04 1.532000000000000000e+04 7.464200000000000000e+04 7.464400000000000000e+04 7.464600000000000000e+04 7.464800000000000000e+04 7.465000000000000000e+04 7.465200000000000000e+04 7.465400000000000000e+04 7.465600000000000000e+04 7.465800000000000000e+04 7.466000000000000000e+04 1.563100000000000000e+04 1.563200000000000000e+04 1.563300000000000000e+04 1.563400000000000000e+04 1.563500000000000000e+04 1.563600000000000000e+04 1.563700000000000000e+04 1.563800000000000000e+04 1.563900000000000000e+04 7.468300000000000000e+04 1.534100000000000000e+04 1.534200000000000000e+04 7.468900000000000000e+04 1.534400000000000000e+04 1.534500000000000000e+04 7.469200000000000000e+04 1.564600000000000000e+04
7.462400000000000000e+04 7.462600000000000000e+04 7.462800000000000000e+04 7.463000000000000000e+04 1.501600000000000000e+04 7.403700000000000000e+04 1.471800000000000000e+04 1.471900000000000000e+04 7.404000000000000000e+04 1.472100000000000000e+04 7.404400000000000000e+04 7.404600000000000000e+04 7.404800000000000000e+04 7.405000000000000000e+04 7.405200000000000000e+04 7.405400000000000000e+04 7.405600000000000000e+04 7.405800000000000000e+04 7.406000000000000000e+04 7.406200000000000000e+04 1.503200000000000000e+04 1.503300000000000000e+04 1.503400000000000000e+04 1.503500000000000000e+04 1.503600000000000000e+04 1.503700000000000000e+04 1.503800000000000000e+04 1.503900000000000000e+04 1.504000000000000000e+04 1.504100000000000000e+04 7.408700000000000000e+04 1.474300000000000000e+04 1.474400000000000000e+04 7.409000000000000000e+04 1.504500000000000000e+04 1.504600000000000000e+04 7.469500000000000000e+04
7.402600000000000000e+04 7.402800000000000000e+04 7.403000000000000000e+04 7.403200000000000000e+04 7.403400000000000000e+04 1.441800000000000000e+04 1.441900000000000000e+04 7.344300000000000000e+04 1.412100000000000000e+04 1.412200000000000000e+04 7.344600000000000000e+04 7.344800000000000000e+04 7.345000000000000000e+04 7.345200000000000000e+04 7.345400000000000000e+04 7.345600000000000000e+04 7.345800000000000000e+04 7.346000000000000000e+04 7.346200000000000000e+04 7.346400000000000000e+04 7.346600000000000000e+04 1.443400000000000000e+04 1.443500000000000000e+04 1.443600000000000000e+04 1.443700000000000000e+04 1.443800000000000000e+04 1.443900000000000000e+04 1.444000000000000000e+04 1.444100000000000000e+04 1.444200000000000000e+04 7.348900000000000000e+04 1.414400000000000000e+04 7.349000000000000000e+04 1.444500000000000000e+04 1.474600000000000000e+04 7.409500000000000000e+04 1.474800000000000000e+04
7.342800000000000000e+04 7.343000000000000000e+04 7.343200000000000000e+04 7.343400000000000000e+04 7.343600000000000000e+04 7.343800000000000000e+04 1.411900000000000000e+04 1.382100000000000000e+04 1.382200000000000000e+04 7.284900000000000000e+04 1.352400000000000000e+04 7.285000000000000000e+04 7.285200000000000000e+04 7.285400000000000000e+04 7.285600000000000000e+04 7.285800000000000000e+04 7.286000000000000000e+04 7.286200000000000000e+04 7.286400000000000000e+04 7.286600000000000000e+04 7.286800000000000000e+04 1.383500000000000000e+04 1.383600000000000000e+04 1.383700000000000000e+04 1.383800000000000000e+04 1.383900000000000000e+04 1.384000000000000000e+04 1.384100000000000000e+04 1.384200000000000000e+04 1.384300000000000000e+04 1.384400000000000000e+04 1.354500000000000000e+04 1.384500000000000000e+04 7.349300000000000000e+04 7.349500000000000000e+04 7.349700000000000000e+04 1.414900000000000000e+04
7.283000000000000000e+04 7.283200000000000000e+04 7.283400000000000000e+04 7.283600000000000000e+04 7.283800000000000000e+04 7.284000000000000000e+04 7.284200000000000000e+04 7.284400000000000000e+04 1.352200000000000000e+04 1.322400000000000000e+04 1.292500000000000000e+04 1.322500000000000000e+04 7.225400000000000000e+04 7.225600000000000000e+04 7.225800000000000000e+04 7.226000000000000000e+04 7.226200000000000000e+04 7.226400000000000000e+04 7.226600000000000000e+04 7.226800000000000000e+04 7.227000000000000000e+04 1.323600000000000000e+04 1.323700000000000000e+04 1.323800000000000000e+04 1.323900000000000000e+04 1.324000000000000000e+04 1.324100000000000000e+04 1.324200000000000000e+04 1.324300000000000000e+04 1.324400000000000000e+04 1.324500000000000000e+04 1.294600000000000000e+04 1.324600000000000000e+04 1.324700000000000000e+04 1.324800000000000000e+04 7.289900000000000000e+04 7.290100000000000000e+04
7.163500000000000000e+04 7.163700000000000000e+04 7.223600000000000000e+04 7.223800000000000000e+04 7.224000000000000000e+04 7.224200000000000000e+04 7.224400000000000000e+04 7.224600000000000000e+04 1.262400000000000000e+04 1.262500000000000000e+04 7.165500000000000000e+04 1.232700000000000000e+04 7.165600000000000000e+04 7.165800000000000000e+04 7.166000000000000000e+04 7.166200000000000000e+04 7.166400000000000000e+04 7.166600000000000000e+04 1.263300000000000000e+04 1.263400000000000000e+04 1.263500000000000000e+04 1.263700000000000000e+04 1.263800000000000000e+04 1.263900000000000000e+04 1.264000000000000000e+04 1.264100000000000000e+04 1.264200000000000000e+04 1.264300000000000000e+04 1.264400000000000000e+04 1.264500000000000000e+04 1.264600000000000000e+04 1.234700000000000000e+04 1.264700000000000000e+04 1.264800000000000000e+04 7.170000000000000000e+04 7.170200000000000000e+04 1.265100000000000000e+04
7.103700000000000000e+04 7.103900000000000000e+04 1.171900000000000000e+04 1.172000000000000000e+04 7.164200000000000000e+04 7.164400000000000000e+04 7.164600000000000000e+04 7.164800000000000000e+04 7.165000000000000000e+04 7.165200000000000000e+04 1.202700000000000000e+04 1.172800000000000000e+04 1.202800000000000000e+04 1.202900000000000000e+04 1.203000000000000000e+04 1.203100000000000000e+04 1.203200000000000000e+04 1.203300000000000000e+04 1.203400000000000000e+04 1.203500000000000000e+04 1.203600000000000000e+04 1.203800000000000000e+04 1.203900000000000000e+04 1.204000000000000000e+04 1.204100000000000000e+04 1.204200000000000000e+04 1.204300000000000000e+04 1.204400000000000000e+04 1.204500000000000000e+04 1.204600000000000000e+04 1.204700000000000000e+04 7.109900000000000000e+04 1.174900000000000000e+04 7.110000000000000000e+04 7.110200000000000000e+04 7.110400000000000000e+04 7.110600000000000000e+04
7.043900000000000000e+04 7.044100000000000000e+04 1.112000000000000000e+04 1.112100000000000000e+04 1.112200000000000000e+04 7.044900000000000000e+04 7.045100000000000000e+04 7.045300000000000000e+04 1.142600000000000000e+04 1.142700000000000000e+04 1.142800000000000000e+04 1.112900000000000000e+04 1.142900000000000000e+04 1.143000000000000000e+04 7.106300000000000000e+04 7.106500000000000000e+04 7.106700000000000000e+04 7.106900000000000000e+04 1.143500000000000000e+04 1.143600000000000000e+04 1.143700000000000000e+04 7.048100000000000000e+04 1.144000000000000000e+04 1.144100000000000000e+04 1.144200000000000000e+04 1.144300000000000000e+04 1.144400000000000000e+04 1.144500000000000000e+04 1.144600000000000000e+04 1.144700000000000000e+04 7.109600000000000000e+04 1.144900000000000000e+04 1.115000000000000000e+04 1.145000000000000000e+04 1.145100000000000000e+04 7.050600000000000000e+04 7.050800000000000000e+04
6.984100000000000000e+04 6.984300000000000000e+04 1.052100000000000000e+04 1.052200000000000000e+04 1.052300000000000000e+04 1.052400000000000000e+04 6.985300000000000000e+04 6.985500000000000000e+04 6.985700000000000000e+04 6.985900000000000000e+04 1.082900000000000000e+04 1.053000000000000000e+04 1.083000000000000000e+04 1.083100000000000000e+04 6.986600000000000000e+04 1.083300000000000000e+04 1.083400000000000000e+04 1.083500000000000000e+04 1.083600000000000000e+04 1.083700000000000000e+04 1.083800000000000000e+04 6.988300000000000000e+04 6.988500000000000000e+04 6.988700000000000000e+04 6.988900000000000000e+04 1.084400000000000000e+04 1.084500000000000000e+04 1.084600000000000000e+04 1.084700000000000000e+04 6.989900000000000000e+04 6.990100000000000000e+04 1.055000000000000000e+04 6.990200000000000000e+04 1.085100000000000000e+04 1.085200000000000000e+04 1.085300000000000000e+04 1.085400000000000000e+04
6.924300000000000000e+04 6.924500000000000000e+04 9.922000000000000000e+03 9.923000000000000000e+03 9.924000000000000000e+03 9.925000000000000000e+03 6.925500000000000000e+04 6.925700000000000000e+04 9.928000000000000000e+03 6.926100000000000000e+04 9.930000000000000000e+03 6.926200000000000000e+04 1.023100000000000000e+04 1.023200000000000000e+04 1.023300000000000000e+04 1.023400000000000000e+04 1.023500000000000000e+04 1.023600000000000000e+04 1.023700000000000000e+04 1.023800000000000000e+04 1.023900000000000000e+04 6.928500000000000000e+04 6.928700000000000000e+04 6.928900000000000000e+04 6.929100000000000000e+04 6.929300000000000000e+04 6.929500000000000000e+04 6.929700000000000000e+04 1.024800000000000000e+04 1.024900000000000000e+04 1.025000000000000000e+04 9.951000000000000000e+03 1.025100000000000000e+04 6.990500000000000000e+04 6.990700000000000000e+04 6.990900000000000000e+04 6.991100000000000000e+04
6.864500000000000000e+04 6.864700000000000000e+04 9.323000000000000000e+03 9.324000000000000000e+03 9.325000000000000000e+03 9.326000000000000000e+03 6.865700000000000000e+04 6.865900000000000000e+04 9.329000000000000000e+03 9.330000000000000000e+03 6.866200000000000000e+04 9.631000000000000000e+03 6.926500000000000000e+04 6.926700000000000000e+04 6.926900000000000000e+04 6.927100000000000000e+04 6.927300000000000000e+04 6.927500000000000000e+04 6.927700000000000000e+04 6.927900000000000000e+04 6.868500000000000000e+04 6.868700000000000000e+04 6.868900000000000000e+04 6.869100000000000000e+04 6.869300000000000000e+04 6.869500000000000000e+04 6.869700000000000000e+04 9.348000000000000000e+03 6.870100000000000000e+04 9.650000000000000000e+03 9.651000000000000000e+03 9.352000000000000000e+03 9.652000000000000000e+03 9.653000000000000000e+03 9.654000000000000000e+03 9.655000000000000000e+03 9.656000000000000000e+03
6.804700000000000000e+04 6.804900000000000000e+04 6.805100000000000000e+04 8.725000000000000000e+03 8.726000000000000000e+03 6.805400000000000000e+04 6.805900000000000000e+04 8.729000000000000000e+03 6.806000000000000000e+04 9.030000000000000000e+03 9.031000000000000000e+03 6.866500000000000000e+04 6.866700000000000000e+04 6.866900000000000000e+04 6.867100000000000000e+04 6.867300000000000000e+04 6.867500000000000000e+04 6.867700000000000000e+04 6.867900000000000000e+04 6.868100000000000000e+04 9.042000000000000000e+03 9.043000000000000000e+03 9.044000000000000000e+03 9.045000000000000000e+03 9.046000000000000000e+03 9.047000000000000000e+03 9.048000000000000000e+03 6.810100000000000000e+04 6.810300000000000000e+04 6.810500000000000000e+04 9.052000000000000000e+03 8.753000000000000000e+03 9.053000000000000000e+03 9.054000000000000000e+03 9.055000000000000000e+03 9.056000000000000000e+03 9.057000000000000000e+03
