output_new_topo_ddd_6/finaltopo_soil__depth.asc
ncols 300
nrows 100
xllcorner 0.0
yllcorner 0.0
cellsize 10.0
[rows 51 to 67 of 100, columns 111 to 147 of 300]
7.069102306797751811e-02 7.050992913258341543e-02 6.674282388937349819e-02 6.536081089305294245e-02 6.386808840911306628e-02 6.642304555748744510e-02 7.081052879005145240e-02 7.218099968928282095e-02 7.511104333146458034e-02 7.555292500697231850e-02 7.791535869619370391e-02 7.909275918781033532e-02 8.394839356374969586e-02 8.110560446159782721e-02 8.117628915082801544e-02 8.643613817472337035e-02 7.436141736162697746e-02 7.741711390290224870e-02 7.427624858801949725e-02 7.846052762049202101e-02 8.593076908292535121e-02 7.834287622369859316e-02 8.150698095687741729e-02 8.384534337615448529e-02 8.540472903773178859e-02 8.740408366258339834e-02 8.920451660545927752e-02 7.991584288558570282e-02 7.974777831159426955e-02 7.724002048503833540e-02 7.694763553336383954e-02 7.656488229528120304e-02 7.652240648793823263e-02 1.002371416736178855e-01 8.149434484535240941e-02 7.993881449639225756e-02 7.737248019737474891e-02
7.408010251778514299e-02 7.139452302411174178e-02 7.062366327198131566e-02 6.651018475408639052e-02 6.508065471913496158e-02 6.345620159233157642e-02 6.606825913863344224e-02 7.040451399033487156e-02 7.172336033514069287e-02 7.506038027987672889e-02 7.666088024896847153e-02 8.222772174127628009e-02 7.840867952160493481e-02 7.936093024227582060e-02 7.816890182095864725e-02 7.801647407800282874e-02 8.221017159136390084e-02 7.524173691317337376e-02 7.376470441997844130e-02 8.510656185912912619e-02 7.728006842267970411e-02 7.667002099240205482e-02 8.034281203669345339e-02 8.267266456608132752e-02 8.359548270932373737e-02 8.500746323466069898e-02 8.735359076172914683e-02 9.743455518933069603e-02 9.701577207059330910e-02 9.698083737686247208e-02 9.671712757648405490e-02 9.625190547633344362e-02 9.517426170930437523e-02 1.013774761334771402e-01 8.039547088358650617e-02 8.060136434049564036e-02 7.766491206757190902e-02
7.455554331506508703e-02 7.427353464425019702e-02 7.120454507178611281e-02 7.025279482448269774e-02 6.608621330942270056e-02 6.477789208131115584e-02 6.312090941734915805e-02 6.585818900376867735e-02 7.028374605255997831e-02 7.322865467686773266e-02 8.050683164650918044e-02 7.583606640648740682e-02 7.673016008377664399e-02 7.647258599958493830e-02 7.511022624718109719e-02 7.823899544317731991e-02 6.752892038172607359e-02 7.126759346314268107e-02 8.191964165270859688e-02 7.440226658665283210e-02 7.555270905049554786e-02 7.934826281512202817e-02 8.244950073223819564e-02 8.471479783986396450e-02 8.942312127360219076e-02 8.977492958951642510e-02 9.111600176352907532e-02 7.982428496378532468e-02 7.985293460997895665e-02 7.975672558779543786e-02 7.961211166320464327e-02 7.939125339402355874e-02 7.894844492300477634e-02 7.847559251342321740e-02 1.058965305260256423e-01 7.965557951468665854e-02 8.840931884501299076e-02
7.670029841967011819e-02 7.442406120910032008e-02 7.390516479086006729e-02 7.065747591648512127e-02 6.969693105128307864e-02 6.561855055383029878e-02 6.459033933178370823e-02 6.313741970555356020e-02 6.650166323382923628e-02 7.739814115093227032e-02 7.312831958139905109e-02 7.452679483444167585e-02 7.445811119105028020e-02 7.394056452568734117e-02 7.211244830814425577e-02 7.340953124397069096e-02 6.340896647046156964e-02 7.825828596476924748e-02 7.259747887263673372e-02 7.643959629291968705e-02 7.909656637209880325e-02 8.082551792759212761e-02 8.194091809807430016e-02 8.276680486382895219e-02 7.645479909071961622e-02 7.649814967857977710e-02 7.579962560224456913e-02 7.588334785938558036e-02 7.590442290587687268e-02 7.588138453447396126e-02 7.584218346306642600e-02 7.582944303083505311e-02 7.600007567386139751e-02 7.660308399286466785e-02 7.623097106265230849e-02 1.050001897982664190e-01 8.138771688687984618e-02
7.671287773003991617e-02 7.643406509772074364e-02 7.391206841066701172e-02 7.325025387345455996e-02 6.989149019248000472e-02 6.899745222404189693e-02 6.512644240259123085e-02 6.440717361880930747e-02 6.398933296303296880e-02 6.794679969379895101e-02 7.202942602772056946e-02 7.328350933509203413e-02 7.356980930884668424e-02 7.201074807195907701e-02 6.859892862866102947e-02 7.056271399003170852e-02 7.110144596742096201e-02 7.150581730017330218e-02 7.560784662137608192e-02 7.841111710422465908e-02 8.025158117876901587e-02 8.136890597614486464e-02 8.214734719241377492e-02 8.300934106208857077e-02 8.413678435490373753e-02 8.458833596279179134e-02 8.484454820926772001e-02 8.520743875425156044e-02 8.552370226905803285e-02 8.580070892618901768e-02 8.606968955149592315e-02 8.634609868921257203e-02 8.658980206967586968e-02 8.664367000823240683e-02 8.619037250075273215e-02 8.483295684929577363e-02 1.031419097882295688e-01
7.836898799828569129e-02 7.637364297602951269e-02 7.588274510522478866e-02 7.308392438611156783e-02 7.216590592619835653e-02 6.836303434875194707e-02 6.656892698457221591e-02 5.922954260899115225e-02 6.576171458344483300e-02 6.710592083004700281e-02 7.163022518179314180e-02 7.417266240739520122e-02 7.443590285533847883e-02 7.057479709810600410e-02 7.200701842681797582e-02 7.109680757432366993e-02 7.227793145758121263e-02 7.553285340719441410e-02 7.802114434787810193e-02 7.990564079919298957e-02 8.127015675806054107e-02 8.222265031241045297e-02 8.294686917612983934e-02 8.364096856842336003e-02 8.432923128404311297e-02 8.481602879213444302e-02 8.518876710902376082e-02 8.552802662374828224e-02 8.583864404847962870e-02 8.613010623458192128e-02 8.639544027958982741e-02 8.662482495361352453e-02 8.676785841403343580e-02 8.671136766334552881e-02 8.692831538339511332e-02 7.604897094465315477e-02 9.833719552049641210e-02
7.840647926302518611e-02 7.806396078648308867e-02 7.575277814535179288e-02 7.487117894325151513e-02 7.133211993336181778e-02 6.918295718945850770e-02 6.200178747289843140e-02 6.653015783304268294e-02 6.679856326381215792e-02 7.021341353615027925e-02 7.441681939072661289e-02 7.887519964414610452e-02 8.031686755678581202e-02 7.998568396694544225e-02 7.883852083291925661e-02 7.912898138021598471e-02 7.976852569570791474e-02 8.061736660717398750e-02 8.157639772234986930e-02 8.254078927537150667e-02 8.339456273685254273e-02 8.409353573136066351e-02 8.466231884309766142e-02 8.515355559155300680e-02 8.558253495317466597e-02 8.592268084447252097e-02 8.619413253572939804e-02 8.643339081787100586e-02 8.669041902282435819e-02 8.704137621005500480e-02 8.740146416484743941e-02 8.782512819523358161e-02 8.833658828344041758e-02 8.888432485509108194e-02 8.945659706076314333e-02 9.124270766966069424e-02 9.632882595560277039e-02
7.998395983001520271e-02 7.814329641738905485e-02 7.744288468231773359e-02 7.438532533502317801e-02 7.221110861021340366e-02 6.540463076004801590e-02 6.820537524568363874e-02 6.687633286947607114e-02 6.923120010263306146e-02 7.166209278558952067e-02 7.839694023781271226e-02 8.696666756293992828e-02 9.110166031559147060e-02 9.539826186676497732e-02 9.100294745457894463e-02 8.510457664253756604e-02 8.079965097897560955e-02 7.992104697015096904e-02 7.982032969940879019e-02 8.032545150499625919e-02 8.106745066201311023e-02 8.186388708066040520e-02 8.262319744132623489e-02 8.330833924271345559e-02 8.389863350164190881e-02 8.437135678167145825e-02 8.470800200379675904e-02 8.489523572715902688e-02 8.494137460540919504e-02 8.560972478504383365e-02 8.602870701542923715e-02 8.651125864996701831e-02 8.732135700619249319e-02 8.814475527019084711e-02 8.894070861578551312e-02 8.953938531215638319e-02 9.911556007405959712e-02
8.014794434124213052e-02 7.968327833655851344e-02 7.739017783054939759e-02 7.566076884842794226e-02 6.985720395699168694e-02 7.157206490727995030e-02 6.913864186365543951e-02 6.912559307342494574e-02 6.854631858319341908e-02 7.217965378803026244e-02 8.104790117181648323e-02 9.131340580011348962e-02 9.757150526333975560e-02 1.010012291913764265e-01 1.018192445485457953e-01 9.432472520042181618e-02 8.776793468510216134e-02 8.104734941420427274e-02 7.992683888056750785e-02 7.930617911718346180e-02 7.946941363060952557e-02 8.010092706784030514e-02 8.092034194552372162e-02 8.176974048138101192e-02 8.256087924329452710e-02 8.322844259405258460e-02 8.369873211265517476e-02 8.384464470945107717e-02 8.439227347840050353e-02 7.441251579127819427e-02 7.484905650784327846e-02 7.429008008693212262e-02 7.479989095612864236e-02 7.510705594452003753e-02 7.545597381775726031e-02 7.594536710530497281e-02 7.543738026518824469e-02
9.585286097371882585e-02 9.490314519102126256e-02 9.355455211643737279e-02 9.163910311595591107e-02 9.052544312333704601e-02 8.812186347858244617e-02 8.369630321463786271e-02 7.536612359479441525e-02 7.110947009230204896e-02 7.288418245875644130e-02 8.355822384966300753e-02 9.444203570345253984e-02 1.009121645448492893e-01 1.053685379929609617e-01 1.095620787977714949e-01 9.622738488962012671e-02 9.430857128384445565e-02 8.949406389835573572e-02 8.124254810537216709e-02 7.616115011002452806e-02 7.544310536070074347e-02 7.596574210537129779e-02 7.699053156314872304e-02 7.819285127722508388e-02 7.941753862404926645e-02 8.058852051928235005e-02 8.170197399859199794e-02 8.286748701628529612e-02 8.440827838663687854e-02 8.904152464181398774e-02 8.887265238063285500e-02 9.048708297025054303e-02 7.769398253909685914e-02 7.835689712973359367e-02 7.864816171210446683e-02 7.680925680552815049e-02 7.580257569789483618e-02
7.626660623088879487e-02 7.566358108131093774e-02 7.484439056497728393e-02 7.382176996107507605e-02 7.261892571760010517e-02 7.123040592312102071e-02 7.010304645700507487e-02 7.017248069618618744e-02 6.837309236960399661e-02 7.410377397745716854e-02 8.721873594113672967e-02 9.718794762121502062e-02 1.032310380871630379e-01 1.074664026773403808e-01 1.140133985808789441e-01 9.901197140486882320e-02 9.486466980610824828e-02 9.554696491174154149e-02 9.269355217479281761e-02 8.608916611576039601e-02 7.917134288428571975e-02 7.840510839674798282e-02 7.865333852879666243e-02 7.940610668598048483e-02 8.035267068175055982e-02 8.132515225617606425e-02 8.225376023843622431e-02 8.310715519579024713e-02 8.385703575404894472e-02 8.434438460042022190e-02 8.527659510062689241e-02 8.671779376587922250e-02 9.303908361082710576e-02 9.261219906844631033e-02 9.250382080913516214e-02 9.244286920649757988e-02 1.002478304022818983e-01
7.258654638625312849e-02 7.189542775044555079e-02 7.104788167250118691e-02 7.009630897019146489e-02 6.914127392059057908e-02 6.837030440630213757e-02 6.817700658724898388e-02 6.826288406477169779e-02 7.017835432547786523e-02 7.915979876319173547e-02 9.111006019240291964e-02 9.952525132044975908e-02 1.047769401679884693e-01 1.085983833566673412e-01 1.160040537274126815e-01 1.015984549315519375e-01 9.665573689461655349e-02 9.620367186391173830e-02 9.910706456885358395e-02 9.594192300118434269e-02 8.531638857858318825e-02 7.835761776576424809e-02 7.796936220388878125e-02 7.859137532876851739e-02 7.962714173559187758e-02 8.068967316703667958e-02 8.171785891592776851e-02 8.264947829266645896e-02 8.344132110153407167e-02 8.409948232192430984e-02 8.470496003602079327e-02 8.513287262122015697e-02 8.492900379105501607e-02 8.501380662976291969e-02 8.458983074267532876e-02 8.493258614674428775e-02 9.762458709767901643e-02
6.814252283570480795e-02 6.737655261191444200e-02 6.655605893657126626e-02 6.580796259925415781e-02 6.534316345036338125e-02 6.539342828305565181e-02 6.631090855781754390e-02 6.846527007764620365e-02 7.305778996545483905e-02 8.327691703729887818e-02 9.448781656065767531e-02 1.009715083298723254e-01 1.053877569130903524e-01 1.088473904211055415e-01 1.159107312982533555e-01 1.031372356635913423e-01 1.001334790755003673e-01 9.829197923902747991e-02 1.001367593610196505e-01 1.035671108342215707e-01 8.652020718238467856e-02 8.420775745944941715e-02 8.343692190786114460e-02 8.339228145477665943e-02 8.365598615898468815e-02 8.390409841047014039e-02 8.450560658345873666e-02 8.514710945684149379e-02 8.567327096370674910e-02 8.608078021974346905e-02 8.645558449950502267e-02 8.695899342474297522e-02 8.771387242748980573e-02 8.873356586627528797e-02 9.445145350277683871e-02 9.382372875081440577e-02 1.014315143666133789e-01
7.775179430331968788e-02 7.603811228302245762e-02 7.424853772361482418e-02 7.247269924168023292e-02 7.093318204924546622e-02 6.975758932624369357e-02 6.923605960919447522e-02 7.002672569965144589e-02 7.539724131014308162e-02 8.426375512861386530e-02 9.377526937135891028e-02 1.017155095170343693e-01 1.053411208642587304e-01 1.071801608298089958e-01 1.177627454046703409e-01 1.023397944510092555e-01 1.036484638215915272e-01 1.014986490492407328e-01 1.019505221167807812e-01 1.076234738017604747e-01 9.218969670594601151e-02 8.267045567978276166e-02 7.255310739244330565e-02 7.071476571591044091e-02 7.091050077713922928e-02 7.531424630599273251e-02 7.914830109416208515e-02 8.227915448216760463e-02 8.497941315576523769e-02 8.638575647417455483e-02 8.678337853277652558e-02 8.828943343210736427e-02 8.946161891863015081e-02 9.412087785771856840e-02 7.657933906971936544e-02 8.252372156284284999e-02 8.136788255089708044e-02
7.540237389485833497e-02 7.342902659556506395e-02 7.137299787538083085e-02 6.922820896648336497e-02 6.716142618250792173e-02 6.829436026854721065e-02 7.018803307826278204e-02 7.223530411737100199e-02 7.550135059523477299e-02 8.260098647746548506e-02 8.808277848022265377e-02 9.663689786210338806e-02 1.161430567020401705e-01 1.174613254530526840e-01 1.152631813212388612e-01 1.168639142612045573e-01 1.165719288143730881e-01 1.165501643109274066e-01 1.152379986557535707e-01 1.171390668625756498e-01 9.751541003203195723e-02 8.904106946061551842e-02 8.204039102218940727e-02 7.642562175405220870e-02 7.688020360452318958e-02 7.673039730504635503e-02 7.732648914301683274e-02 7.992737960670925901e-02 7.979751226865394731e-02 7.632899151994702869e-02 8.230165654947338427e-02 8.321285209630902013e-02 8.356571333859433293e-02 8.260849838168114745e-02 8.096830670425538001e-02 8.150393394197415209e-02 8.073821068045156091e-02
6.959481111876979209e-02 6.950590275441655141e-02 7.010108100165599043e-02 7.107356405445702796e-02 7.400529194344274142e-02 7.445471396603853265e-02 7.446857372492901583e-02 7.241991067333107546e-02 7.334189079773419107e-02 7.740782081482414090e-02 7.922418796378041805e-02 7.787252687162793396e-02 6.970542716208481815e-02 7.981600457949800109e-02 8.201283682135225572e-02 8.049469359346056452e-02 8.422717543415131347e-02 8.890981421493110437e-02 9.359001896862462200e-02 9.834081798273541786e-02 1.143523266180154763e-01 8.817641195310067792e-02 8.601085362360635922e-02 8.407671051552796648e-02 7.802458198594036665e-02 7.743335600931293417e-02 7.979095485986717473e-02 7.922739982392039415e-02 7.450242807449199145e-02 8.144927504143367747e-02 8.226394862217659143e-02 8.217539271131207856e-02 8.166895962687859001e-02 7.891428501322833577e-02 7.902027275647416360e-02 7.694821077589700242e-02 7.730231639524927367e-02
7.494796116933669095e-02 7.566607555418346232e-02 7.646884083903560114e-02 7.857508087383224815e-02 7.855296566419445181e-02 7.784255661197161946e-02 7.492637303419646955e-02 7.159261880663647659e-02 7.124841599756308319e-02 7.422751767955053370e-02 7.502919197687653308e-02 7.375061209140304497e-02 6.837551768653730988e-02 6.038319910315047973e-02 6.895641234145859222e-02 6.875673618361571870e-02 7.702098860475997677e-02 7.961768925994655577e-02 8.818126308498466792e-02 9.604395385183199518e-02 1.173967029626072772e-01 9.221407219688065870e-02 9.189245807054480242e-02 9.439992095954931328e-02 8.333940263857222974e-02 7.966219074399311095e-02 7.870238184410729976e-02 7.188007820179195817e-02 7.949312712336836784e-02 8.024723522070731363e-02 7.999705611534478622e-02 7.947126932665450616e-02 7.641198810667243491e-02 7.592200472732464622e-02 7.582576895847276122e-02 7.823789976518526201e-02 7.986347279214818518e-02
