output_new_topo_ddd_5/.ipynb_checkpoints/finaltopo_topographic__elevation-checkpoint.asc
ncols 300
nrows 100
xllcorner 0.0
yllcorner 0.0
cellsize 10.0
[rows 51 to 67 of 100, columns 111 to 147 of 300]
8.233685047191644912e+01 8.695804831897700637e+01 9.140748282618068288e+01 9.561664182694913450e+01 9.958678031979746947e+01 1.032192768232982303e+02 1.065397311447755442e+02 1.098580897527227478e+02 1.129966486836457307e+02 1.157126956096121262e+02 1.177288707307603914e+02 1.184248141154717189e+02 1.175592339315561077e+02 1.157440262961402340e+02 1.133667288489166367e+02 1.106223743575678498e+02 1.076509382507395145e+02 1.041706965941639282e+02 1.002956529707589368e+02 9.597822396830723335e+01 9.110142169880714391e+01 9.308886859847547157e+01 9.302472697224327192e+01 9.362012450262496088e+01 9.283645942252316274e+01 9.457101915954787330e+01 9.459441779901769110e+01 9.505791422331385832e+01 9.562365969177059810e+01 9.428761589951194821e+01 9.267968342126748382e+01 9.020677879759320206e+01 8.726434057002424538e+01 8.373895216526163665e+01 8.722942370927079025e+01 9.198453088875159267e+01 9.645059006406704327e+01
7.938037983097423478e+01 8.406715314574547904e+01 8.857481275141964261e+01 9.292482386847167675e+01 9.699645915462505741e+01 1.007512584157623508e+02 1.044960589091163996e+02 1.080908678685664341e+02 1.113730562701580169e+02 1.142044429022852086e+02 1.162891834437610896e+02 1.169701813311424701e+02 1.160261780771154747e+02 1.141080213143968507e+02 1.116012233086308925e+02 1.086997822485634089e+02 1.055148413879203702e+02 1.021223510759012498e+02 9.822282262204583958e+01 9.389780239799353012e+01 8.906772154506825245e+01 9.088894762301796959e+01 9.060075686165684772e+01 9.117658020285645648e+01 9.042116914940373817e+01 9.221607261947319500e+01 9.224844868922045293e+01 9.297754861758349421e+01 9.348513977175970524e+01 9.220146078619967511e+01 8.973850931948980758e+01 8.745580663214951755e+01 8.475692625250880496e+01 8.184447852979609195e+01 8.655026942368176890e+01 9.111050978224652397e+01 9.554091409388111344e+01
7.596215251899118925e+01 8.057650590294424831e+01 8.519082091701378090e+01 8.972713641922383943e+01 9.414092342471845143e+01 9.842422390664953014e+01 1.025069583412147125e+02 1.063222757234698292e+02 1.097978815907639927e+02 1.128256529652442168e+02 1.149693276053687612e+02 1.156052525955422112e+02 1.145578539083313387e+02 1.125140313008765531e+02 1.098656070948501338e+02 1.068019080277955766e+02 1.034368232635042801e+02 9.983999981786615763e+01 9.605298627461336025e+01 9.176891040176496972e+01 8.702204350004534206e+01 8.857783563753881140e+01 8.809450363455115962e+01 8.871495464882353588e+01 8.801481249975257981e+01 8.984887802076673324e+01 8.974603229275346905e+01 9.149117330772246248e+01 9.145232628667368147e+01 8.991647669340078153e+01 8.739009229339605156e+01 8.404235331854690116e+01 8.125245160678113621e+01 8.003268359660803810e+01 8.503770501928291026e+01 8.966335690128290992e+01 9.405631559180713452e+01
7.543972525486188374e+01 8.018433172781122664e+01 8.485314594850744641e+01 8.940360070670296011e+01 9.379265859626235624e+01 9.798363437903330464e+01 1.019358820147616598e+02 1.056040692502306655e+02 1.089222990092517165e+02 1.117634956751663822e+02 1.138269636335328698e+02 1.143740260085703682e+02 1.131964717030016772e+02 1.109939506123695736e+02 1.081780718146720801e+02 1.049404031579619101e+02 1.013949463643465521e+02 9.762506518973992797e+01 9.368588319952215215e+01 8.960491669730836861e+01 8.500114228059294419e+01 8.596192537043906157e+01 8.549332438802042589e+01 8.624064462503713457e+01 8.561904954444619875e+01 8.754562230152720304e+01 8.753748710222502893e+01 8.933530052157347257e+01 8.934181988150366749e+01 8.765935612246511255e+01 8.491461704218401962e+01 8.135908669560038220e+01 7.677291314251883136e+01 8.075115145858994481e+01 8.503999991787392787e+01 8.938030423148742898e+01 9.362907721407533757e+01
7.437385553646178948e+01 7.928691161922105834e+01 8.407054579232527658e+01 8.868708167988276614e+01 9.309789822221446798e+01 9.727061319051186672e+01 1.011774231440298308e+02 1.047855255922176809e+02 1.080369876205287483e+02 1.108098311815838315e+02 1.128252807595380460e+02 1.133028224976354892e+02 1.120082678285251916e+02 1.095838859779960472e+02 1.065578264230908871e+02 1.031134698968189980e+02 9.936732589657235337e+01 9.540804133453306690e+01 9.131287952990892620e+01 8.715796834405919924e+01 8.301005415311040281e+01 8.306473547280911873e+01 8.279772319984233775e+01 8.378545251448787212e+01 8.322998334832173839e+01 8.525966884874895868e+01 8.538725238615761270e+01 8.728380765345789882e+01 8.727432847910750979e+01 8.549285118718898957e+01 8.263817101111820307e+01 7.898459661210947047e+01 7.459779086486615540e+01 8.004351545067197549e+01 8.428415450797787400e+01 8.870259176837598147e+01 9.294477678978010715e+01
7.328248663938551033e+01 7.834089319399264184e+01 8.322362359506932705e+01 8.789973258080262042e+01 9.233809965308928724e+01 9.651327208728540086e+01 1.004045159599764929e+02 1.039846079906902645e+02 1.071976586733147485e+02 1.099177396300709262e+02 1.119550644925787708e+02 1.124072272913436876e+02 1.111098167492805686e+02 1.088284870760138290e+02 1.059567074624669090e+02 1.026730418936379579e+02 9.908685613100675482e+01 9.528087903648335555e+01 9.133027164779910834e+01 8.731652060023738215e+01 8.333074549751684401e+01 7.951759719530048187e+01 8.000928961862601341e+01 8.170229817707310360e+01 8.083995976528068184e+01 8.282267531160812268e+01 8.326907928684617843e+01 8.541597595978686286e+01 8.529473023742194471e+01 8.342297753043469299e+01 8.051113051844501456e+01 7.685187023846521015e+01 7.258788777761347433e+01 7.751309782881912724e+01 8.281841289062519706e+01 8.768645098026323126e+01 9.198070653703292976e+01
7.253371403887437907e+01 7.769654410609102513e+01 8.262297207006555766e+01 8.731255257883273657e+01 9.174866615669962755e+01 9.591429172395569935e+01 9.979451865426747759e+01 1.033662431589959141e+02 1.065763182873869965e+02 1.093008807912211751e+02 1.112536030423723048e+02 1.116544479733315569e+02 1.103204796867219528e+02 1.080877578053055004e+02 1.052843177511353616e+02 1.020814221869051863e+02 9.857592722346402070e+01 9.483122826837693253e+01 9.089078758242742140e+01 8.677550776917847486e+01 8.246248936549156383e+01 7.777185980906116924e+01 7.741772116052406716e+01 7.925725513340978523e+01 7.845162784988154669e+01 7.959141249818571850e+01 8.249414830633413942e+01 8.383567123866816928e+01 8.339834494387822872e+01 8.141944590245638835e+01 7.846133030805491160e+01 7.478373246963209908e+01 7.049629585408797539e+01 7.632416249671531716e+01 8.144534044277492058e+01 8.584540896661309262e+01 9.000038514753890695e+01
7.260538994362232756e+01 7.748344442655719888e+01 8.225188423013788963e+01 8.684653468377274521e+01 9.122213666612455540e+01 9.534932704244894808e+01 9.920724107677747838e+01 1.027684906535066602e+02 1.059750558765085486e+02 1.086955652377443045e+02 1.106278169865769598e+02 1.110050866212750975e+02 1.097135678804069840e+02 1.074523213953353178e+02 1.046531142441703679e+02 1.014721179156454269e+02 9.799607249203177162e+01 9.428433489330457462e+01 9.038846400586265872e+01 8.636394248462630685e+01 8.228278570787408341e+01 7.826472736798531571e+01 7.459034105545050863e+01 7.689778131058184840e+01 7.600624329927259737e+01 7.909044758990054902e+01 8.114767713803942684e+01 8.215384374438249893e+01 8.147212321886193820e+01 7.942707394892245532e+01 7.644219510009595808e+01 7.275735403088735609e+01 6.848284680220089626e+01 7.408786637072856252e+01 7.896045865414217246e+01 8.348426903155082357e+01 8.765712171814894305e+01
7.230377742765399773e+01 7.715377722126581261e+01 8.186573205871003722e+01 8.640013559243639918e+01 9.072422180392626956e+01 9.481482437158916809e+01 9.865245481576508269e+01 1.022068937694948687e+02 1.054132914792983513e+02 1.081291463692904529e+02 1.100363500915085382e+02 1.103534659567427525e+02 1.089344844354203730e+02 1.066715844712050654e+02 1.038698169841523224e+02 1.006859193481734138e+02 9.720278971911014310e+01 9.347547330420296419e+01 8.955165542360666109e+01 8.548069394575418301e+01 8.131474822928524304e+01 7.710426820643638735e+01 7.284016646597869737e+01 7.485346736938429046e+01 7.397379953827211807e+01 7.709644704913171154e+01 7.951450378609935399e+01 8.033905109309822024e+01 7.939737561119292764e+01 7.740177361917525900e+01 7.441800115139918148e+01 7.073635663462643208e+01 6.645738478436919650e+01 7.169703566615284274e+01 7.647511095595966424e+01 8.091544733109742538e+01 8.501952653713351538e+01
7.195935786495338959e+01 7.680804229286930251e+01 8.148003971967236225e+01 8.596309497521046694e+01 9.024093567599527432e+01 9.429962939219790030e+01 9.812262512951713234e+01 1.016768042324341366e+02 1.048881626637271864e+02 1.075973212041148628e+02 1.094602226842050925e+02 1.097288225712176768e+02 1.083792224980866052e+02 1.060421379549094638e+02 1.031910316878019955e+02 9.996540354414271690e+01 9.643664299093937586e+01 9.264989336020907729e+01 8.864331380531751847e+01 8.445560125849608824e+01 8.012445116942400603e+01 7.567970571085236031e+01 7.108425786656648881e+01 7.283585637875383156e+01 7.194315024037177864e+01 7.530717825439634794e+01 7.769002433543759878e+01 7.843197981626450144e+01 7.737729873516778412e+01 7.522289421792315522e+01 7.236086911987466408e+01 6.871822266361439802e+01 6.444586573014446174e+01 6.930839401157891189e+01 7.377894339821185099e+01 7.807878482374604800e+01 8.221158416245016554e+01
7.192210162964531150e+01 7.658556916695678751e+01 8.114356940440032417e+01 8.554845639825258274e+01 8.977315475489896812e+01 9.380181071509929325e+01 9.761656984967814310e+01 1.011800269028787653e+02 1.044063916118312676e+02 1.071082645841135133e+02 1.088366410977482559e+02 1.090112098053483862e+02 1.075420467219238390e+02 1.051897508216271149e+02 1.023103029363806229e+02 9.904820307413862679e+01 9.547337727914204208e+01 9.162640458002093169e+01 8.753868057934853653e+01 8.324002432028979115e+01 7.875808209325084874e+01 7.411757895237390414e+01 6.930064486807761170e+01 7.053013038060693418e+01 6.989886218217996827e+01 7.340242040493858156e+01 7.583422953570402569e+01 7.646245396297956631e+01 7.527823944136378032e+01 7.305497346521387669e+01 7.012495083389924844e+01 6.668488878104845696e+01 6.251423247267063488e+01 6.635907095798137334e+01 7.063056437221733574e+01 7.503790770648322450e+01 7.947488543593118493e+01
7.140856752933399321e+01 7.608901825608579372e+01 8.062705921932838748e+01 8.499835968634089056e+01 8.919203184911241067e+01 9.320243847563384065e+01 9.701405204618428968e+01 1.005886015100764155e+02 1.038270839992269714e+02 1.063047337412578202e+02 1.080336984503996121e+02 1.082132950789417265e+02 1.067280334568057469e+02 1.043533941540116388e+02 1.014458866629968412e+02 9.815253108543545579e+01 9.454407117073218103e+01 9.065946955718072786e+01 8.652537728245734172e+01 8.216094482664736631e+01 7.756904597171269700e+01 7.271559262360510445e+01 6.741970390043228178e+01 6.774040389638501836e+01 6.781404040561174895e+01 7.163970180575087454e+01 7.404106426588542433e+01 7.444548416765442767e+01 7.307216908586838144e+01 7.072824614524974152e+01 6.780494654953649558e+01 6.446585069977933813e+01 6.057165556941480844e+01 6.551142902677152335e+01 7.021215549887148200e+01 7.478501708949272597e+01 7.923273833389009724e+01
7.063006799248508116e+01 7.536161294488906037e+01 7.990320757142403352e+01 8.425461211315071353e+01 8.842566470557150637e+01 9.242441924564015210e+01 9.622244020431674016e+01 9.980653647248409754e+01 1.026868906346877424e+02 1.052507053882594761e+02 1.070591526131008919e+02 1.073229770322602832e+02 1.058737132653917001e+02 1.035027246147041353e+02 1.005825964985433671e+02 9.727301105581619822e+01 9.365256775837849545e+01 8.976736062051772080e+01 8.565511950371147520e+01 8.135883422762442763e+01 7.693404307518311214e+01 7.245821416043213503e+01 6.806375671364597224e+01 6.395746980466362430e+01 6.773963171050644405e+01 7.047538786083845253e+01 7.231185192326051947e+01 7.237689624997011606e+01 7.074751237368022316e+01 6.817727712282457730e+01 6.510737163810034644e+01 6.202438381279668533e+01 5.869057169579450317e+01 6.439126104556710573e+01 6.943216256980302603e+01 7.412299822190709619e+01 7.860355687008475911e+01
6.975181456809487202e+01 7.447641501132684994e+01 7.897668275844870323e+01 8.327980091123005479e+01 8.741570718981429877e+01 9.143460424018466881e+01 9.515209734975699973e+01 9.823775328569321630e+01 1.013047969830180932e+02 1.039920159776703343e+02 1.059363800182265010e+02 1.063373767320619834e+02 1.049750297650139856e+02 1.026562415271138349e+02 9.973864673212963794e+01 9.642058504885375214e+01 9.279037543384050934e+01 8.889827309294139468e+01 8.478041176250276578e+01 8.047598374896915630e+01 7.603332748652621831e+01 7.150622746066983382e+01 6.694657833784228274e+01 6.232934752936286316e+01 6.595479654985221885e+01 6.879491779145345731e+01 7.043637630233499181e+01 7.023118433413107198e+01 6.834690248921602063e+01 6.546801318979557038e+01 6.196477155949047955e+01 5.839479857629506654e+01 5.695824508041503265e+01 6.204401800687565327e+01 6.692541683609576353e+01 7.166870153292498458e+01 7.625825894180326259e+01
6.874138539079672228e+01 7.328301925342616130e+01 7.764037413759479023e+01 8.184427305734796221e+01 8.590394422813615449e+01 8.962443569751390271e+01 9.302642773108641450e+01 9.649993318331112846e+01 9.975342741893021525e+01 1.026035119907797935e+02 1.047102329289138396e+02 1.052514188926118948e+02 1.039925120517550852e+02 1.018779307283679145e+02 9.895313562274267838e+01 9.562971265793730424e+01 9.198229213497194223e+01 8.807261956218523835e+01 8.392418015063118730e+01 7.955871181498147848e+01 7.501027120027528383e+01 7.031915239901692871e+01 6.552019490552700631e+01 6.056879649527004972e+01 6.422044688919366706e+01 6.698450438399250118e+01 6.843595390451758931e+01 6.803511554088652247e+01 6.596560694033003358e+01 6.283472564220733148e+01 5.884353043577360154e+01 5.380337038283444429e+01 5.790602019935180067e+01 6.231055745739532625e+01 6.684562305336875454e+01 7.139250882793177766e+01 7.586529042725788941e+01
6.573710264648789803e+01 7.034560009324773944e+01 7.483456953877963258e+01 7.920613174387693789e+01 8.331565600976902886e+01 8.712383316021691826e+01 9.098568978373954508e+01 9.469206263555594205e+01 9.814404758546896801e+01 1.011753781568184110e+02 1.034509413294619691e+02 1.040825018004041880e+02 1.027938112478876604e+02 1.005529772701265614e+02 9.795250555901098721e+01 9.469471384795879487e+01 9.100946680634713459e+01 8.709921794676535001e+01 8.294667690791015957e+01 7.853140207455496125e+01 7.387199613119000219e+01 6.900621733193655416e+01 6.396903575922680574e+01 5.872337899804973915e+01 6.236424018635503330e+01 6.507928321539363026e+01 6.629617175327213374e+01 6.580604757114535630e+01 6.366267815780901884e+01 6.046205072759715193e+01 5.644339118688468204e+01 5.166640428073320379e+01 5.743643172850393341e+01 6.166100121789467181e+01 6.624413514351853394e+01 7.080534490586850893e+01 7.526591657690610759e+01
6.199929105349610836e+01 6.672185403746840393e+01 7.139652211497381984e+01 7.597197309805179088e+01 8.042701638443452339e+01 8.476952537919713393e+01 8.893590470025662853e+01 9.289106427046878878e+01 9.656327079385258116e+01 9.981019122470260641e+01 1.022768055632097770e+02 1.029362820434590304e+02 1.015469742650004576e+02 9.912880760700012672e+01 9.618845420628227316e+01 9.307517955720311420e+01 8.960460745253345749e+01 8.575959613229588285e+01 8.173713241190830558e+01 7.734930352387058861e+01 7.263338338832609509e+01 6.764060755705649797e+01 6.238043012356394001e+01 5.682697225595732249e+01 6.043801886506354748e+01 6.308992008318261213e+01 6.396208837169680095e+01 6.352709865198663408e+01 6.140517216459289074e+01 5.823892343769450264e+01 5.429828196582739253e+01 4.973876102905873609e+01 5.475194433945723205e+01 6.011774838660090836e+01 6.509285886172195035e+01 6.984741341474837384e+01 7.438965348850975090e+01
