output_new_topo_ddd_5/.ipynb_checkpoints/finaltopo_topographic__elevation-checkpoint.asc
ncols 300
nrows 100
xllcorner 0.0
yllcorner 0.0
cellsize 10.0
[rows 51 to 67 of 100, columns 259 to 295 of 300]
1.125797559995935302e+02 1.160839607377031655e+02 1.195599294890147917e+02 1.229875588378232152e+02 1.263399233461151709e+02 1.295852855914497752e+02 1.326881820745423397e+02 1.356089856419767443e+02 1.383023608820610093e+02 1.407160524294907873e+02 1.427911319835631616e+02 1.443816384300743039e+02 1.456828745172013839e+02 1.466105715129776570e+02 1.470218316462871542e+02 1.470206460527619470e+02 1.465809120537127228e+02 1.455217342430448184e+02 1.440083612150199599e+02 1.421406462036198945e+02 1.399433534652392268e+02 1.376322387816222488e+02 1.347278150128323091e+02 1.313901512714248838e+02 1.277747562196772719e+02 1.239136500115636323e+02 1.198721190943153090e+02 1.156940374687335975e+02 1.114136583491526977e+02 1.070504223156421517e+02 1.026123389674500146e+02 9.810010711437506359e+01 9.350905172943090804e+01 8.882214384193149215e+01 8.403208486068285765e+01 7.917160387907280494e+01 7.436968316169625837e+01
1.126890131509022694e+02 1.161683674252306417e+02 1.196205244360550068e+02 1.230268060075437120e+02 1.263541840821137043e+02 1.295647964729722901e+02 1.326174131236672054e+02 1.354656648220229727e+02 1.380540277222069676e+02 1.403166841146410206e+02 1.420654342092648221e+02 1.435761236399323764e+02 1.447506492733653261e+02 1.454763040995943300e+02 1.457203712896699983e+02 1.456517145684550769e+02 1.452388827508441693e+02 1.442160410437739984e+02 1.426632695158465651e+02 1.407242613634765291e+02 1.385025692195573015e+02 1.360127827364871393e+02 1.334900127628878010e+02 1.305687251884130262e+02 1.271757920474070431e+02 1.234039788556371064e+02 1.194417702707611681e+02 1.153070526548204100e+02 1.110573602813536382e+02 1.067184933158765574e+02 1.023038378838295586e+02 9.781889657749105993e+01 9.326257277259519185e+01 8.862505572828695222e+01 8.389885321863859247e+01 7.908997160145277405e+01 7.422195327676261911e+01
1.127503872467187875e+02 1.159974181900531534e+02 1.194030006291446284e+02 1.227921537320262360e+02 1.260999045423126717e+02 1.292770220952325531e+02 1.322767773965446736e+02 1.350472682059537988e+02 1.375187282602143171e+02 1.394375591133551779e+02 1.411716630464483728e+02 1.425812707642537021e+02 1.435867053643694931e+02 1.440647478109958399e+02 1.441814440607027166e+02 1.440673164881608841e+02 1.436980427389169392e+02 1.427203721264443743e+02 1.411952519475920838e+02 1.391903365943661868e+02 1.368588402071141275e+02 1.343051513629650344e+02 1.315403844998194245e+02 1.287927293665784418e+02 1.257315510173846320e+02 1.224299228594879594e+02 1.186854780306297670e+02 1.146176020420146102e+02 1.104538974160519729e+02 1.061838616037746164e+02 1.018172660292194251e+02 9.736526287285158787e+01 9.284774733854062845e+01 8.824526420716577491e+01 8.352999637453588377e+01 7.867995046343051513e+01 7.368494032526554349e+01
1.112065964922561676e+02 1.151392011831348441e+02 1.187588516839444708e+02 1.222125409674497973e+02 1.255220738970431569e+02 1.286644088148568699e+02 1.316024336766478200e+02 1.342965034872794092e+02 1.364312318463351517e+02 1.384582861518007917e+02 1.401444302851611496e+02 1.413966283495884113e+02 1.421497768408747788e+02 1.424197842240425587e+02 1.424256485675068120e+02 1.422812408691462451e+02 1.419657868669379752e+02 1.410772078584923577e+02 1.395757248260746053e+02 1.375724565099940548e+02 1.351383706024040237e+02 1.324345831448094373e+02 1.295638908680840871e+02 1.265296638278158952e+02 1.235598249986454817e+02 1.203201756973637515e+02 1.169248006123935255e+02 1.133594133564492523e+02 1.094285056629766046e+02 1.053357386062858865e+02 1.010799080119914208e+02 9.663674971022317095e+01 9.219728119287746892e+01 8.767231344375927904e+01 8.299941494111521934e+01 7.814546610627232326e+01 7.307139163786447966e+01
1.097549130827345891e+02 1.134340089597275920e+02 1.170520497017402164e+02 1.205688378999162040e+02 1.239509607323359575e+02 1.271612945192650130e+02 1.301558248070684840e+02 1.328808678602943303e+02 1.353587181415408054e+02 1.374648542658261761e+02 1.390112623526838718e+02 1.400072736572527390e+02 1.404535543032193061e+02 1.405548444107641899e+02 1.404692014883737556e+02 1.403077517230909734e+02 1.400362244344420901e+02 1.393205457461075412e+02 1.378563920180170896e+02 1.358459819167124181e+02 1.333776826697213664e+02 1.305322345025731465e+02 1.274739901962060600e+02 1.242998924609412086e+02 1.210057976211746791e+02 1.178102339401354470e+02 1.143883596801245943e+02 1.108301622374338677e+02 1.071337317122254547e+02 1.031927631240643279e+02 9.919034824920262849e+01 9.524747866173143507e+01 9.102699811039362032e+01 8.669614238137596374e+01 8.208799754974192808e+01 7.732809443171018415e+01 7.232617548128145302e+01
1.101371554120024285e+02 1.138188808474356364e+02 1.174209620803833047e+02 1.209089483179684095e+02 1.242425936075360937e+02 1.273755965873329785e+02 1.302538741871850334e+02 1.328169464458537163e+02 1.350002451725187314e+02 1.365916983638069553e+02 1.377693649912317824e+02 1.383433658265097677e+02 1.385426170266103441e+02 1.384877582351041383e+02 1.383272980523939850e+02 1.381644993378429547e+02 1.379564208952739079e+02 1.373919498163390358e+02 1.360786564980125206e+02 1.340704186200261461e+02 1.315533310254623700e+02 1.286350970005665886e+02 1.253994922605222087e+02 1.220082557729819541e+02 1.185490417786037511e+02 1.150093011706984214e+02 1.115953942643813690e+02 1.079906083887571668e+02 1.042890257386602144e+02 1.004967792647537834e+02 9.654518067792552927e+01 9.255206547690765717e+01 8.861844310238720368e+01 8.453183161024820436e+01 8.046483927337951059e+01 7.586379684287970804e+01 7.055768941331437816e+01
1.104219276726273051e+02 1.140915215645920284e+02 1.176654530576958138e+02 1.211060444766693962e+02 1.243673812565863130e+02 1.273956439118755384e+02 1.301245232200165276e+02 1.324559636556926137e+02 1.341644051739188512e+02 1.354925511778254474e+02 1.362364019702606299e+02 1.364679346020867570e+02 1.364308946522916983e+02 1.362297613197112298e+02 1.360103122356471204e+02 1.358631732700158636e+02 1.357357018385310141e+02 1.353325755294355588e+02 1.342008505406977861e+02 1.322959888677736444e+02 1.297322202390980692e+02 1.267200447839937283e+02 1.233758533345322093e+02 1.197783190872831796e+02 1.160808128606713723e+02 1.123589943151014694e+02 1.085926994451337180e+02 1.049754096462199726e+02 1.012068580342542390e+02 9.738249759862954136e+01 9.351129858442941156e+01 8.953326242052912676e+01 8.553847551795300319e+01 8.160201267039475681e+01 7.750979449426284873e+01 7.341749009834815354e+01 6.906910255359780137e+01
1.105646054268528502e+02 1.142042768461794822e+02 1.177287749962141703e+02 1.210975231461213326e+02 1.242614519261432520e+02 1.271626551660896212e+02 1.297417860056632719e+02 1.316507170091657599e+02 1.331908398556351187e+02 1.341329406083912943e+02 1.344545927524839044e+02 1.343909794030944624e+02 1.341255359163743890e+02 1.337860309389743065e+02 1.335240421844248431e+02 1.334118354873145336e+02 1.333826896471262273e+02 1.331312447887783605e+02 1.323012391539449197e+02 1.304915372138294458e+02 1.279758950941365185e+02 1.248601104464898697e+02 1.213786228684270725e+02 1.176406329072387393e+02 1.137126095053915833e+02 1.097360119142237806e+02 1.057729839364032784e+02 1.017949863339567429e+02 9.798507059760812865e+01 9.405546411328251111e+01 9.010312379363489299e+01 8.613782111289451393e+01 8.209706487881572912e+01 7.805040770255131122e+01 7.406377922808225378e+01 6.993314724388375225e+01 6.577206588263950948e+01
1.105147120135111294e+02 1.140958621430733899e+02 1.175388741797231802e+02 1.207992413133396639e+02 1.238214778892117920e+02 1.265360710909830004e+02 1.288520591991407116e+02 1.307860788381946691e+02 1.320371427590063718e+02 1.324975956415194673e+02 1.324737145477397746e+02 1.321326337869913061e+02 1.316319124152908557e+02 1.311541664165336556e+02 1.308703480572179387e+02 1.308158014751154496e+02 1.309114989552334407e+02 1.308499859290500069e+02 1.303002477300697137e+02 1.287584391200794869e+02 1.262738332657507385e+02 1.231274850589621508e+02 1.194803358587611797e+02 1.155621739223988413e+02 1.114614091600030434e+02 1.072321770469080917e+02 1.030014027862440287e+02 9.880866569704554081e+01 9.461593415518508721e+01 9.059435392009513066e+01 8.646770139129448296e+01 8.235801114532831946e+01 7.826230376093776897e+01 7.411997381573473831e+01 7.000188605220640170e+01 6.597697924163229288e+01 6.187021662862717619e+01
1.110948696317090452e+02 1.146402502090145958e+02 1.180213457308260274e+02 1.211840880103050182e+02 1.240605509770574315e+02 1.265640478131346072e+02 1.285872105649900732e+02 1.299518557371120551e+02 1.306415567207185404e+02 1.306773165272518611e+02 1.303237434760575297e+02 1.297280281868918053e+02 1.289497913560037148e+02 1.283223121098927493e+02 1.280493659831399498e+02 1.280798717588327804e+02 1.283254971288672550e+02 1.284940157666436562e+02 1.282543409454625021e+02 1.270642656342387795e+02 1.247837079827344553e+02 1.215256079706389869e+02 1.177358324682378452e+02 1.135927432807914528e+02 1.092574828309138439e+02 1.048207627961846669e+02 1.003401823332151963e+02 9.586554514337055366e+01 9.142134091937396079e+01 8.700509430528292398e+01 8.264063394846012045e+01 7.830871837626968102e+01 7.401092439069003603e+01 6.975861205498016204e+01 6.556018651520666651e+01 6.143953788753732681e+01 5.745413221039057561e+01
1.115594673153633778e+02 1.150438612843398403e+02 1.183315520290388463e+02 1.213587420296292407e+02 1.240465566813237075e+02 1.262981781671923756e+02 1.278509629652333217e+02 1.287926842042582791e+02 1.290160222327995143e+02 1.286643403772192187e+02 1.280400489272734319e+02 1.272816180919829208e+02 1.260621648190361128e+02 1.252640231727598206e+02 1.250642159287009321e+02 1.252099634498751470e+02 1.256266513944347878e+02 1.260641599806969282e+02 1.261478663220430576e+02 1.254758940096573241e+02 1.236968230171858494e+02 1.211704035393139804e+02 1.177009870840623620e+02 1.138509252459158034e+02 1.097658234099537964e+02 1.055390458248302537e+02 1.012333564982699272e+02 9.689257687177958189e+01 9.254519172714066144e+01 8.820535831115164171e+01 8.387948483124998234e+01 7.956442005671766537e+01 7.525656554155681022e+01 7.095573936240991486e+01 6.666798059824793654e+01 6.241003960559513786e+01 5.820979086383490397e+01
1.118395264140814476e+02 1.152378699220477074e+02 1.184028144893211305e+02 1.212554929659257965e+02 1.236949364020379249e+02 1.255993091635849197e+02 1.268866644054457566e+02 1.273277571810055804e+02 1.272193086713082266e+02 1.264386490238247092e+02 1.256956836247153007e+02 1.243820157880660844e+02 1.233880181033019738e+02 1.219066321514440290e+02 1.219326675565670399e+02 1.222151902611617089e+02 1.228099112542225129e+02 1.235765671427575256e+02 1.240174342256326412e+02 1.237580271586914620e+02 1.224502047656114883e+02 1.200535656346155662e+02 1.170243701023536573e+02 1.135065626364608988e+02 1.096850540448498350e+02 1.056542589875001426e+02 1.014905313746705247e+02 9.724947489089015562e+01 9.296744725676381904e+01 8.866458187013719794e+01 8.434822935046581449e+01 8.001642190308071179e+01 7.566302028192517071e+01 7.128300923078066376e+01 6.687736315679204324e+01 6.245555807614920241e+01 5.803318993260139536e+01
1.122765498996050297e+02 1.155835007008813022e+02 1.186113676355791284e+02 1.212656774034158218e+02 1.234261317335025012e+02 1.248738881108863694e+02 1.256224372440686636e+02 1.256347920167785190e+02 1.251810233185016301e+02 1.242459700956523392e+02 1.228728650839111225e+02 1.216915118719954449e+02 1.200091518763475023e+02 1.186498734502410457e+02 1.187218451764653224e+02 1.191086217881654790e+02 1.198424916906589175e+02 1.211516113916554076e+02 1.218431320445350963e+02 1.219117519525387934e+02 1.211503121421730640e+02 1.192968345924932834e+02 1.166592035164582768e+02 1.134350083086490741e+02 1.097983392365553783e+02 1.058850032320784891e+02 1.017916376519496424e+02 9.758641207901587222e+01 9.331369116541323194e+01 8.899836444909897182e+01 8.464966705849614925e+01 8.026552824223666960e+01 7.583829268136561552e+01 7.136098743666532584e+01 6.683369707081233457e+01 6.226698534046594347e+01 5.767821305618379313e+01
1.125480366835029429e+02 1.157378791221496357e+02 1.185941862989566431e+02 1.210017641339646559e+02 1.227050704513237918e+02 1.238089337794819613e+02 1.240935872763064793e+02 1.237795807164808650e+02 1.228448675284640217e+02 1.217607411586637625e+02 1.203151712172128640e+02 1.185481995333782379e+02 1.170592194717201266e+02 1.152394824734618908e+02 1.154259373898120344e+02 1.158898725453536684e+02 1.169471510755464010e+02 1.184895289666734328e+02 1.196081679591192284e+02 1.199794322085458163e+02 1.196458722710838742e+02 1.182954560906307364e+02 1.161694392357966024e+02 1.131904901466501912e+02 1.097163553279292927e+02 1.059038656141257064e+02 1.018636970861041391e+02 9.767604866644549588e+01 9.339475638000247670e+01 8.905104086207531111e+01 8.465735485578136377e+01 8.021215682616838194e+01 7.570619161468276559e+01 7.113118116382226219e+01 6.648897199437030281e+01 6.179909042077869685e+01 5.710423209635870023e+01
1.126084298899272085e+02 1.156548596540254863e+02 1.183058963972580813e+02 1.202569782771512763e+02 1.217420782918103157e+02 1.224293588066092298e+02 1.223706145165265156e+02 1.216071014898670057e+02 1.205455309724254533e+02 1.190383667298110026e+02 1.174937572368141332e+02 1.156793197553751043e+02 1.136228515192787540e+02 1.118191450362070611e+02 1.120726409672730881e+02 1.124678202578017618e+02 1.142987369931869637e+02 1.159512002037971001e+02 1.171094747175262256e+02 1.179842958445626522e+02 1.179337767591387660e+02 1.169637917847888957e+02 1.150926760707430816e+02 1.126751449319675373e+02 1.093944164035509630e+02 1.056909004875719944e+02 1.017025563951674485e+02 9.753174854077283840e+01 9.324134396307221095e+01 8.886908024242988802e+01 8.443144427656071116e+01 7.992734289238558176e+01 7.534365412892913128e+01 7.066397141294538642e+01 6.587866059340889535e+01 6.098612296480240502e+01 5.599092664242739659e+01
1.123909425476150972e+02 1.152649478641929619e+02 1.174314756585516335e+02 1.192882846704865045e+02 1.205020856296768272e+02 1.207930819679788925e+02 1.203995116508122294e+02 1.194084401025247644e+02 1.179792516480249276e+02 1.163965361548582678e+02 1.144684716410698542e+02 1.125744576483821504e+02 1.104924322953605440e+02 1.083094474322769685e+02 1.087022786368934533e+02 1.092449530668956470e+02 1.114183019315186982e+02 1.131571331540929464e+02 1.147597360042643828e+02 1.157892422427250807e+02 1.160038045065843448e+02 1.154288658054926486e+02 1.137307686071647623e+02 1.113801756917712709e+02 1.087174449409654073e+02 1.051494788149948079e+02 1.012521495432420977e+02 9.713051659185390463e+01 9.285251209778785153e+01 8.846925948426932962e+01 8.400838844012166362e+01 7.947401576855224903e+01 7.484902400769918529e+01 7.010690574200947367e+01 6.524965988460638755e+01 6.026897979730508581e+01 5.517341706577299476e+01
1.118038158508405502e+02 1.141380273364612918e+02 1.163502510332569102e+02 1.180731081753281444e+02 1.189899305078347993e+02 1.190097957855375341e+02 1.181797839789180102e+02 1.170229780001282620e+02 1.154324809805975605e+02 1.135285876726633632e+02 1.115475618507670532e+02 1.092927816458413304e+02 1.071247123874875342e+02 1.047863189509992878e+02 1.052945182314251440e+02 1.060884672758025147e+02 1.084056446912737073e+02 1.105607900910518993e+02 1.122569290439765552e+02 1.134593635796415043e+02 1.139471727655370756e+02 1.136456115618990310e+02 1.121941978478840127e+02 1.098498994282597323e+02 1.070204813882485126e+02 1.041312051474051259e+02 1.004707160199723006e+02 9.644745177453945928e+01 9.221231363069372833e+01 8.784690089099652255e+01 8.340196479978855848e+01 7.889840906795667763e+01 7.430472782770975471e+01 6.948277001962368615e+01 6.462278934999825708e+01 5.963732846965685042e+01 5.449717473936156154e+01
