output_new_topo_ddd_5/.ipynb_checkpoints/finaltopo_topographic__elevation-checkpoint.asc
ncols 300
nrows 100
xllcorner 0.0
yllcorner 0.0
cellsize 10.0
[rows 51 to 67 of 100, columns 222 to 258 of 300]
1.125498140325184977e+02 1.139008025683290413e+02 1.157259624093855450e+02 1.168665498506754830e+02 1.173187522203461555e+02 1.170537522711679514e+02 1.158308940319007689e+02 1.138805139011837610e+02 1.115853525600515610e+02 1.093235765571318865e+02 1.064428634633720350e+02 1.032140979631520565e+02 9.982999802538456890e+01 9.629526729801558815e+01 9.263614349177122165e+01 8.884025300010338810e+01 8.488504781206557936e+01 8.075397264383266815e+01 7.644326790424928220e+01 7.196693708197707906e+01 6.734924360520480491e+01 6.261464935175484925e+01 5.769520834254070252e+01 6.175385083562917998e+01 6.570581224846537793e+01 6.962512773061438054e+01 7.349084658598330577e+01 7.728482711716469566e+01 8.099420332864220029e+01 8.461638068550843172e+01 8.816252285233818498e+01 9.165554131928564630e+01 9.512216502588258038e+01 9.858444401469685658e+01 1.020549453527808339e+02 1.055468977439429210e+02 1.090598411681870488e+02
1.086107224152040658e+02 1.109618491836628920e+02 1.127782203022374006e+02 1.140460273235189277e+02 1.150220761583966294e+02 1.148727734115167323e+02 1.139968791591820292e+02 1.121097534822328043e+02 1.097899626366256172e+02 1.072430854981572708e+02 1.048288983176481821e+02 1.020416396107780059e+02 9.888713123466587263e+01 9.545235348510774998e+01 9.191281344453796009e+01 8.822154133430171896e+01 8.433536287294495537e+01 8.023507020421347136e+01 7.589838895394487395e+01 7.133201503287388334e+01 6.656460539180990565e+01 6.163302254099355082e+01 5.647702752113897162e+01 6.079693649258490495e+01 6.499571764723594924e+01 6.912863044805882851e+01 7.316202982844789915e+01 7.707362662880316861e+01 8.085464822650514805e+01 8.451206957903883676e+01 8.807315906172568987e+01 9.158104376597407281e+01 9.507486915201796762e+01 9.857634012731340079e+01 1.020632542136013541e+02 1.055858967869201308e+02 1.091383892886083089e+02
1.052673305630626288e+02 1.076188521539413472e+02 1.095674344390646695e+02 1.114004284956314734e+02 1.124947299056874215e+02 1.125094318097470421e+02 1.118510736549178688e+02 1.101247859264542512e+02 1.077909642736135254e+02 1.051724526845436571e+02 1.024315747593195880e+02 9.986947570883852165e+01 9.703946567822755753e+01 9.406307081904871836e+01 9.078688181825697256e+01 8.732396277500495785e+01 8.355681972168639504e+01 7.957047391235026623e+01 7.527105957298510930e+01 7.065638720925636562e+01 6.575508087704098159e+01 6.062050293802153789e+01 5.520046003319932026e+01 5.999799808940505841e+01 6.454944142774377269e+01 6.893185998178637419e+01 7.311737712936690059e+01 7.709399990941065539e+01 8.087092383167103549e+01 8.446856823168235451e+01 8.794647478749621428e+01 9.140656685106534951e+01 9.491078140301031851e+01 9.851553596516072275e+01 1.018796768441817306e+02 1.054306525063849449e+02 1.090582511044799787e+02
1.014955197235616282e+02 1.040062657465733906e+02 1.065701497316600523e+02 1.085701736977373315e+02 1.098645588695751201e+02 1.099962715021822248e+02 1.095004971959795910e+02 1.078591051802384015e+02 1.056018785189174878e+02 1.029335918857591992e+02 1.001039574689455094e+02 9.722967853759669765e+01 9.456638747473428452e+01 9.168882639685634217e+01 8.870430699256174023e+01 8.551969853065151028e+01 8.225964057398519458e+01 7.857323593282873730e+01 7.439109447989358159e+01 6.982062477386334365e+01 6.483681349210633016e+01 5.953652938052123034e+01 5.390001553775418586e+01 5.909317391931078589e+01 6.395845248319034937e+01 6.854879795453025793e+01 7.279933420749019035e+01 7.673136673910782690e+01 8.042300780014917905e+01 8.381188052715917536e+01 8.699184994559141160e+01 9.030644894700431280e+01 9.378517184866930734e+01 9.692695965947022785e+01 1.007536372279824661e+02 1.044456447190658395e+02 1.081491078685705673e+02
9.739980977432993825e+01 1.006268770249520941e+02 1.034455999770782597e+02 1.056999021102393357e+02 1.071618387452263335e+02 1.073617820485914791e+02 1.069793293585993581e+02 1.053984937075211974e+02 1.031584148319245742e+02 1.005329726544332090e+02 9.765160379266137625e+01 9.469890314955115684e+01 9.175348310966910503e+01 8.902619255702052214e+01 8.613247030241548430e+01 8.314681282400725593e+01 7.996275293191496303e+01 7.667416730811206094e+01 7.310481442591402867e+01 6.883375922658636625e+01 6.381475114913627777e+01 5.840006393307697152e+01 5.260486675572721538e+01 5.804179448940298158e+01 6.309788378466362246e+01 6.779098156849858015e+01 7.179959018785358182e+01 7.540644994039720928e+01 7.849641735059935854e+01 8.184149274150476572e+01 8.423033311252380884e+01 8.768839303077804459e+01 9.125603908868234271e+01 9.491500262827121048e+01 9.857183889030801538e+01 1.022593074349395579e+02 1.059632116592053706e+02
9.349214611440143585e+01 9.719602510250281568e+01 1.003812608517627325e+02 1.028518586869414548e+02 1.044188018119326955e+02 1.046285364059785081e+02 1.043091007163040302e+02 1.027690021621758945e+02 1.005293514768439280e+02 9.790922411450932827e+01 9.506899029871756568e+01 9.207872798190896901e+01 8.906652843162504496e+01 8.608066147118874767e+01 8.330368330137790167e+01 8.037251469805462989e+01 7.733000487780859089e+01 7.406690882527676933e+01 7.063919588246959336e+01 6.689700872313902380e+01 6.257770166545311952e+01 5.717896938717549205e+01 5.138131214501074595e+01 5.677527248366656210e+01 6.175689168836267129e+01 6.549375821150276522e+01 6.911031269693025081e+01 7.267713827513247793e+01 7.507015096214202288e+01 7.875623725867275482e+01 8.322852340482090483e+01 8.732372792977707832e+01 9.124514625804287959e+01 9.508641502888318087e+01 9.887946846698353909e+01 1.026478620428896704e+02 1.064005167955664888e+02
8.974796228067458514e+01 9.406011176384348005e+01 9.750970298673944114e+01 1.000942287316701282e+02 1.016592243021593021e+02 1.018135232894449302e+02 1.015036388634905364e+02 9.997830879805724180e+01 9.773153375716411517e+01 9.512078124207178575e+01 9.229900450541137502e+01 8.935432873326840308e+01 8.631131428956020102e+01 8.325441217810723060e+01 8.021224084824875433e+01 7.735501929571513813e+01 7.432305368865341677e+01 7.115088712865474463e+01 6.774197303857442876e+01 6.418131022241186656e+01 6.031812077922524651e+01 5.597419700633147244e+01 5.026539317940886775e+01 5.546948665434960901e+01 5.935348831357005395e+01 6.161195464546199929e+01 6.531750688348024880e+01 6.924668300804410137e+01 7.416936436007883060e+01 7.865695696563422246e+01 8.300965697102138563e+01 8.720035991237907069e+01 9.125234544456527885e+01 9.520140507144122921e+01 9.907774579955375316e+01 1.029027590979673192e+02 1.066856108398172296e+02
8.721608498007510946e+01 9.147557308441375312e+01 9.492264690439102992e+01 9.747674647981588691e+01 9.887681089015954683e+01 9.892716515614037576e+01 9.858451364421317464e+01 9.701045111199249504e+01 9.477953884517657457e+01 9.218624555196298331e+01 8.939043933019969757e+01 8.646980136375699999e+01 8.346480039924554717e+01 8.036856398143311253e+01 7.723778201613480121e+01 7.409003102591532297e+01 7.109596066717203655e+01 6.789201891197399164e+01 6.454260527688015259e+01 6.101974180909956402e+01 5.747965218782508146e+01 5.370497531740416264e+01 4.928304182634752806e+01 5.242089210766909702e+01 5.602677188951705745e+01 6.091838089639273335e+01 6.546805549801096902e+01 6.994220900652261719e+01 7.442788606395079398e+01 7.881821269396621688e+01 8.310052576157126225e+01 8.726957520949019909e+01 9.133303624966049483e+01 9.530725663963613670e+01 9.920978407120139764e+01 1.030531882879280658e+02 1.068407911790396980e+02
8.524805271378718885e+01 8.928996660359567272e+01 9.257057644024550314e+01 9.504873205766061517e+01 9.601785325442773456e+01 9.597065199465190233e+01 9.557642314158196939e+01 9.389518458664142031e+01 9.168879047460553977e+01 8.912624182866370859e+01 8.635478199211135575e+01 8.345602394743617936e+01 8.046453222641143554e+01 7.739228156420898586e+01 7.421276432116577837e+01 7.096731879768874762e+01 6.766543260207996013e+01 6.447554758295017052e+01 6.103524469925808660e+01 5.750422765774864331e+01 5.401537562830770156e+01 5.093637027982671128e+01 4.828684755008567464e+01 5.255320204167237819e+01 5.675716046957231242e+01 6.114261639450263885e+01 6.561054308432069604e+01 7.028989617291630054e+01 7.473067201950583183e+01 7.903597380192991295e+01 8.323990640009216690e+01 8.735398273884169384e+01 9.138549044448259906e+01 9.534310011041532107e+01 9.923506748481538864e+01 1.030652905947435585e+02 1.068298199273238964e+02
8.353564194292752632e+01 8.731293001910148632e+01 9.043060285565429979e+01 9.252300579046502094e+01 9.315932190792439371e+01 9.295401753707548664e+01 9.249073482861678031e+01 9.073934786112138795e+01 8.849477533598206946e+01 8.595071405334381609e+01 8.319495431542074471e+01 8.030424478278511913e+01 7.731861099874890897e+01 7.425050263958566177e+01 7.109666393685282060e+01 6.781738137972843106e+01 6.444239690810847776e+01 6.096114963482243354e+01 5.749209425230980486e+01 5.366498465043789423e+01 4.998897465746944846e+01 4.660941871830686267e+01 5.165262430150328044e+01 5.594926509069955500e+01 6.019101224630834679e+01 6.439689884296755906e+01 6.819096942272835804e+01 7.176198554017635445e+01 7.583623442377377444e+01 7.994092932612274183e+01 8.402168499685049596e+01 8.805629754207616600e+01 9.203859000081745023e+01 9.596899668641536607e+01 9.984810240411847815e+01 1.036717917254560462e+02 1.074279854663943325e+02
8.188152354061354288e+01 8.548274092336842500e+01 8.823799792869994008e+01 8.991953789199635594e+01 9.024381269244244663e+01 8.988081443171975593e+01 8.934366322279888095e+01 8.754559828350616613e+01 8.524846467936943384e+01 8.266189297260417845e+01 7.989447762765352934e+01 7.699267167933187750e+01 7.399743936774636666e+01 7.093109101498087909e+01 6.779783005523897543e+01 6.458345031894153010e+01 6.123264642401108659e+01 5.776128937690621257e+01 5.410655526547652272e+01 5.010443357202794346e+01 4.488457340217228619e+01 4.951736252261305538e+01 5.266402510755884236e+01 5.661249422017380795e+01 6.066808068162586665e+01 6.471996496938130861e+01 6.868245080028506777e+01 7.264105048907640594e+01 7.665761035348714358e+01 8.068624983573513987e+01 8.469793602846414160e+01 8.867849640231682429e+01 9.262262118831723967e+01 9.652792278321045671e+01 1.003897276132341432e+02 1.041971062648990483e+02 1.079303192791570751e+02
8.029420422118190004e+01 8.353654995091133628e+01 8.604408407054260977e+01 8.711275879598781557e+01 8.724269509789692734e+01 8.675579164503675145e+01 8.614953291612189901e+01 8.428068671854009608e+01 8.192397827873368499e+01 7.926443999828529741e+01 7.642664520433419284e+01 7.348552848874068388e+01 7.046472016441242658e+01 6.739077163361153566e+01 6.428766337119591867e+01 6.115469638450505840e+01 5.794860775164107736e+01 5.458962599060767218e+01 5.114126276113282898e+01 4.760493101136316341e+01 4.359010174998723386e+01 4.802531619090140680e+01 5.234701674951215722e+01 5.661281070952092165e+01 6.082728784966555935e+01 6.498517502282712144e+01 6.908564776053709977e+01 7.315043767942894704e+01 7.719200728507428266e+01 8.120780318234434958e+01 8.519362163903032581e+01 8.914749025189013310e+01 9.306853286124407987e+01 9.695381027465352020e+01 1.007949487889010101e+02 1.045755021597471313e+02 1.082693007333603532e+02
7.854701416093872979e+01 8.148365692763489676e+01 8.349694653805775602e+01 8.418316135626906771e+01 8.415726630009335452e+01 8.357942900183559232e+01 8.289885123568343772e+01 8.093281906724247676e+01 7.847933347846327479e+01 7.571610034662597855e+01 7.277384507239685263e+01 6.974835414112868648e+01 6.668683414841572699e+01 6.359439720804311236e+01 6.051243371230013679e+01 5.748554617290955804e+01 5.447370562909602398e+01 5.133653588599728579e+01 4.795841952846057410e+01 4.481798852907395059e+01 4.244491744521217669e+01 4.762649501115114248e+01 5.233172872905829109e+01 5.681901645038679050e+01 6.116578469533968843e+01 6.541353982442311121e+01 6.958563186604622786e+01 7.369794271008734654e+01 7.776041420151322825e+01 8.177952541088814087e+01 8.576084092078058063e+01 8.970898696324341870e+01 9.362563222129017504e+01 9.750674546886430960e+01 1.013401089738048597e+02 1.051035634739780562e+02 1.087639831513970847e+02
7.653275041012263102e+01 7.892182236076297386e+01 8.058201175127905458e+01 8.105856541421542261e+01 8.097781862566145605e+01 8.035178747251919162e+01 7.955082721795918133e+01 7.747084725113148806e+01 7.488535595811939061e+01 7.196976613777238185e+01 6.888844475363123365e+01 6.576709891668318164e+01 6.265315599683048475e+01 5.953529645732513131e+01 5.643981220067531979e+01 5.348938288073880187e+01 5.074458233328777368e+01 4.797112622476569044e+01 4.483229571631198951e+01 4.064717684477216864e+01 4.561559379932946001e+01 4.902488955866930809e+01 5.322298208831021782e+01 5.747742076562204261e+01 6.171823680926454614e+01 6.591820179290820647e+01 7.006857081557021161e+01 7.416842385079610267e+01 7.822092350104355774e+01 8.223179846872383791e+01 8.620756820239871843e+01 9.015289653082191990e+01 9.406758597395052846e+01 9.794385878041680371e+01 1.017643165086289088e+02 1.055006517559380654e+02 1.091128233088824544e+02
7.336722823959071604e+01 7.584087513190611674e+01 7.717284286077881461e+01 7.770537732948820064e+01 7.770776471636044391e+01 7.709173264951229498e+01 7.599140371350380008e+01 7.384758728557827112e+01 7.111998428105098924e+01 6.800390724335291281e+01 6.472117952423052145e+01 6.149138231426708501e+01 5.838505471324614859e+01 5.526417454262271178e+01 5.208860896734440615e+01 4.909657369170275842e+01 4.654823886421907986e+01 4.445489152008157419e+01 4.180644457660530122e+01 3.950527197272904090e+01 4.471670111969809369e+01 4.933887149313147091e+01 5.374032599278559275e+01 5.802189421220754184e+01 6.222783833746230187e+01 6.637734811428551041e+01 7.047912378346732964e+01 7.453858287501796553e+01 7.856114646017472580e+01 8.255268851881163528e+01 8.651796900427765991e+01 9.045808480625291281e+01 9.436783662914631066e+01 9.823354014120485544e+01 1.020314806095294387e+02 1.057268753966974231e+02 1.092726709938421976e+02
6.946790668917736866e+01 7.191142762035551073e+01 7.341675190409793572e+01 7.413244374762001598e+01 7.436595881263616548e+01 7.433422293604178321e+01 7.180428341104369849e+01 7.004013618121177842e+01 6.720157899934478962e+01 6.384920316892050351e+01 6.025396063597472107e+01 5.681847425692559739e+01 5.383954033151284335e+01 5.090713599183790450e+01 4.759385460271636248e+01 4.423649859472894263e+01 4.183131816162208594e+01 4.121241032922418412e+01 3.769787656383417840e+01 4.304374348989517074e+01 4.635501172046929241e+01 5.044319803855700712e+01 5.454588819163264901e+01 5.863711414704039271e+01 6.270600995069844430e+01 6.674947053294575028e+01 7.076804972902097290e+01 7.476469439207770051e+01 7.874346116420156250e+01 8.270762488385534539e+01 8.665733606724383264e+01 9.058730421906543029e+01 9.448490922324809560e+01 9.832883068519294056e+01 1.020881880558577421e+02 1.057220281665924091e+02 1.091786387306679273e+02
7.275970759244087560e+01 6.698498649618083789e+01 6.956708888846732464e+01 7.034082809036603123e+01 7.082135116705224220e+01 7.098654959363814498e+01 6.903429216659017698e+01 6.566306850810207152e+01 6.322299995666121220e+01 5.964879057574561472e+01 5.556975463249730041e+01 5.155142549542910757e+01 4.883350349864535644e+01 4.651756532176938919e+01 4.351208504001103705e+01 3.862500250566976234e+01 3.707393239883379721e+01 3.613855699569995039e+01 4.070989053978795624e+01 4.377683771337692065e+01 4.742657972823592161e+01 5.122578285956456057e+01 5.511353543398396937e+01 5.904247699485494394e+01 6.298307289111070872e+01 6.692152893479011766e+01 7.085437629948162908e+01 7.478438985022107488e+01 7.871569692571010535e+01 8.264919041507978648e+01 8.657935905847833169e+01 9.049279940050820414e+01 9.436770244307209055e+01 9.817365143768631697e+01 1.018714936131800783e+02 1.054134003856760984e+02 1.087431794128687272e+02
