output_new_topo_ddd_5/.ipynb_checkpoints/finaltopo_topographic__elevation-checkpoint.asc
ncols 300
nrows 100
xllcorner 0.0
yllcorner 0.0
cellsize 10.0
[rows 0 to 16 of 100, columns 259 to 295 of 300]
8.558760709112515075e-01 4.637947180759151022e-01 8.975318077950498186e-01 4.271665008614665693e-01 7.967326078876013629e-02 4.585870800334856945e-01 2.135230554179282647e-01 9.016794636635427906e-01 9.130430327961202019e-01 3.110474077118994263e-01 7.561927583261761621e-01 5.481279288286484697e-01 1.970704724826475296e-01 6.752176118276975725e-01 7.030655677285537752e-01 5.239984173062764983e-01 8.090451441349940653e-01 7.214863921778715827e-01 8.819433512669672126e-03 9.204814876031305326e-01 1.360023707439242946e-01 2.524162900606833349e-01 9.035168978130523332e-01 7.628555780108925433e-01 2.706558775334335643e-01 5.780205874859454251e-01 8.090542480375775281e-01 4.652453858008310794e-01 5.362341387065493459e-01 8.921469350788557851e-02 8.303007343332711176e-01 6.021741845184318542e-01 3.455170129568579940e-01 4.588366875932033961e-01 8.959305328847502192e-01 5.227982246817538536e-01 1.257307660596309606e-01
1.663146994237710601e+02 1.665780298896556531e+02 1.669593352368867727e+02 1.674516703386379959e+02 1.680290548406092057e+02 1.686660689925633108e+02 1.693427696521172834e+02 1.700443413881766901e+02 1.707598952004137232e+02 1.714813756270997374e+02 1.722026667602828240e+02 1.729188043379832607e+02 1.736251439684050411e+02 1.743086708044391457e+02 1.750040612103849469e+02 1.756791134180274412e+02 1.763225143013152376e+02 1.769264483335898603e+02 1.774840389776150857e+02 1.779883719018005763e+02 1.784321005693108191e+02 1.788059766598360625e+02 1.791079650874149820e+02 1.793330830138903877e+02 1.794755462037786344e+02 1.795300467062594123e+02 1.794995841713077880e+02 1.793886906574815896e+02 1.792128623874910147e+02 1.789893074395101848e+02 1.787369240611930366e+02 1.784763206988048410e+02 1.782293429023552562e+02 1.780149154722583660e+02 1.778359220148055897e+02 1.776990436267618350e+02 1.775951925514324614e+02
1.656904842724038360e+02 1.659400800085750234e+02 1.663423600729271641e+02 1.668768752714971981e+02 1.674966031206792252e+02 1.681711131058594333e+02 1.688802974663663861e+02 1.696102202973474959e+02 1.703509862549946945e+02 1.710954170533619276e+02 1.718381636668596570e+02 1.725751024797503135e+02 1.732935829757601027e+02 1.740831172082008038e+02 1.748121818854727110e+02 1.755011230256129409e+02 1.761509996356140562e+02 1.767581147593833464e+02 1.773170670094429511e+02 1.778214280075988825e+02 1.782630693209681567e+02 1.786454190119433747e+02 1.789571352340834096e+02 1.791894726350991789e+02 1.793342694597999980e+02 1.793781954584639493e+02 1.793371343890017329e+02 1.792000021704024562e+02 1.789926663102237683e+02 1.787338577752197466e+02 1.784437450480901646e+02 1.781448450635120651e+02 1.778636505025868360e+02 1.776346043035640321e+02 1.774405303538563601e+02 1.773080443354885460e+02 1.772046822249621414e+02
1.645568430401114028e+02 1.648002480619977632e+02 1.651841133195995610e+02 1.658200529071507674e+02 1.665219496600502396e+02 1.672653590862795738e+02 1.680331160358320517e+02 1.688137809902726190e+02 1.695995739754363285e+02 1.703850059489548414e+02 1.711660961786415101e+02 1.719287032076330775e+02 1.727916988112921501e+02 1.735962039464359350e+02 1.743546550801629849e+02 1.750705039823708375e+02 1.757438534772869900e+02 1.763718744262582163e+02 1.769498036288618437e+02 1.774705440019311595e+02 1.779395497144030855e+02 1.783454770866101171e+02 1.786770604042640684e+02 1.789228848149154203e+02 1.790620017879122656e+02 1.790853246407670838e+02 1.790243746514612724e+02 1.788456773219906211e+02 1.785769921169198255e+02 1.782501265957839109e+02 1.778865487327669257e+02 1.775100322984293655e+02 1.771468067060838223e+02 1.769116996622101112e+02 1.767068532261105531e+02 1.765719994659521603e+02 1.764677137727179002e+02
1.630146069974630336e+02 1.632574066232920131e+02 1.636168024073826928e+02 1.643859531693157123e+02 1.651972455832685682e+02 1.660316336127157797e+02 1.668760796778979625e+02 1.677229653147970225e+02 1.685676327607982614e+02 1.694069686489128230e+02 1.702256092047672382e+02 1.711674990729061960e+02 1.720488800380514363e+02 1.728872543245134352e+02 1.736826425645146514e+02 1.744354054928793403e+02 1.751443855423659386e+02 1.758065256943296788e+02 1.764159020715408133e+02 1.769807087819865785e+02 1.774896660645221687e+02 1.779312225288664422e+02 1.782924483722688365e+02 1.785490643411087319e+02 1.786648109306894980e+02 1.786610769749113103e+02 1.785719518468287390e+02 1.783391781768076498e+02 1.779940254920537086e+02 1.775672356099031788e+02 1.770967181087573010e+02 1.766065058414625923e+02 1.761227205637805469e+02 1.758838235675369503e+02 1.756671377935627731e+02 1.755277496331691793e+02 1.754225878897920268e+02
1.611435635834745028e+02 1.613993321619082622e+02 1.617455104625150000e+02 1.626694793248753115e+02 1.636074912100078222e+02 1.645457690283654131e+02 1.654770111476360057e+02 1.663989103117270361e+02 1.673108265220786564e+02 1.681973272181574828e+02 1.692247415000236117e+02 1.701879794403659503e+02 1.711106378044025860e+02 1.719925088844209142e+02 1.728332341264913907e+02 1.736319805822432443e+02 1.743867573645556774e+02 1.750926674549397717e+02 1.757609652582829369e+02 1.763810229051705107e+02 1.769419037521746247e+02 1.774307570830358429e+02 1.778206790208712107e+02 1.780697712616048705e+02 1.781546972859796654e+02 1.781160020109581978e+02 1.779900726782859692e+02 1.776922659079282028e+02 1.772589842964374327e+02 1.767205582200866729e+02 1.761105315472959205e+02 1.754730207083878497e+02 1.748334054627372041e+02 1.745843539587910129e+02 1.743507115309623146e+02 1.742058073160344804e+02 1.741018794789079607e+02
1.590014511488543292e+02 1.592938693528206215e+02 1.596606208809290592e+02 1.607555584818219643e+02 1.618287510467521599e+02 1.628743149453545414e+02 1.638945958121959450e+02 1.648943769656985978e+02 1.658602418120364348e+02 1.669793238745112376e+02 1.680292717303865118e+02 1.690401757489091494e+02 1.700123267894933576e+02 1.709456350811664151e+02 1.718394786924658888e+02 1.726924772373846224e+02 1.735004422943097495e+02 1.742776379326722065e+02 1.750144541044753339e+02 1.757013253735336207e+02 1.763267513444629060e+02 1.768634757349194047e+02 1.772676468318658465e+02 1.774921597363494925e+02 1.775420536789005439e+02 1.774606499121774448e+02 1.772884389447777949e+02 1.769157669662994863e+02 1.763857705517288537e+02 1.757284631621443225e+02 1.749728119379611258e+02 1.741538808043504503e+02 1.733229202344891462e+02 1.730402860165603727e+02 1.727802029625537159e+02 1.726310864581124349e+02 1.725337077002700710e+02
1.566241309782276971e+02 1.569859046688049204e+02 1.574450894087957238e+02 1.587245377025793971e+02 1.599285767447671276e+02 1.610730931412162192e+02 1.621773381986535298e+02 1.632339192129269918e+02 1.644501636142112488e+02 1.655908580427654897e+02 1.666929237460136335e+02 1.677577202904994351e+02 1.687858854733451039e+02 1.697773809062615271e+02 1.707314532676685701e+02 1.716444520449870197e+02 1.725334363463090597e+02 1.733899453949001384e+02 1.742061945708500730e+02 1.749728158064126831e+02 1.756636239710356335e+02 1.762330053870965401e+02 1.766388064993779778e+02 1.768292896676345265e+02 1.768385156949798898e+02 1.767057585574868597e+02 1.764740959732010310e+02 1.760186087938438675e+02 1.753864952443334460e+02 1.746081152260196632e+02 1.737073724748370864e+02 1.727058499343958147e+02 1.716385411409531798e+02 1.712650294269510312e+02 1.709692240995749728e+02 1.708234608496966018e+02 1.707429316220992632e+02
1.540253004344423005e+02 1.544869268753846541e+02 1.551833415405591552e+02 1.566631855769775825e+02 1.579606385889454998e+02 1.591839873637981952e+02 1.603411428147050515e+02 1.616589810350154721e+02 1.628934435129977203e+02 1.640883506255819668e+02 1.652467131780406362e+02 1.663703165786242835e+02 1.674599831574474251e+02 1.685157416886260648e+02 1.695344694431545349e+02 1.705357914235815144e+02 1.715124065102312727e+02 1.724584546588251044e+02 1.733670770385962783e+02 1.742140580111134227e+02 1.749531715116061150e+02 1.755437683084576577e+02 1.759417480377892673e+02 1.760944441271425092e+02 1.760581349378386733e+02 1.758635247217452218e+02 1.755442030472216572e+02 1.750028084113887701e+02 1.742697213520190189e+02 1.733732618749483549e+02 1.723381904107882860e+02 1.711742577137453338e+02 1.698344375308932968e+02 1.692412500082422468e+02 1.689217675562088630e+02 1.687996924413515387e+02 1.687527216963641763e+02
1.511978605409619263e+02 1.517272133355347989e+02 1.532381887244588086e+02 1.546133920638608572e+02 1.559478113726459583e+02 1.572086551008347897e+02 1.586299954070123306e+02 1.599598163456052475e+02 1.612479707578211219e+02 1.624994302747280130e+02 1.637175050054318888e+02 1.649041656785862244e+02 1.660603862678630094e+02 1.671836165973246580e+02 1.682958209957781719e+02 1.693908195462270498e+02 1.704646577673351260e+02 1.715130872974525857e+02 1.725143601753587461e+02 1.734224780364578749e+02 1.741989149004004105e+02 1.748011919567478856e+02 1.751869645499044736e+02 1.752987544664934205e+02 1.752176001658826010e+02 1.749901036268413179e+02 1.744611515505211514e+02 1.738601690049002002e+02 1.730357012389866043e+02 1.720306721232967107e+02 1.708749964327726616e+02 1.695975268852093052e+02 1.682427322827987553e+02 1.668646065206085325e+02 1.666402124152651538e+02 1.665779244431098221e+02 1.665865690547080646e+02
1.480902173591271662e+02 1.496134914946845527e+02 1.510703281263861584e+02 1.525031761949555857e+02 1.538646904979953831e+02 1.553887003432766676e+02 1.568138809003600898e+02 1.581945102802724819e+02 1.595374181184008080e+02 1.608476658623422395e+02 1.621286582618065779e+02 1.633825256125409169e+02 1.646073865236792813e+02 1.658273256211392379e+02 1.670372278897957585e+02 1.682349285257006102e+02 1.694187104275234219e+02 1.705695042293913559e+02 1.716420970687251781e+02 1.726007056458760758e+02 1.734047239934805020e+02 1.740152363025698889e+02 1.743816834514792333e+02 1.744485222786961458e+02 1.743121898702031842e+02 1.740210009174606967e+02 1.734244720022622062e+02 1.725593445074898682e+02 1.716787572196849965e+02 1.705768547341278065e+02 1.693084338628456180e+02 1.679053159137750413e+02 1.663904488987213597e+02 1.646830611971188318e+02 1.641567407555231739e+02 1.641828724909588573e+02 1.642698309079121941e+02
1.454634748396242969e+02 1.472832770703702749e+02 1.488619755523983770e+02 1.503314729697829648e+02 1.519586604469043323e+02 1.534789006076535998e+02 1.549506846797181083e+02 1.563826851639375661e+02 1.577818770128767767e+02 1.591533743923380655e+02 1.605007321596411316e+02 1.618229245062168218e+02 1.631459921021170203e+02 1.644658516643655446e+02 1.657819693740261471e+02 1.670949656537453336e+02 1.683884465865797324e+02 1.696182852545596234e+02 1.707517982932382097e+02 1.717507870433048538e+02 1.725805846740854008e+02 1.732005638058763282e+02 1.735276780067717084e+02 1.735518764562210094e+02 1.733487715225579677e+02 1.729626384299955077e+02 1.722816111723547010e+02 1.713441297444551878e+02 1.701565078903890083e+02 1.690059324930470552e+02 1.676366955266751972e+02 1.661190135783041626e+02 1.644986251329076765e+02 1.628665454316386842e+02 1.612797001240945178e+02 1.616391798442901688e+02 1.618296498717557768e+02
1.433893967222998924e+02 1.450454099372698522e+02 1.466268606470898135e+02 1.483598765059088009e+02 1.499759012470271387e+02 1.515378752066908135e+02 1.530566057641961493e+02 1.545411737252794921e+02 1.559986730555317536e+02 1.574343954080074184e+02 1.588484587992458330e+02 1.602688008554345345e+02 1.616924155028060852e+02 1.631202649768542301e+02 1.645550686831283258e+02 1.659829640494747593e+02 1.673609963475750817e+02 1.686595993031489229e+02 1.698430697749750777e+02 1.708808940325105823e+02 1.717381722198532827e+02 1.723515020907543942e+02 1.726368297741029494e+02 1.726237037341279006e+02 1.723975494965408757e+02 1.717682676398790136e+02 1.710383041187197080e+02 1.700161866392724903e+02 1.687576175053350482e+02 1.672644162226766298e+02 1.658544281454755094e+02 1.642263409596996269e+02 1.624654292795915751e+02 1.606245136540890428e+02 1.587374109631618069e+02 1.590625731663588454e+02 1.592966298641895264e+02
1.410555263210340797e+02 1.427715864219067612e+02 1.446120569554317399e+02 1.463242818962386309e+02 1.479756879255723732e+02 1.495791249956749311e+02 1.511457025115229555e+02 1.526845961244388263e+02 1.542030898364062352e+02 1.557027830517981499e+02 1.572135654216831995e+02 1.587336702037503926e+02 1.602655126972743176e+02 1.618137083066351067e+02 1.633667321850564065e+02 1.648827712885898507e+02 1.663351849743084756e+02 1.676906296629958319e+02 1.689224510991342925e+02 1.700008283963804843e+02 1.708702876343825494e+02 1.714698504947508582e+02 1.717126035279509892e+02 1.716529717705472535e+02 1.713744887680247189e+02 1.706946896722758140e+02 1.696536742914779552e+02 1.685917864963776083e+02 1.672453204384985384e+02 1.656838095234293746e+02 1.639011006906820285e+02 1.622379866953539249e+02 1.603457457651676634e+02 1.583149156434825215e+02 1.561748508787044045e+02 1.564033999362606551e+02 1.566686088880538534e+02
1.388074743705234084e+02 1.407403566398294004e+02 1.425443974702016874e+02 1.442829090986831204e+02 1.459687854866825205e+02 1.476142714884418012e+02 1.492302483074082033e+02 1.508259707872696254e+02 1.524047532024212046e+02 1.539985355341349020e+02 1.556070522458244341e+02 1.572342585823452623e+02 1.588865691090846610e+02 1.605546441241535547e+02 1.621977637374511687e+02 1.637919171242754715e+02 1.653058606744327790e+02 1.667164187946356719e+02 1.679983635700593538e+02 1.691027460190993850e+02 1.699776225711807172e+02 1.705619390333531271e+02 1.707600749738449792e+02 1.706438433324732955e+02 1.702887017572656703e+02 1.695340950071472435e+02 1.684402744133845147e+02 1.670141623887955404e+02 1.656420257657865704e+02 1.639921856354620502e+02 1.621472323161381723e+02 1.600901704232661302e+02 1.581713825792657815e+02 1.559788384568124400e+02 1.535948494321077646e+02 1.536043126249816169e+02 1.539347143698302318e+02
1.367694675634193118e+02 1.386577553141661951e+02 1.404784676387981222e+02 1.422433791714605320e+02 1.439644837123639718e+02 1.456535300625885725e+02 1.473213185999270252e+02 1.489728226974484926e+02 1.506420207384828416e+02 1.523304129480860070e+02 1.540436847560998785e+02 1.557900907561160011e+02 1.575624363004292832e+02 1.593211254043579288e+02 1.610444748039104468e+02 1.627030252464727198e+02 1.642766069239777664e+02 1.657440290085611423e+02 1.670619347239581032e+02 1.681856218900871340e+02 1.690651267894610896e+02 1.696337697618216964e+02 1.697911581425884435e+02 1.696470790200525300e+02 1.690721692003020564e+02 1.682926100629679240e+02 1.671244944610730556e+02 1.656525282756995807e+02 1.638748006647219597e+02 1.622166829327551056e+02 1.602870097676004093e+02 1.581817572770877689e+02 1.558737806488852868e+02 1.536987832027230354e+02 1.510233778376745590e+02 1.505623849921660735e+02 1.510881999168840650e+02
1.346836298493514334e+02 1.365803290360396431e+02 1.384202055205155375e+02 1.402131680971301080e+02 1.419712732110076274e+02 1.437063539066850240e+02 1.454246900249441694e+02 1.471620309289575630e+02 1.489217541557076174e+02 1.507114617835735828e+02 1.525413900716816897e+02 1.544065863306133792e+02 1.562687653137818415e+02 1.581083615960170903e+02 1.598974227075512431e+02 1.616182849627952578e+02 1.632531788002329733e+02 1.647634588392096759e+02 1.661103064932676148e+02 1.672523575102475490e+02 1.681356106797935581e+02 1.686887313369063861e+02 1.688059211395349735e+02 1.686131790694903145e+02 1.679353597936971596e+02 1.669057843218730852e+02 1.657271816934910760e+02 1.641798153764400752e+02 1.623645218733735760e+02 1.602682682584581073e+02 1.583488318507952499e+02 1.561668010983845534e+02 1.538383362473449267e+02 1.513554046067378067e+02 1.492020557755557206e+02 1.470121584934942973e+02 1.481553519456892332e+02
