output_new_topo_ddd_5/finaltopo_flow__link_to_receiver_node.asc
ncols 300
nrows 100
xllcorner 0.0
yllcorner 0.0
cellsize 10.0
[rows 51 to 67 of 100, columns 37 to 73 of 300]
2.878900000000000000e+04 2.879000000000000000e+04 2.849100000000000000e+04 2.879100000000000000e+04 2.879200000000000000e+04 2.879300000000000000e+04 2.879400000000000000e+04 2.879500000000000000e+04 2.879600000000000000e+04 2.879700000000000000e+04 2.879800000000000000e+04 2.879900000000000000e+04 2.880000000000000000e+04 2.880100000000000000e+04 2.880200000000000000e+04 2.880300000000000000e+04 2.880400000000000000e+04 2.880500000000000000e+04 2.880600000000000000e+04 2.880700000000000000e+04 2.880800000000000000e+04 2.880900000000000000e+04 2.881000000000000000e+04 2.881100000000000000e+04 2.881200000000000000e+04 2.881300000000000000e+04 8.783000000000000000e+04 8.783200000000000000e+04 8.783400000000000000e+04 8.783600000000000000e+04 2.851900000000000000e+04 2.852000000000000000e+04 2.852100000000000000e+04 2.852200000000000000e+04 2.852300000000000000e+04 2.852400000000000000e+04 2.852500000000000000e+04
2.819000000000000000e+04 2.819100000000000000e+04 2.789200000000000000e+04 2.819200000000000000e+04 2.819300000000000000e+04 2.819400000000000000e+04 2.819500000000000000e+04 2.819600000000000000e+04 2.819700000000000000e+04 2.819800000000000000e+04 2.819900000000000000e+04 2.820000000000000000e+04 2.820100000000000000e+04 2.820200000000000000e+04 2.820300000000000000e+04 2.820400000000000000e+04 2.820500000000000000e+04 2.820600000000000000e+04 2.820700000000000000e+04 2.820800000000000000e+04 2.820900000000000000e+04 2.821000000000000000e+04 2.821100000000000000e+04 8.722600000000000000e+04 8.722800000000000000e+04 8.723000000000000000e+04 8.723200000000000000e+04 8.723400000000000000e+04 8.723600000000000000e+04 8.723800000000000000e+04 2.792000000000000000e+04 2.792100000000000000e+04 2.792200000000000000e+04 2.792300000000000000e+04 2.792400000000000000e+04 2.792500000000000000e+04 2.792600000000000000e+04
2.759100000000000000e+04 2.759200000000000000e+04 2.729300000000000000e+04 2.759300000000000000e+04 2.759400000000000000e+04 2.759500000000000000e+04 2.759600000000000000e+04 2.759700000000000000e+04 2.759800000000000000e+04 2.759900000000000000e+04 2.760000000000000000e+04 2.760100000000000000e+04 2.760200000000000000e+04 2.760300000000000000e+04 2.760400000000000000e+04 2.760500000000000000e+04 2.760600000000000000e+04 2.760700000000000000e+04 8.661800000000000000e+04 8.662000000000000000e+04 8.662200000000000000e+04 8.662400000000000000e+04 8.662600000000000000e+04 8.662800000000000000e+04 8.663000000000000000e+04 8.663200000000000000e+04 8.663400000000000000e+04 8.663600000000000000e+04 8.663800000000000000e+04 2.732000000000000000e+04 2.732100000000000000e+04 2.732200000000000000e+04 2.732300000000000000e+04 2.732400000000000000e+04 2.732500000000000000e+04 2.732600000000000000e+04 2.732700000000000000e+04
2.699200000000000000e+04 2.699300000000000000e+04 2.669400000000000000e+04 2.699400000000000000e+04 2.699500000000000000e+04 2.699600000000000000e+04 8.599600000000000000e+04 8.599800000000000000e+04 8.600000000000000000e+04 8.600200000000000000e+04 8.600400000000000000e+04 8.600600000000000000e+04 8.600800000000000000e+04 8.601000000000000000e+04 8.601200000000000000e+04 8.601400000000000000e+04 8.601600000000000000e+04 8.601800000000000000e+04 8.602000000000000000e+04 8.602200000000000000e+04 8.602400000000000000e+04 8.602600000000000000e+04 8.602800000000000000e+04 8.603000000000000000e+04 8.603200000000000000e+04 8.603400000000000000e+04 8.603600000000000000e+04 8.603800000000000000e+04 8.604000000000000000e+04 2.672100000000000000e+04 2.672200000000000000e+04 2.672300000000000000e+04 2.672400000000000000e+04 2.672500000000000000e+04 2.672600000000000000e+04 2.672700000000000000e+04 2.672800000000000000e+04
2.639300000000000000e+04 2.639400000000000000e+04 2.609500000000000000e+04 2.639500000000000000e+04 8.539400000000000000e+04 8.539600000000000000e+04 8.539800000000000000e+04 8.540000000000000000e+04 8.540200000000000000e+04 8.540400000000000000e+04 8.540600000000000000e+04 8.540800000000000000e+04 8.541000000000000000e+04 8.541200000000000000e+04 8.541400000000000000e+04 8.541600000000000000e+04 8.541800000000000000e+04 8.542000000000000000e+04 8.542200000000000000e+04 8.542400000000000000e+04 8.542600000000000000e+04 8.542800000000000000e+04 8.543000000000000000e+04 8.543200000000000000e+04 8.543400000000000000e+04 8.543600000000000000e+04 8.543800000000000000e+04 8.544000000000000000e+04 2.612100000000000000e+04 2.612200000000000000e+04 2.612300000000000000e+04 2.612400000000000000e+04 2.612500000000000000e+04 2.612600000000000000e+04 2.612700000000000000e+04 2.612800000000000000e+04 2.612900000000000000e+04
2.579400000000000000e+04 2.579500000000000000e+04 8.479500000000000000e+04 2.549700000000000000e+04 8.479600000000000000e+04 8.479800000000000000e+04 8.480000000000000000e+04 8.480200000000000000e+04 8.480400000000000000e+04 8.480600000000000000e+04 8.480800000000000000e+04 8.481000000000000000e+04 8.481200000000000000e+04 8.481400000000000000e+04 8.481600000000000000e+04 8.481800000000000000e+04 8.482000000000000000e+04 8.482200000000000000e+04 8.482400000000000000e+04 8.482600000000000000e+04 8.482800000000000000e+04 8.483000000000000000e+04 8.483200000000000000e+04 8.483400000000000000e+04 8.483600000000000000e+04 8.483800000000000000e+04 8.484000000000000000e+04 8.484200000000000000e+04 2.552200000000000000e+04 2.552300000000000000e+04 8.485100000000000000e+04 2.552500000000000000e+04 2.552600000000000000e+04 2.552700000000000000e+04 2.552800000000000000e+04 2.552900000000000000e+04 2.553000000000000000e+04
2.519500000000000000e+04 8.479200000000000000e+04 2.519700000000000000e+04 2.489800000000000000e+04 2.519800000000000000e+04 8.420000000000000000e+04 8.420200000000000000e+04 8.420400000000000000e+04 8.420600000000000000e+04 8.420800000000000000e+04 8.421000000000000000e+04 8.421200000000000000e+04 8.421400000000000000e+04 8.421600000000000000e+04 8.421800000000000000e+04 8.422000000000000000e+04 8.422200000000000000e+04 8.422400000000000000e+04 8.422600000000000000e+04 8.422800000000000000e+04 8.423000000000000000e+04 8.423200000000000000e+04 8.423400000000000000e+04 8.423600000000000000e+04 8.423800000000000000e+04 8.424000000000000000e+04 8.424200000000000000e+04 8.424400000000000000e+04 2.492300000000000000e+04 8.425100000000000000e+04 2.492500000000000000e+04 2.492600000000000000e+04 2.492700000000000000e+04 2.492800000000000000e+04 2.492900000000000000e+04 2.493000000000000000e+04 8.426200000000000000e+04
2.459600000000000000e+04 2.459700000000000000e+04 2.459800000000000000e+04 2.429900000000000000e+04 2.459900000000000000e+04 8.360200000000000000e+04 8.360400000000000000e+04 8.360600000000000000e+04 8.360800000000000000e+04 8.361000000000000000e+04 8.361200000000000000e+04 8.361400000000000000e+04 8.361600000000000000e+04 8.361800000000000000e+04 8.362000000000000000e+04 8.362200000000000000e+04 8.362400000000000000e+04 8.362600000000000000e+04 8.362800000000000000e+04 8.363000000000000000e+04 8.363200000000000000e+04 8.363400000000000000e+04 8.363600000000000000e+04 8.363800000000000000e+04 8.364000000000000000e+04 8.364200000000000000e+04 8.364400000000000000e+04 8.364600000000000000e+04 2.432400000000000000e+04 2.432500000000000000e+04 8.365500000000000000e+04 2.432700000000000000e+04 2.432800000000000000e+04 2.432900000000000000e+04 2.433000000000000000e+04 2.433100000000000000e+04 8.366400000000000000e+04
2.399700000000000000e+04 2.399800000000000000e+04 2.399900000000000000e+04 8.300300000000000000e+04 2.370100000000000000e+04 8.300400000000000000e+04 8.300600000000000000e+04 8.300800000000000000e+04 8.301000000000000000e+04 8.301200000000000000e+04 8.301400000000000000e+04 8.301600000000000000e+04 8.301800000000000000e+04 8.302000000000000000e+04 8.302200000000000000e+04 8.302400000000000000e+04 8.302600000000000000e+04 8.302800000000000000e+04 8.303000000000000000e+04 8.303200000000000000e+04 8.303400000000000000e+04 8.303600000000000000e+04 8.303800000000000000e+04 8.304000000000000000e+04 8.304200000000000000e+04 8.304400000000000000e+04 8.304600000000000000e+04 8.304800000000000000e+04 2.372500000000000000e+04 8.305500000000000000e+04 8.305700000000000000e+04 2.372800000000000000e+04 2.372900000000000000e+04 2.373000000000000000e+04 2.373100000000000000e+04 2.373200000000000000e+04 8.306600000000000000e+04
2.339800000000000000e+04 2.339900000000000000e+04 8.300000000000000000e+04 2.340100000000000000e+04 2.310200000000000000e+04 2.340200000000000000e+04 8.240800000000000000e+04 8.241000000000000000e+04 8.241200000000000000e+04 8.241400000000000000e+04 8.241600000000000000e+04 8.241800000000000000e+04 8.242000000000000000e+04 8.242200000000000000e+04 8.242400000000000000e+04 8.242600000000000000e+04 8.242800000000000000e+04 8.243000000000000000e+04 8.243200000000000000e+04 8.243400000000000000e+04 8.243600000000000000e+04 8.243800000000000000e+04 8.244000000000000000e+04 8.244200000000000000e+04 8.244400000000000000e+04 8.244600000000000000e+04 8.244800000000000000e+04 2.312500000000000000e+04 8.245500000000000000e+04 2.312700000000000000e+04 8.245900000000000000e+04 2.312900000000000000e+04 2.313000000000000000e+04 2.313100000000000000e+04 2.313200000000000000e+04 2.313300000000000000e+04 8.246800000000000000e+04
2.279900000000000000e+04 2.280000000000000000e+04 2.280100000000000000e+04 2.280200000000000000e+04 8.180900000000000000e+04 2.250400000000000000e+04 8.181000000000000000e+04 8.181200000000000000e+04 8.181400000000000000e+04 8.181600000000000000e+04 8.181800000000000000e+04 8.182000000000000000e+04 8.182200000000000000e+04 8.182400000000000000e+04 8.182600000000000000e+04 8.182800000000000000e+04 8.183000000000000000e+04 8.183200000000000000e+04 8.183400000000000000e+04 8.183600000000000000e+04 8.183800000000000000e+04 8.184000000000000000e+04 8.184200000000000000e+04 8.184400000000000000e+04 8.184600000000000000e+04 8.184800000000000000e+04 8.185000000000000000e+04 2.252600000000000000e+04 8.185700000000000000e+04 8.185900000000000000e+04 8.186100000000000000e+04 2.253000000000000000e+04 2.253100000000000000e+04 2.253200000000000000e+04 2.253300000000000000e+04 2.253400000000000000e+04 8.187000000000000000e+04
2.220000000000000000e+04 2.220100000000000000e+04 2.220200000000000000e+04 8.180600000000000000e+04 2.220400000000000000e+04 8.121300000000000000e+04 2.190600000000000000e+04 8.121400000000000000e+04 8.121600000000000000e+04 8.121800000000000000e+04 8.122000000000000000e+04 8.122200000000000000e+04 8.122400000000000000e+04 8.122600000000000000e+04 8.122800000000000000e+04 8.123000000000000000e+04 8.123200000000000000e+04 8.123400000000000000e+04 8.123600000000000000e+04 8.123800000000000000e+04 8.124000000000000000e+04 8.124200000000000000e+04 8.124400000000000000e+04 8.124600000000000000e+04 8.124800000000000000e+04 8.125000000000000000e+04 8.125200000000000000e+04 8.125700000000000000e+04 8.125900000000000000e+04 8.126100000000000000e+04 8.126300000000000000e+04 2.193100000000000000e+04 2.193200000000000000e+04 2.193300000000000000e+04 2.193400000000000000e+04 2.193500000000000000e+04 8.127200000000000000e+04
2.160100000000000000e+04 2.160200000000000000e+04 2.160300000000000000e+04 2.160400000000000000e+04 8.121000000000000000e+04 2.160600000000000000e+04 2.130700000000000000e+04 2.160700000000000000e+04 8.061800000000000000e+04 8.062000000000000000e+04 8.062200000000000000e+04 8.062400000000000000e+04 8.062600000000000000e+04 8.062800000000000000e+04 8.063000000000000000e+04 8.063200000000000000e+04 8.063400000000000000e+04 8.063600000000000000e+04 8.063800000000000000e+04 8.064000000000000000e+04 8.064200000000000000e+04 8.064400000000000000e+04 8.064600000000000000e+04 8.064800000000000000e+04 8.065000000000000000e+04 8.065200000000000000e+04 8.065400000000000000e+04 8.065900000000000000e+04 8.066100000000000000e+04 8.066300000000000000e+04 8.066500000000000000e+04 2.133200000000000000e+04 2.133300000000000000e+04 2.133400000000000000e+04 2.133500000000000000e+04 2.133600000000000000e+04 8.067400000000000000e+04
2.100200000000000000e+04 2.100300000000000000e+04 2.100400000000000000e+04 2.100500000000000000e+04 2.100600000000000000e+04 2.100700000000000000e+04 2.070800000000000000e+04 2.100800000000000000e+04 2.100900000000000000e+04 2.101000000000000000e+04 2.101100000000000000e+04 2.101200000000000000e+04 2.101300000000000000e+04 2.101400000000000000e+04 2.101500000000000000e+04 2.101600000000000000e+04 2.101700000000000000e+04 2.101800000000000000e+04 2.101900000000000000e+04 2.102000000000000000e+04 2.102100000000000000e+04 2.102200000000000000e+04 2.102300000000000000e+04 2.102400000000000000e+04 2.102500000000000000e+04 2.102600000000000000e+04 2.072800000000000000e+04 8.006100000000000000e+04 8.006300000000000000e+04 8.006500000000000000e+04 8.006700000000000000e+04 2.073300000000000000e+04 2.073400000000000000e+04 2.073500000000000000e+04 2.073600000000000000e+04 2.073700000000000000e+04 8.007600000000000000e+04
2.040300000000000000e+04 2.040400000000000000e+04 2.040500000000000000e+04 2.040600000000000000e+04 2.040700000000000000e+04 2.040800000000000000e+04 2.010900000000000000e+04 2.040900000000000000e+04 2.041000000000000000e+04 2.041100000000000000e+04 2.041200000000000000e+04 2.041300000000000000e+04 2.041400000000000000e+04 2.041500000000000000e+04 2.041600000000000000e+04 2.041700000000000000e+04 2.041800000000000000e+04 2.041900000000000000e+04 2.042000000000000000e+04 2.042100000000000000e+04 2.042200000000000000e+04 2.042300000000000000e+04 2.042400000000000000e+04 2.042500000000000000e+04 2.042600000000000000e+04 7.945600000000000000e+04 7.946100000000000000e+04 7.946300000000000000e+04 7.946500000000000000e+04 7.946700000000000000e+04 7.946900000000000000e+04 2.013400000000000000e+04 2.013500000000000000e+04 2.013600000000000000e+04 2.013700000000000000e+04 2.013800000000000000e+04 7.947800000000000000e+04
1.980400000000000000e+04 1.980500000000000000e+04 1.980600000000000000e+04 1.980700000000000000e+04 1.980800000000000000e+04 1.980900000000000000e+04 1.951000000000000000e+04 1.981000000000000000e+04 7.882400000000000000e+04 7.882600000000000000e+04 7.882800000000000000e+04 7.883000000000000000e+04 1.981500000000000000e+04 1.981600000000000000e+04 1.981700000000000000e+04 1.981800000000000000e+04 1.981900000000000000e+04 1.982000000000000000e+04 1.982100000000000000e+04 1.982200000000000000e+04 1.982300000000000000e+04 1.982400000000000000e+04 1.982500000000000000e+04 1.982600000000000000e+04 7.885600000000000000e+04 7.885800000000000000e+04 7.886300000000000000e+04 7.886500000000000000e+04 7.886700000000000000e+04 7.886900000000000000e+04 7.887100000000000000e+04 7.887300000000000000e+04 1.953600000000000000e+04 1.953700000000000000e+04 1.953800000000000000e+04 7.887800000000000000e+04 7.888000000000000000e+04
1.920500000000000000e+04 1.920600000000000000e+04 1.920700000000000000e+04 1.920800000000000000e+04 1.920900000000000000e+04 1.921000000000000000e+04 7.822500000000000000e+04 1.891200000000000000e+04 7.822600000000000000e+04 7.822800000000000000e+04 7.823000000000000000e+04 1.921500000000000000e+04 1.921600000000000000e+04 1.921700000000000000e+04 1.921800000000000000e+04 1.921900000000000000e+04 1.922000000000000000e+04 1.922100000000000000e+04 1.922200000000000000e+04 1.922300000000000000e+04 1.922400000000000000e+04 1.922500000000000000e+04 1.922600000000000000e+04 7.825600000000000000e+04 7.825800000000000000e+04 1.893000000000000000e+04 7.826500000000000000e+04 7.826700000000000000e+04 7.826900000000000000e+04 7.827100000000000000e+04 7.827300000000000000e+04 7.827500000000000000e+04 1.893700000000000000e+04 1.893800000000000000e+04 1.893900000000000000e+04 7.828000000000000000e+04 7.828200000000000000e+04
