output_new_topo_ddd_5/finaltopo_flow__link_to_receiver_node.asc
ncols 300
nrows 100
xllcorner 0.0
yllcorner 0.0
cellsize 10.0
[rows 34 to 50 of 100, columns 259 to 295 of 300]
9.838800000000000000e+04 9.839000000000000000e+04 9.839200000000000000e+04 9.839400000000000000e+04 9.839600000000000000e+04 9.839800000000000000e+04 9.840000000000000000e+04 3.920000000000000000e+04 3.920100000000000000e+04 3.920200000000000000e+04 3.920300000000000000e+04 3.920400000000000000e+04 3.920500000000000000e+04 3.920600000000000000e+04 9.841600000000000000e+04 9.842100000000000000e+04 9.842300000000000000e+04 9.842500000000000000e+04 9.842700000000000000e+04 9.842900000000000000e+04 9.843100000000000000e+04 9.843300000000000000e+04 9.843500000000000000e+04 9.843700000000000000e+04 9.843900000000000000e+04 9.844100000000000000e+04 9.844300000000000000e+04 9.844500000000000000e+04 9.844700000000000000e+04 9.844900000000000000e+04 9.845100000000000000e+04 9.845300000000000000e+04 9.845500000000000000e+04 9.845700000000000000e+04 9.845900000000000000e+04 9.846100000000000000e+04 3.893000000000000000e+04
9.779000000000000000e+04 9.779200000000000000e+04 9.779400000000000000e+04 9.779600000000000000e+04 9.779800000000000000e+04 3.859900000000000000e+04 3.860000000000000000e+04 3.860100000000000000e+04 3.860200000000000000e+04 3.860300000000000000e+04 3.860400000000000000e+04 3.860500000000000000e+04 3.860600000000000000e+04 3.860700000000000000e+04 3.860800000000000000e+04 9.782300000000000000e+04 9.782500000000000000e+04 9.782700000000000000e+04 9.782900000000000000e+04 9.783100000000000000e+04 9.783300000000000000e+04 9.783500000000000000e+04 9.783700000000000000e+04 9.783900000000000000e+04 9.784100000000000000e+04 9.784300000000000000e+04 9.784500000000000000e+04 9.784700000000000000e+04 9.784900000000000000e+04 9.785100000000000000e+04 9.785300000000000000e+04 9.785500000000000000e+04 9.785700000000000000e+04 9.785900000000000000e+04 9.786100000000000000e+04 9.786300000000000000e+04 3.833100000000000000e+04
9.719200000000000000e+04 9.719400000000000000e+04 3.799700000000000000e+04 3.799800000000000000e+04 3.799900000000000000e+04 3.800000000000000000e+04 3.800100000000000000e+04 3.800200000000000000e+04 3.800300000000000000e+04 3.800400000000000000e+04 3.800500000000000000e+04 3.800600000000000000e+04 3.800700000000000000e+04 3.800800000000000000e+04 3.800900000000000000e+04 9.722500000000000000e+04 9.722700000000000000e+04 9.722900000000000000e+04 9.723100000000000000e+04 9.723300000000000000e+04 9.723500000000000000e+04 9.723700000000000000e+04 9.723900000000000000e+04 9.724100000000000000e+04 9.724300000000000000e+04 9.724500000000000000e+04 9.724700000000000000e+04 9.724900000000000000e+04 9.725100000000000000e+04 9.725300000000000000e+04 9.725500000000000000e+04 9.725700000000000000e+04 9.725900000000000000e+04 9.726100000000000000e+04 9.726300000000000000e+04 9.726500000000000000e+04 3.773200000000000000e+04
3.739600000000000000e+04 3.739700000000000000e+04 3.739800000000000000e+04 3.739900000000000000e+04 3.740000000000000000e+04 3.740100000000000000e+04 3.740200000000000000e+04 3.740300000000000000e+04 3.740400000000000000e+04 3.740500000000000000e+04 3.740600000000000000e+04 3.740700000000000000e+04 3.740800000000000000e+04 3.740900000000000000e+04 9.662500000000000000e+04 9.662700000000000000e+04 9.662900000000000000e+04 9.663100000000000000e+04 9.663300000000000000e+04 9.663500000000000000e+04 9.663700000000000000e+04 9.663900000000000000e+04 9.664100000000000000e+04 9.664300000000000000e+04 9.664500000000000000e+04 9.664700000000000000e+04 9.664900000000000000e+04 9.665100000000000000e+04 9.665300000000000000e+04 9.665500000000000000e+04 9.665700000000000000e+04 9.665900000000000000e+04 9.666100000000000000e+04 9.666300000000000000e+04 9.666500000000000000e+04 9.666700000000000000e+04 3.713300000000000000e+04
3.679700000000000000e+04 3.679800000000000000e+04 3.679900000000000000e+04 3.680000000000000000e+04 3.680100000000000000e+04 3.680200000000000000e+04 3.680300000000000000e+04 3.680400000000000000e+04 3.680500000000000000e+04 3.680600000000000000e+04 3.680700000000000000e+04 3.680800000000000000e+04 3.680900000000000000e+04 3.681000000000000000e+04 9.602700000000000000e+04 9.602900000000000000e+04 9.603100000000000000e+04 9.603300000000000000e+04 9.603500000000000000e+04 9.603700000000000000e+04 9.603900000000000000e+04 9.604100000000000000e+04 9.604300000000000000e+04 9.604500000000000000e+04 9.604700000000000000e+04 9.604900000000000000e+04 9.605100000000000000e+04 9.605300000000000000e+04 9.605500000000000000e+04 9.605700000000000000e+04 9.605900000000000000e+04 9.606100000000000000e+04 9.606300000000000000e+04 9.606500000000000000e+04 9.606700000000000000e+04 9.606900000000000000e+04 3.653400000000000000e+04
3.619800000000000000e+04 3.619900000000000000e+04 3.620000000000000000e+04 3.620100000000000000e+04 3.620200000000000000e+04 3.620300000000000000e+04 3.620400000000000000e+04 3.620500000000000000e+04 3.620600000000000000e+04 3.620700000000000000e+04 3.620800000000000000e+04 3.620900000000000000e+04 3.621000000000000000e+04 3.621100000000000000e+04 3.621300000000000000e+04 3.621400000000000000e+04 3.621500000000000000e+04 3.621600000000000000e+04 3.621700000000000000e+04 3.621800000000000000e+04 3.621900000000000000e+04 3.622000000000000000e+04 3.622100000000000000e+04 3.622200000000000000e+04 3.622300000000000000e+04 3.622400000000000000e+04 3.622500000000000000e+04 3.622600000000000000e+04 3.622700000000000000e+04 3.622800000000000000e+04 3.622900000000000000e+04 3.623000000000000000e+04 3.623100000000000000e+04 3.623200000000000000e+04 3.623300000000000000e+04 3.623400000000000000e+04 9.547300000000000000e+04
3.559900000000000000e+04 3.560000000000000000e+04 3.560100000000000000e+04 3.560200000000000000e+04 3.560300000000000000e+04 3.560400000000000000e+04 3.560500000000000000e+04 3.560600000000000000e+04 3.560700000000000000e+04 3.560800000000000000e+04 3.560900000000000000e+04 3.561000000000000000e+04 3.561100000000000000e+04 3.561200000000000000e+04 3.561400000000000000e+04 3.561500000000000000e+04 3.561600000000000000e+04 3.561700000000000000e+04 3.561800000000000000e+04 3.561900000000000000e+04 3.562000000000000000e+04 3.562100000000000000e+04 3.562200000000000000e+04 3.562300000000000000e+04 3.562400000000000000e+04 3.562500000000000000e+04 3.562600000000000000e+04 3.562700000000000000e+04 3.562800000000000000e+04 3.562900000000000000e+04 3.563000000000000000e+04 3.563100000000000000e+04 3.563200000000000000e+04 3.563300000000000000e+04 3.563400000000000000e+04 3.563500000000000000e+04 9.487500000000000000e+04
3.500000000000000000e+04 3.500100000000000000e+04 3.500200000000000000e+04 3.500300000000000000e+04 3.500400000000000000e+04 3.500500000000000000e+04 3.500600000000000000e+04 3.500700000000000000e+04 3.500800000000000000e+04 3.500900000000000000e+04 3.501000000000000000e+04 3.501100000000000000e+04 3.501200000000000000e+04 3.501300000000000000e+04 3.501500000000000000e+04 3.501600000000000000e+04 3.501700000000000000e+04 3.501800000000000000e+04 3.501900000000000000e+04 3.502000000000000000e+04 3.502100000000000000e+04 3.502200000000000000e+04 3.502300000000000000e+04 3.502400000000000000e+04 3.502500000000000000e+04 3.502600000000000000e+04 3.502700000000000000e+04 3.502800000000000000e+04 3.502900000000000000e+04 3.503000000000000000e+04 3.503100000000000000e+04 3.503200000000000000e+04 3.503300000000000000e+04 3.503400000000000000e+04 3.503500000000000000e+04 3.503600000000000000e+04 9.427700000000000000e+04
3.440100000000000000e+04 3.440200000000000000e+04 3.440300000000000000e+04 3.440400000000000000e+04 3.440500000000000000e+04 3.440600000000000000e+04 3.440700000000000000e+04 3.440800000000000000e+04 3.440900000000000000e+04 3.441000000000000000e+04 3.441100000000000000e+04 3.441200000000000000e+04 3.441300000000000000e+04 3.441400000000000000e+04 3.441600000000000000e+04 3.441700000000000000e+04 3.441800000000000000e+04 3.441900000000000000e+04 3.442000000000000000e+04 3.442100000000000000e+04 3.442200000000000000e+04 3.442300000000000000e+04 3.442400000000000000e+04 3.442500000000000000e+04 3.442600000000000000e+04 3.442700000000000000e+04 3.442800000000000000e+04 3.442900000000000000e+04 3.443000000000000000e+04 3.443100000000000000e+04 3.443200000000000000e+04 3.443300000000000000e+04 3.443400000000000000e+04 3.443500000000000000e+04 3.443600000000000000e+04 3.443700000000000000e+04 3.443800000000000000e+04
3.380200000000000000e+04 3.380300000000000000e+04 3.380400000000000000e+04 3.380500000000000000e+04 3.380600000000000000e+04 3.380700000000000000e+04 3.380800000000000000e+04 3.380900000000000000e+04 3.381000000000000000e+04 3.381100000000000000e+04 3.381200000000000000e+04 3.381300000000000000e+04 3.381400000000000000e+04 3.381500000000000000e+04 3.381700000000000000e+04 3.381800000000000000e+04 3.381900000000000000e+04 3.382000000000000000e+04 3.382100000000000000e+04 3.382200000000000000e+04 3.382300000000000000e+04 3.382400000000000000e+04 3.382500000000000000e+04 3.382600000000000000e+04 3.382700000000000000e+04 9.305900000000000000e+04 3.382900000000000000e+04 9.306300000000000000e+04 9.306500000000000000e+04 9.306700000000000000e+04 9.306900000000000000e+04 9.307100000000000000e+04 9.307300000000000000e+04 9.307500000000000000e+04 9.307700000000000000e+04 9.307900000000000000e+04 3.383900000000000000e+04
9.300700000000000000e+04 9.300900000000000000e+04 9.301100000000000000e+04 9.301300000000000000e+04 9.301500000000000000e+04 9.301700000000000000e+04 9.301900000000000000e+04 9.302100000000000000e+04 3.321100000000000000e+04 3.321200000000000000e+04 3.321300000000000000e+04 3.321400000000000000e+04 3.321500000000000000e+04 3.321600000000000000e+04 3.321800000000000000e+04 3.321900000000000000e+04 3.322000000000000000e+04 3.322100000000000000e+04 3.322200000000000000e+04 3.322300000000000000e+04 3.322400000000000000e+04 3.322500000000000000e+04 3.322600000000000000e+04 3.322700000000000000e+04 3.322800000000000000e+04 3.322900000000000000e+04 3.323000000000000000e+04 3.323100000000000000e+04 3.323200000000000000e+04 3.323300000000000000e+04 3.323400000000000000e+04 3.323500000000000000e+04 3.323600000000000000e+04 3.323700000000000000e+04 3.323800000000000000e+04 3.323900000000000000e+04 3.324000000000000000e+04
3.260400000000000000e+04 3.260500000000000000e+04 3.260600000000000000e+04 3.260700000000000000e+04 3.260800000000000000e+04 3.260900000000000000e+04 3.261000000000000000e+04 3.261100000000000000e+04 3.261200000000000000e+04 3.261300000000000000e+04 3.261400000000000000e+04 3.261500000000000000e+04 3.261600000000000000e+04 3.261700000000000000e+04 3.261900000000000000e+04 3.262000000000000000e+04 3.262100000000000000e+04 3.262200000000000000e+04 3.262300000000000000e+04 3.262400000000000000e+04 3.262500000000000000e+04 3.262600000000000000e+04 3.262700000000000000e+04 3.262800000000000000e+04 3.262900000000000000e+04 3.263000000000000000e+04 3.263100000000000000e+04 3.263200000000000000e+04 3.263300000000000000e+04 3.263400000000000000e+04 3.263500000000000000e+04 3.263600000000000000e+04 3.263700000000000000e+04 3.263800000000000000e+04 3.263900000000000000e+04 3.264000000000000000e+04 3.264100000000000000e+04
3.200500000000000000e+04 3.200600000000000000e+04 3.200700000000000000e+04 3.200800000000000000e+04 3.200900000000000000e+04 3.201000000000000000e+04 3.201100000000000000e+04 3.201200000000000000e+04 3.201300000000000000e+04 3.201400000000000000e+04 3.201500000000000000e+04 3.201600000000000000e+04 3.201700000000000000e+04 3.201800000000000000e+04 3.202000000000000000e+04 3.202100000000000000e+04 3.202200000000000000e+04 3.202300000000000000e+04 3.202400000000000000e+04 3.202500000000000000e+04 3.202600000000000000e+04 3.202700000000000000e+04 3.202800000000000000e+04 3.202900000000000000e+04 3.203000000000000000e+04 3.203100000000000000e+04 3.203200000000000000e+04 3.203300000000000000e+04 3.203400000000000000e+04 3.203500000000000000e+04 3.203600000000000000e+04 3.203700000000000000e+04 3.203800000000000000e+04 3.203900000000000000e+04 3.204000000000000000e+04 9.128500000000000000e+04 3.204200000000000000e+04
3.140600000000000000e+04 3.140700000000000000e+04 3.140800000000000000e+04 3.140900000000000000e+04 3.141000000000000000e+04 3.141100000000000000e+04 3.141200000000000000e+04 3.141300000000000000e+04 3.141400000000000000e+04 3.141500000000000000e+04 3.141600000000000000e+04 3.141700000000000000e+04 3.141800000000000000e+04 3.141900000000000000e+04 3.142100000000000000e+04 3.142200000000000000e+04 3.142300000000000000e+04 3.142400000000000000e+04 3.142500000000000000e+04 3.142600000000000000e+04 3.142700000000000000e+04 3.142800000000000000e+04 3.142900000000000000e+04 3.143000000000000000e+04 3.143100000000000000e+04 3.143200000000000000e+04 3.143300000000000000e+04 3.143400000000000000e+04 3.143500000000000000e+04 3.143600000000000000e+04 3.143700000000000000e+04 3.143800000000000000e+04 3.143900000000000000e+04 3.144000000000000000e+04 3.144100000000000000e+04 3.144200000000000000e+04 9.068900000000000000e+04
3.080700000000000000e+04 3.080800000000000000e+04 3.080900000000000000e+04 3.081000000000000000e+04 3.081100000000000000e+04 3.081200000000000000e+04 3.081300000000000000e+04 3.081400000000000000e+04 3.081500000000000000e+04 3.081600000000000000e+04 3.081700000000000000e+04 3.081800000000000000e+04 3.081900000000000000e+04 3.082000000000000000e+04 3.082200000000000000e+04 3.082300000000000000e+04 3.082400000000000000e+04 3.082500000000000000e+04 3.082600000000000000e+04 3.082700000000000000e+04 3.082800000000000000e+04 3.082900000000000000e+04 3.083000000000000000e+04 3.083100000000000000e+04 3.083200000000000000e+04 3.083300000000000000e+04 3.083400000000000000e+04 3.083500000000000000e+04 3.083600000000000000e+04 3.083700000000000000e+04 9.007900000000000000e+04 9.008100000000000000e+04 9.008300000000000000e+04 9.008500000000000000e+04 3.084200000000000000e+04 3.084300000000000000e+04 3.084400000000000000e+04
3.020800000000000000e+04 3.020900000000000000e+04 3.021000000000000000e+04 3.021100000000000000e+04 3.021200000000000000e+04 3.021300000000000000e+04 3.021400000000000000e+04 3.021500000000000000e+04 3.021600000000000000e+04 3.021700000000000000e+04 3.021800000000000000e+04 3.021900000000000000e+04 3.022000000000000000e+04 3.022200000000000000e+04 3.022300000000000000e+04 3.022400000000000000e+04 3.022500000000000000e+04 3.022600000000000000e+04 3.022700000000000000e+04 3.022800000000000000e+04 3.022900000000000000e+04 3.023000000000000000e+04 3.023100000000000000e+04 3.023200000000000000e+04 3.023300000000000000e+04 3.023400000000000000e+04 3.023500000000000000e+04 3.023600000000000000e+04 3.023700000000000000e+04 3.023800000000000000e+04 3.023900000000000000e+04 3.024000000000000000e+04 3.024100000000000000e+04 3.024200000000000000e+04 8.948900000000000000e+04 8.949100000000000000e+04 8.949300000000000000e+04
2.960900000000000000e+04 2.961000000000000000e+04 2.961100000000000000e+04 2.961200000000000000e+04 2.961300000000000000e+04 2.961400000000000000e+04 2.961500000000000000e+04 2.961600000000000000e+04 2.961700000000000000e+04 2.961800000000000000e+04 2.961900000000000000e+04 2.962000000000000000e+04 2.962100000000000000e+04 8.884900000000000000e+04 2.962400000000000000e+04 2.962500000000000000e+04 2.962600000000000000e+04 2.962700000000000000e+04 2.962800000000000000e+04 2.962900000000000000e+04 2.963000000000000000e+04 2.963100000000000000e+04 2.963200000000000000e+04 2.963300000000000000e+04 2.963400000000000000e+04 2.963500000000000000e+04 2.963600000000000000e+04 2.963700000000000000e+04 2.963800000000000000e+04 2.963900000000000000e+04 2.964000000000000000e+04 2.964100000000000000e+04 2.964200000000000000e+04 2.964300000000000000e+04 2.964400000000000000e+04 2.964500000000000000e+04 2.964600000000000000e+04
