output_new_topo_ddd_5/finaltopo_topographic__steepest_slope.asc
ncols 300
nrows 100
xllcorner 0.0
yllcorner 0.0
cellsize 10.0
[rows 34 to 50 of 100, columns 185 to 221 of 300]
4.889783159425519221e-01 4.799643659288420627e-01 4.676528640191975339e-01 4.511241226540619320e-01 4.288556029467286979e-01 3.981582603914120000e-01 3.537804642076537442e-01 2.834262932100074517e-01 1.725087551657079332e-01 2.504621395962317032e-01 3.166171127613368608e-01 3.642496888640740504e-01 3.980019283516194606e-01 4.198388820553429768e-01 4.335977574112760413e-01 4.451788400115380129e-01 4.543429808739632425e-01 4.609255778179920382e-01 4.648028590383433412e-01 4.675566474064100642e-01 4.680507809611685888e-01 2.773964027474988825e-01 4.529289706410568606e-01 4.397752412869127547e-01 4.205752307288386227e-01 3.970588192823696350e-01 3.657712757143150584e-01 3.273544089484660691e-01 2.787256610946570734e-01 2.618928519144162470e-01 2.625671366899677839e-01 3.026103503398303585e-01 3.521296967556963864e-01 3.879041950831009222e-01 4.149515273009541372e-01 4.360628581842149742e-01 4.529080941546084205e-01
4.805333441440978737e-01 4.712664191155852000e-01 4.585358727815957991e-01 4.411291709536214745e-01 4.183178581062975132e-01 3.864779775982441490e-01 3.389360894053708995e-01 2.536143024040848348e-01 1.702774549307062291e-01 2.619689226320466302e-01 3.222895409596190919e-01 3.747398965480653321e-01 4.124856121064855441e-01 4.252375949071877104e-01 4.390219450034172910e-01 4.512122994064436399e-01 4.607329508710715227e-01 4.669206652954288606e-01 4.690167174255028271e-01 4.684316116232250526e-01 4.666438291233290236e-01 2.738330982923400936e-01 4.532777441991979739e-01 4.398443869809434692e-01 4.211811450822029457e-01 3.982823722397235700e-01 3.725417192332775018e-01 3.339382649673973691e-01 3.053035858854968865e-01 2.969977536820010977e-01 2.722042755281137150e-01 2.824923088391538273e-01 3.243987173092051646e-01 3.697331034655008120e-01 4.031493601341310518e-01 4.281666680258382485e-01 4.475532792318546171e-01
4.715480595282059428e-01 4.622032559180098699e-01 4.493632014776721695e-01 4.280139463547783518e-01 4.022915922493439100e-01 3.720039329621158686e-01 3.221043200960975739e-01 2.803963786407359104e-01 1.856471426937070235e-01 2.674313287804194195e-01 3.213137243807946963e-01 3.432111431656864053e-01 3.698481326918482415e-01 4.274107628717004337e-01 4.607279675651940742e-01 4.554265550738557655e-01 4.684514872885481851e-01 4.765095116512568785e-01 4.773690734881141373e-01 4.705681346018287803e-01 4.605323231021045127e-01 2.681963646272862434e-01 4.511313472907872435e-01 4.372151351200444513e-01 4.189139403016218788e-01 4.001431271604198314e-01 3.740614742764607481e-01 3.341541455261303195e-01 3.319338909027493290e-01 3.267322435135355252e-01 3.072275385777373802e-01 2.810022914627229862e-01 3.027215754525311997e-01 3.429561897720730945e-01 3.850003681690793433e-01 4.164766380627497599e-01 4.392150213813806880e-01
4.586939850673303343e-01 4.501185922211646817e-01 4.464855705433592448e-01 4.196357713085834273e-01 4.118003534400293542e-01 3.848317602945734439e-01 3.534065427223118117e-01 3.037708865798341429e-01 2.119849523475293429e-01 2.687195728000153494e-01 3.327667167724515651e-01 3.839344028248651286e-01 4.348293652242594121e-01 4.585292587248744889e-01 4.271192580665272298e-01 4.441558295204769413e-01 4.816129073848428588e-01 4.898725740515775806e-01 4.912894809864003509e-01 4.855229496691986224e-01 4.420338221555423219e-01 2.576474368870549370e-01 4.440513259254932343e-01 4.309016293567473066e-01 4.166556757296243640e-01 3.988830361578554196e-01 3.745161444749016133e-01 3.546928204757705538e-01 3.574857463241443156e-01 3.527249495871672136e-01 3.374387676046268214e-01 3.111129059230535177e-01 3.020167591194526380e-01 3.219647427381763238e-01 3.500599770742695571e-01 4.064972331713533893e-01 4.302934552097951726e-01
4.889228518400270951e-01 4.838854230451163363e-01 4.695629283468357174e-01 4.555990937536376073e-01 4.344728762690767687e-01 4.106867867696942787e-01 3.764486444992296010e-01 3.231226768777208380e-01 2.340977749977227185e-01 2.519359530727158236e-01 3.082857912149734037e-01 3.497627732431397019e-01 3.788297289276414404e-01 4.018422512247582512e-01 4.237944613009602679e-01 4.313293991762208179e-01 4.144094067303939477e-01 4.098798378865439185e-01 3.982071828002204938e-01 3.785112301211313590e-01 3.975052687897827619e-01 2.532757051146291016e-01 4.314593188275543389e-01 4.237696099154463769e-01 4.120656067493798091e-01 3.966831874266771862e-01 3.732541345807528499e-01 3.738291150005153551e-01 3.788020405951044722e-01 3.749703665916655493e-01 3.631818227050331305e-01 3.427900677229331339e-01 3.095921631075072011e-01 3.130028348743125743e-01 3.455110695328898474e-01 3.883183338772828175e-01 4.240837903961249822e-01
5.195667703243210811e-01 5.079027441646676300e-01 4.947532723236121033e-01 4.756983819671544156e-01 4.560943662139586019e-01 4.302239442220662236e-01 3.937781956980452303e-01 3.411135262811764712e-01 2.556117089320515956e-01 2.436238218811708212e-01 2.805770542365081388e-01 3.342225160485184920e-01 3.716561333214997154e-01 3.956395531803110766e-01 4.108465988697389548e-01 4.185787342303314285e-01 4.175942544736727657e-01 4.236020213607986085e-01 4.204498489371644721e-01 4.669437846648666346e-01 5.041849691494993957e-01 2.334826128090071451e-01 4.193050944639968303e-01 4.152864540251052783e-01 4.081227804666062164e-01 3.975024855827287706e-01 3.863473863074517456e-01 3.957090584927328569e-01 3.975254391184875891e-01 3.938984105478254838e-01 3.847656171415792525e-01 3.683856697616619269e-01 3.408562888536266766e-01 2.954049003213640168e-01 3.090837526165529647e-01 3.424608246561291480e-01 3.751026727824694484e-01
5.394097311998825584e-01 5.274424172110616649e-01 5.108149145457341334e-01 4.936332556750088751e-01 4.724376541295723930e-01 4.447754056801243028e-01 4.084198238349412979e-01 3.568013121232693763e-01 2.750110065861947617e-01 2.474946753725523196e-01 3.042028501089191206e-01 3.418557211481968450e-01 3.704975397852621199e-01 3.929990983296335338e-01 4.094113495863694885e-01 4.177598172232961926e-01 4.471062231115550678e-01 4.645880136941883398e-01 4.718741146140672527e-01 5.036860323672556206e-01 4.739727240735725489e-01 2.423554763808226653e-01 4.064321230253977735e-01 4.070696439748475171e-01 4.078979020726418714e-01 3.983350702961390710e-01 4.052431957789536798e-01 4.132538886762887609e-01 4.131101650257278379e-01 4.096179577041084707e-01 4.025931489584536616e-01 3.900603489454084749e-01 3.682330690808754414e-01 3.339132612086615493e-01 2.823088037314676058e-01 3.055289050759057434e-01 3.517529258677171700e-01
5.558968625172923117e-01 5.411411837283220949e-01 5.258086691153710523e-01 5.074556546018418324e-01 4.847456839159877129e-01 4.567702198004678360e-01 4.203917261266471028e-01 3.697525295717898342e-01 2.909934243334457160e-01 2.451653612311673891e-01 3.122616503746173944e-01 3.583751925500019975e-01 3.974095656791896691e-01 4.314187180736221428e-01 4.548063657600615040e-01 4.704380840326266577e-01 4.827135147828698902e-01 4.912944988608000108e-01 5.088684650783347196e-01 5.219867798230620748e-01 5.368674857381705579e-01 2.271159390815085943e-01 3.745265851072948626e-01 4.112143563969858362e-01 4.142420931618240876e-01 4.200745663031625332e-01 4.257236271684803341e-01 4.276774231212783772e-01 4.255061934202984952e-01 4.222100783448666794e-01 4.171359855115923665e-01 4.080998480202879253e-01 3.916760533271769762e-01 3.650624538724173140e-01 3.252840215590083739e-01 2.664709033622131296e-01 3.099907384174883651e-01
5.682632604920911934e-01 5.543306003863672782e-01 5.379750496780068003e-01 5.183458753178086242e-01 4.950996815156001318e-01 4.665699213192964212e-01 4.300804774987694867e-01 3.802697224046282520e-01 3.042901327838843373e-01 2.320986715794961519e-01 3.121440577152128082e-01 3.659458383042771268e-01 4.078767524079222051e-01 4.485496154831793980e-01 4.801498105261299276e-01 4.977507786632597298e-01 5.130550173588831475e-01 5.273062111967764531e-01 4.994506604367801028e-01 5.364913157529620502e-01 5.124180328809238016e-01 2.128544831135144588e-01 3.831081411325897301e-01 4.480617244291489332e-01 4.264539691241793773e-01 4.369656419134827496e-01 4.404064180940253093e-01 4.384511712893072177e-01 4.346522619305631108e-01 4.317569252617147191e-01 4.286904718298558126e-01 4.230233967528448380e-01 4.113857875542151765e-01 3.909544811178505830e-01 3.592255650421435353e-01 3.127679160587092388e-01 2.712501101613936094e-01
5.800296740853290167e-01 5.653114926938642704e-01 5.479617194647447009e-01 5.278098766923862151e-01 5.038520420755744356e-01 4.747318435813609461e-01 4.380313267053921322e-01 3.888760446054596032e-01 3.159007695112604486e-01 1.996593243528999584e-01 2.849684258610523102e-01 3.468530235650177929e-01 3.851324934949815204e-01 4.095967175270970873e-01 4.286596910971752772e-01 4.444156961276775064e-01 4.563940498841162485e-01 4.606031821714367536e-01 4.714357452283792216e-01 4.632208310370827808e-01 4.520976569392559097e-01 2.656137244825897969e-01 4.300958974485098452e-01 5.013416654462737876e-01 4.412052879475510392e-01 4.515335276994790203e-01 4.516185741772659190e-01 4.458459697699623803e-01 4.406234298733465726e-01 4.383822038396715248e-01 4.374910813942080035e-01 4.352512595621277347e-01 4.279559853718836737e-01 4.125095735235987382e-01 3.873783315313744646e-01 3.511502178638522542e-01 3.041010862419483152e-01
5.895304434988823949e-01 5.740244072722695545e-01 5.563669751240530870e-01 5.356734586412602583e-01 5.110683241097917495e-01 4.813582522889345849e-01 4.443496949479864844e-01 3.954203396743958265e-01 3.237159809116700870e-01 2.069715738655797665e-01 2.561452710232500762e-01 3.337115471783903553e-01 3.720495694472731318e-01 4.006432729332203846e-01 4.218571110435618832e-01 4.376732984621071187e-01 4.489328689155683838e-01 4.557597683213771012e-01 4.589375010334549865e-01 4.545193110839250150e-01 4.419965163687550325e-01 4.334329737451770304e-01 2.196722963713625687e-01 4.354470530316206234e-01 4.589883295273722297e-01 4.648600883337877798e-01 4.607771344519420720e-01 4.501062699576096060e-01 4.435299666166514498e-01 4.422566203113887928e-01 4.437625554201531375e-01 4.451630003391556789e-01 4.420959115306288822e-01 4.306235448097737728e-01 4.100983230585910633e-01 3.801567571493677522e-01 3.385462157378583692e-01
5.947715377176133744e-01 5.792817408927727341e-01 5.615167099531850337e-01 5.405607113910265715e-01 5.154449218680937639e-01 4.853062561243822182e-01 4.480538633699261974e-01 4.005612537553641106e-01 3.217494564475896768e-01 2.223132987330852517e-01 2.432671608727844104e-01 3.019675369344781979e-01 3.513827308640173896e-01 3.856804996499846316e-01 4.106218003183642051e-01 4.291605194860125261e-01 4.431798468640835154e-01 4.541671754015282891e-01 4.636921077729453944e-01 4.737857237648199771e-01 4.888859486351521122e-01 5.119106927837634435e-01 2.783275048004541508e-01 4.720183754303036716e-01 4.780009161812671659e-01 4.773946742547224287e-01 4.688351232350356779e-01 4.510171333998215237e-01 4.434145205596536354e-01 4.435932554294964580e-01 4.477329278572995119e-01 4.531602033827170084e-01 4.545424500079008334e-01 4.461838187531356192e-01 4.288859760823697798e-01 4.027444765619606071e-01 3.647043103166908162e-01
5.240553223470698629e-01 5.216258916446520066e-01 5.154587467462732331e-01 5.043154512424422586e-01 4.863373114294120003e-01 4.602907073437080276e-01 4.218024602271299162e-01 3.665607465224070549e-01 3.040443993461257044e-01 2.394887010876544375e-01 2.064011377917583101e-01 2.876182553418346055e-01 3.385598711539358763e-01 3.751918068978909448e-01 4.021528721885544999e-01 4.223069742728455256e-01 4.375400208410297753e-01 4.492268502512842820e-01 4.584579149927435759e-01 4.658949991169833993e-01 4.716484004501182992e-01 4.746157602291674604e-01 4.638073451086001109e-01 2.731818275966442777e-01 4.872316019416018662e-01 4.890590876144500498e-01 4.768459799736177729e-01 4.474670806975382109e-01 4.402431338714364872e-01 4.426625266924901214e-01 4.495945147175547385e-01 4.596652492737405282e-01 4.661969836846281967e-01 4.599360023348111892e-01 4.448667650629289372e-01 4.215424527124810306e-01 3.818320574845671667e-01
5.079298940244626470e-01 5.025325526788464447e-01 4.935714027212924071e-01 4.801190956789838649e-01 4.617362596563679977e-01 4.349547606701804625e-01 3.910079876317496539e-01 3.456469321654944693e-01 3.181992717082039457e-01 2.644937746756049757e-01 1.827010900348332856e-01 2.522140671102505172e-01 3.169168153225797591e-01 3.595687068768512740e-01 3.902286144933896361e-01 4.128919631930074163e-01 4.297103515140093810e-01 4.420716026920900044e-01 4.509390981422228828e-01 4.568146454983548210e-01 4.597541926330279694e-01 4.594797821933468418e-01 4.559500290430037461e-01 4.443931778370625585e-01 2.812757713844589169e-01 4.945027107504529340e-01 4.872498721729783822e-01 4.364318153058377447e-01 4.341279815839698131e-01 4.398575583781166864e-01 4.493924756887082705e-01 4.650318144685997024e-01 4.782684291301876334e-01 4.724533774914789208e-01 4.588383835845860625e-01 4.395197142115619959e-01 4.065347276851677405e-01
4.931440891190845832e-01 4.843801646012195761e-01 4.721958558589193222e-01 4.567139015929740364e-01 4.375065428170017978e-01 3.772238514537668008e-01 3.703759318754847873e-01 3.590273666621313087e-01 3.361466422743642490e-01 2.929177760053561230e-01 2.069546902833991342e-01 2.172560133633447965e-01 2.984610982531904488e-01 3.438552772382820200e-01 3.778476937083098397e-01 4.031762148254159905e-01 4.219563294860961267e-01 4.357300239885802395e-01 4.454729760913636594e-01 4.517981221970387429e-01 4.550216578920526223e-01 4.552256342913125198e-01 4.524835192040370657e-01 4.473601672237776938e-01 4.344198188210640632e-01 2.781529640896827638e-01 5.032678336750961989e-01 4.745479234627827392e-01 4.260256124845852588e-01 4.358176522765063732e-01 4.468084322748268056e-01 4.693279116364067471e-01 4.925261109668525594e-01 4.839426482117204498e-01 4.735306614386587398e-01 4.319007706655465517e-01 4.801392302482440644e-01
4.763877613919191845e-01 4.643154507412390331e-01 4.456634145692248694e-01 4.284606712776508064e-01 3.923698766562340179e-01 3.887335785663817433e-01 3.833677041458526946e-01 3.737454629358663016e-01 3.553291059015729614e-01 3.201954032764644520e-01 2.575459809664444877e-01 1.854562482871415230e-01 2.557094524868830376e-01 3.174113968392191509e-01 3.594967452978863887e-01 3.902237231555886754e-01 4.128348486756124314e-01 4.295364371656376079e-01 4.416527461571035929e-01 4.500996411868612990e-01 4.554281339712787369e-01 4.578420957608500541e-01 4.571507546142186129e-01 4.524814311341202600e-01 4.410078434935371661e-01 4.395981924633199367e-01 2.325923048872255150e-01 4.563403788602812261e-01 4.326271414163784246e-01 4.315384961501507743e-01 4.407766422692304675e-01 4.719152104327349884e-01 5.118744149355108908e-01 4.968332235718463386e-01 4.405924452889858345e-01 5.428591769090076458e-01 5.159564578699417092e-01
4.554598732954645013e-01 4.467949363414305819e-01 4.235920584717997595e-01 4.175813226422616098e-01 4.073934677936889015e-01 3.991543036609552231e-01 3.938641055237499522e-01 3.886763447968604734e-01 3.746621133606737875e-01 3.442961094858012494e-01 2.973009673154715649e-01 2.214214427938657193e-01 2.108689375492603935e-01 2.943958647362592274e-01 3.417147592571467274e-01 3.768859689565801085e-01 4.036891887043282390e-01 4.242010014164662723e-01 4.398806173014804810e-01 4.518816615635529166e-01 4.611200188032341662e-01 4.683853041416654039e-01 4.747136967593519330e-01 4.835554971975568606e-01 4.996679411439487462e-01 5.264880482069201895e-01 2.702394486038228738e-01 4.606247611177664569e-01 4.310271219012804522e-01 4.245066460267281627e-01 4.289220956221583836e-01 4.707772552167711066e-01 5.439281278288475852e-01 4.605335663459722562e-01 5.396267910916094923e-01 5.803340971526125269e-01 5.044529183727585187e-01
