output_new_topo_ddd_5/finaltopo_soil__depth.asc
ncols 300
nrows 100
xllcorner 0.0
yllcorner 0.0
cellsize 10.0
[rows 68 to 84 of 100, columns 222 to 258 of 300]
8.430908951549961894e-02 4.280370124229333773e-02 1.697024238959229658e-01 6.371931692588528318e-02 7.449630982745820973e-02 3.558160847528662324e-02 4.702841731943419729e-02 5.475942136799669124e-02 5.968161366657898093e-02 6.604231680349507971e-02 6.971926560235465475e-02 1.829661885609921157e-01 1.640974658549354259e-01 1.527878448703519076e-01 1.465829486436892315e-01 2.670159469956959186e-02 2.924729874948659575e-02 1.269443516163759333e-01 3.318310296756798311e-02 3.353581298530992905e-02 3.533326965238786643e-02 3.615525082433730664e-02 3.645451060742601473e-02 3.642355467142158881e-02 3.631429666297435188e-02 3.632767273030788197e-02 3.657585466911510846e-02 3.708313533632216774e-02 3.780408428285984140e-02 3.863453329039567841e-02 3.945559176724943579e-02 4.019428792557147578e-02 4.082310855406239003e-02 4.132899557205783198e-02 4.169682019718745636e-02 4.190776526775291666e-02 4.194305948633866854e-02
4.362733503953394182e-02 8.342824561727982258e-02 4.317406247826691135e-02 1.704654924400329508e-01 7.159590841568709563e-02 3.448891867633079727e-02 4.589766889644542741e-02 5.768976154413135715e-02 5.300695240576167033e-02 5.790940181803432701e-02 1.650995687366111908e-01 3.292825876279788927e-02 4.133349465694460129e-02 4.594614242203806653e-02 4.709259186205302927e-02 5.366992623614050967e-02 6.991183499942001112e-02 1.548832981996461633e-01 3.842869081587652058e-02 4.597906430610437800e-02 4.744026537467743720e-02 4.876017040609137432e-02 4.890324555434907156e-02 4.841803535557448468e-02 4.782310635898091161e-02 4.745694737108089450e-02 4.745832351079384837e-02 4.784836681576234985e-02 4.860289746652191045e-02 4.947447644418438012e-02 5.020964145434311798e-02 5.077272353446170977e-02 5.118889859619882993e-02 5.145896074479181653e-02 5.156203127293283034e-02 5.146135715439849323e-02 5.110504481804705595e-02
7.903055362882213664e-02 4.421637698156155594e-02 8.344489781469373313e-02 6.232733256845632980e-02 1.765607692399184803e-01 3.353298626381395753e-02 3.920721052008364904e-02 4.958320008441819554e-02 1.549317817679763398e-01 1.582695732359999941e-01 4.815464457188785297e-02 3.254173796341408575e-02 4.103770647611328093e-02 4.551818270404348055e-02 5.165424786915281952e-02 5.301410548209798540e-02 5.210892583600112288e-02 4.203485502879711344e-02 1.597651770996482978e-01 4.880782974402832902e-02 5.778308626794326219e-02 5.902924400503480051e-02 5.855966515970672387e-02 5.708347757886453322e-02 5.589225496309691010e-02 5.522227714442583951e-02 5.510504222799653823e-02 5.545611619662658281e-02 5.677144496895330378e-02 5.784787370700476133e-02 5.837027469208053848e-02 5.868063624006548962e-02 5.885424649513009560e-02 5.889244127068748308e-02 5.876345077093708680e-02 5.840166527590769097e-02 5.766545649990510031e-02
4.334535245091421934e-02 8.040658900554892297e-02 5.880468847016676742e-02 7.671267220976790702e-02 6.981170956723967147e-02 1.824960077147996518e-01 1.590136261966620390e-01 1.645201547533893527e-01 4.793809318973649147e-02 5.913514133752905549e-02 4.618387293800314125e-02 3.222029330738403197e-02 4.021871694947701942e-02 4.952936750215921474e-02 4.659391863121083860e-02 4.333561116420590192e-02 3.682278081685031595e-02 3.826352817830100395e-02 3.433873947236509155e-02 1.680969093491911093e-01 5.888141124841026613e-02 7.097318034856754665e-02 6.555717477986956754e-02 6.257942522409605524e-02 6.119237130268265906e-02 6.049080592990581373e-02 6.068448640224103491e-02 5.974238797302581366e-02 6.447671924412873290e-02 6.470915910907587554e-02 6.481198835996974938e-02 6.483593029339228264e-02 6.478161658338406348e-02 6.463035344654312342e-02 6.435047016823358668e-02 6.392138069627310848e-02 6.711830159128573392e-02
7.297197011285948276e-02 5.146358295367767233e-02 7.326522319775381764e-02 6.794972969855020417e-02 7.369859006850469629e-02 6.366890024629846823e-02 7.729051818616497482e-02 7.137611602282110945e-02 4.752768153980624355e-02 5.325510978936921769e-02 4.020205025308390412e-02 3.218474740585783311e-02 4.413626775355078413e-02 4.009762146432600816e-02 3.361871649216968683e-02 3.366118170762893991e-02 4.104861081213286716e-02 4.594289584141540705e-02 5.176465772935021081e-02 3.183961389643041179e-02 1.842361671578722770e-01 6.821279657239597005e-02 6.508500260366498202e-02 6.461704440330519328e-02 6.432946995206931251e-02 6.260529245067032733e-02 6.717488679091052073e-02 1.324831036165626530e-01 1.218293017336529727e-01 1.218210048218740377e-01 1.205881236267669077e-01 1.186248777180115010e-01 1.160477517017757254e-01 1.128571434475121732e-01 1.089779819965645685e-01 1.042454337449866958e-01 9.741169660232047722e-02
4.080446667354711149e-02 6.593719548526534580e-02 5.858882190138166302e-02 6.034934052280101213e-02 6.086085803867583716e-02 7.098487276215530162e-02 5.875978979394711615e-02 6.600718170177855004e-02 4.236571014190856216e-02 4.605172144800211836e-02 3.215576895728494700e-02 3.765342562493245726e-02 3.200277655101792240e-02 3.290000768323590036e-02 4.060577859295809444e-02 4.699323612236867842e-02 5.200942012565732547e-02 5.606659399990146508e-02 5.946129741114779960e-02 6.132787110013329657e-02 1.665135772823744253e-01 7.791058897514796522e-02 6.359009899966863721e-02 6.609097322195447988e-02 6.822830030972180937e-02 1.356908595194221134e-01 1.283471617110458485e-01 8.254895211644847075e-02 7.748540366100559185e-02 7.376841446579275596e-02 7.062593636617563175e-02 6.759957029358591718e-02 6.441375292174236766e-02 6.087903023450853823e-02 5.681968108640087639e-02 5.202450279040275044e-02 4.609153589716145916e-02
5.725039702498793681e-02 4.858984268208292601e-02 4.979627703854210691e-02 5.042734417363170518e-02 6.559876917594982537e-02 5.442320496507383615e-02 5.076564598502693315e-02 4.913070411968516876e-02 3.471548029820626519e-02 3.730315618769535629e-02 2.987381865619354732e-02 3.163051364266425414e-02 3.905965970372628909e-02 4.555581509011472074e-02 5.120061150620741630e-02 5.597487554463757148e-02 6.019730314458589249e-02 6.392327254557488014e-02 6.714998479831076061e-02 6.864860356294506805e-02 1.548576497179881828e-01 3.693466159705533630e-02 1.302390806969760950e-01 1.299316038687367836e-01 1.340540893392425659e-01 8.509362656610419684e-02 8.075307691533395449e-02 7.850861886420520963e-02 7.549943764589513162e-02 7.220906881976268954e-02 6.874890533371222356e-02 6.507803462937007677e-02 6.109402521180406359e-02 5.664868582579836442e-02 5.155494240621980723e-02 4.548885107490711899e-02 3.797234288127841750e-02
3.653873977816043256e-02 3.787107046426462648e-02 3.853261335587437886e-02 5.678460052541714487e-02 4.644201268435853291e-02 4.512104553360304915e-02 3.593133288829840344e-02 3.280033081653344063e-02 3.051480848989049366e-02 3.214232857865147175e-02 3.421415320879970384e-02 3.538411543595765263e-02 3.570664915762179759e-02 3.532917958316868917e-02 3.495065342175120854e-02 4.257207055820876052e-02 4.899271547224475637e-02 5.459241724071253743e-02 5.919625085962754163e-02 6.190704748154306908e-02 1.580197284567244620e-01 1.240453754482784277e-01 9.245802953816652237e-02 9.059296055574921069e-02 9.035227269662968186e-02 9.130013472747980363e-02 9.054042219667218783e-02 8.921431569318710730e-02 8.740160799456681007e-02 8.522124431674149569e-02 8.276038378570253762e-02 8.005409480077835260e-02 7.707488872798715085e-02 7.375397625191180973e-02 6.993743721744619113e-02 6.530447367691023797e-02 5.898790825168762075e-02
3.356131249596843585e-02 3.966847049174504480e-02 4.576782559759074581e-02 3.522696205625324567e-02 3.464327953222320899e-02 3.319782890532286396e-02 3.967546282484834402e-02 3.456274287690728336e-02 3.597042254983912057e-02 3.688787281039872940e-02 4.485786856720463955e-02 4.551258323827820501e-02 4.574420592185788476e-02 4.562809833370903845e-02 4.544231548226655704e-02 3.707390367448289148e-02 3.611834316865424055e-02 3.646196426381918820e-02 4.494877968123293238e-02 5.041434707850422914e-02 1.579324981409144235e-01 7.908010726797076728e-02 8.154226911512985065e-02 8.110594655878301806e-02 8.019458225305028942e-02 7.900961345041954131e-02 7.728998473981696371e-02 7.501600497927185529e-02 7.220565753876309611e-02 6.890305058533734150e-02 6.513986315002211203e-02 6.089954838472547149e-02 5.611019802167084569e-02 5.060464931422480744e-02 4.404553598629612488e-02 3.574668957048268009e-02 5.202344368279503833e-02
4.281042360994732898e-02 3.702161086778837235e-02 3.730736097743354851e-02 3.757939696852263117e-02 3.778844164284022450e-02 3.799915838546846780e-02 3.801361319029269992e-02 5.116816721416547753e-02 4.650841921624453840e-02 4.709988541587277477e-02 4.748705622988032282e-02 5.357288401466830940e-02 5.367812261838692672e-02 5.353392746616478931e-02 5.318514942712768145e-02 5.256982921360077443e-02 4.576353987944631330e-02 4.440830498546696065e-02 3.604660440278262962e-02 4.355407539990324012e-02 1.582707795717982202e-01 8.150493541788421392e-02 8.241143214115509430e-02 8.131954959713011410e-02 7.978761695803379683e-02 7.788676595614915654e-02 7.554416189216187072e-02 7.270466613687762147e-02 6.936155311669099655e-02 6.553189098519389411e-02 6.120963249647810855e-02 5.632100382087727036e-02 5.072756528728442071e-02 4.410201720754577948e-02 3.576026581867962351e-02 5.454653724692142686e-02 4.520540626975017018e-02
4.898343579780500834e-02 5.047577217038428515e-02 4.627493211476858131e-02 4.694441160644111793e-02 4.743744940222593964e-02 4.781347496941145553e-02 4.807285479391902594e-02 4.828048698140111755e-02 5.927342584416615129e-02 5.498380964624286632e-02 5.531254093681863687e-02 5.546797643894201685e-02 6.038783338732039985e-02 6.016906023387506158e-02 5.970440272877641091e-02 5.895752643753191663e-02 5.785704662933380954e-02 5.156979465119419098e-02 4.900696700865021099e-02 3.362213918709253124e-02 1.546886206531968289e-01 8.211182080266614391e-02 8.289922178798704577e-02 8.180545235226310830e-02 7.949044333368454618e-02 7.672343460610263344e-02 7.360747208020744503e-02 7.006016759332599209e-02 6.605134749982881359e-02 6.156188631689001739e-02 5.652595855802108882e-02 5.080504829294990587e-02 4.408525872389929684e-02 3.569645259336830245e-02 5.678211562902946152e-02 4.876282432017470247e-02 3.622847649840284928e-02
3.732412638801140686e-02 5.572132170141028129e-02 5.719405098032122325e-02 5.375736349219639026e-02 5.449018122707939560e-02 5.504557597341657588e-02 5.547441690247334467e-02 5.583035295839943596e-02 5.614636142666545177e-02 6.566927743372220905e-02 6.180026840758420792e-02 6.198966818358064845e-02 6.195163400254471986e-02 6.593762211070396118e-02 6.534245713416175771e-02 6.444557245261632594e-02 6.325764324435187436e-02 6.157260072777707288e-02 5.583696435803744973e-02 4.743399276098068940e-02 1.797871855002484698e-01 1.104538107043956940e-01 1.116913650172012967e-01 8.473101839608682129e-02 7.922470976816474442e-02 7.488110380431688140e-02 7.096697257075913756e-02 6.666531141861657683e-02 6.192790190901059644e-02 5.669019899756558289e-02 5.079488453426587308e-02 4.394644232618513668e-02 3.549938892615266822e-02 5.856152182900895009e-02 5.175176783843117578e-02 3.606335549356957243e-02 4.481149121742647456e-02
3.740305549935506180e-02 4.662846507068951762e-02 6.179022892260335742e-02 6.304750817213702896e-02 6.004156310932654700e-02 6.076743983000387067e-02 6.134527399175099260e-02 6.182851545254625103e-02 6.225543547222531227e-02 6.263592219367361547e-02 7.109952250961189268e-02 6.759284425292720611e-02 6.761040024021404415e-02 6.726395298865385508e-02 7.032605056587093451e-02 6.929146175426488530e-02 6.787237923469377487e-02 6.672890367964916247e-02 5.858484852042135371e-02 1.740425931716846064e-01 7.606346200059135865e-02 4.249751401831120684e-02 4.397231647264150667e-02 1.004171582504527066e-01 8.374253438683570971e-02 8.109801399693419843e-02 6.775242129037993555e-02 6.212741934660560850e-02 5.655664424405365542e-02 5.051186900536394631e-02 4.353782462790604935e-02 3.504566628727715655e-02 5.969182570565093049e-02 5.438053047199153944e-02 3.597425432930771022e-02 4.468949143511914690e-02 5.149956308326475440e-02
4.508319421389627574e-02 3.898374337377416565e-02 5.375101926818098147e-02 6.702261642118909069e-02 6.813919877449879647e-02 6.545617532289425833e-02 6.616367373966024201e-02 6.675192066186980133e-02 6.727000272195098052e-02 6.775748792097263662e-02 6.822178454166594186e-02 7.590275495634217495e-02 7.263560373971997275e-02 7.230538963590410484e-02 7.147344355782413172e-02 7.350823565052992670e-02 7.251528522038679092e-02 6.407555831623944209e-02 1.766070454830035441e-01 5.540536055790939302e-02 5.177173589051720093e-02 8.760410346878705345e-02 5.011744795151748533e-02 4.010828599153786617e-02 7.013863865236608097e-02 4.056727416022260641e-02 6.108044127057282724e-02 5.424632860940166446e-02 4.906155712087101328e-02 4.250895173468441368e-02 3.421859005105259283e-02 5.887738075611374106e-02 5.708486671951462643e-02 3.604820943009059281e-02 4.465610982346215896e-02 5.141387921047918530e-02 5.699799846466904740e-02
5.121156455379120148e-02 3.818768276694070596e-02 4.793864158691288346e-02 5.975793499565602851e-02 7.162934447807473015e-02 7.263358170062741981e-02 7.020062452112903195e-02 7.086596324282785908e-02 7.142334167430822167e-02 7.194755199417311731e-02 7.254258208143991860e-02 7.323087498496105852e-02 8.040342413591416992e-02 7.711270324927507747e-02 7.587316210448025178e-02 7.502124254785152990e-02 6.855242158908878003e-02 1.769241265907609550e-01 4.546053206263735158e-02 5.095625306940814586e-02 5.641551343469439900e-02 4.078582524263341114e-02 7.770481619265369455e-02 4.811673194300050693e-02 3.889830031465914273e-02 6.020778733334230387e-02 5.224058495893266207e-02 4.742283542829908716e-02 4.125530143837846664e-02 3.333659707582485587e-02 6.027824333935391521e-02 5.741828359773248902e-02 3.656631206894120356e-02 4.476446847658529377e-02 5.139357907073020121e-02 5.692843196111894294e-02 6.164881883663242412e-02
5.637617086624688995e-02 3.803509450616932019e-02 4.766424095512317854e-02 5.492693357302495111e-02 6.495578186361530837e-02 7.572557203762672606e-02 7.663102987669462296e-02 7.436682838693590980e-02 7.490901264166084650e-02 7.531997773938187146e-02 7.581875257296262494e-02 7.686850517845499053e-02 7.842704372240794086e-02 8.498668386821267573e-02 8.088960188212834801e-02 7.062695876635612102e-02 1.769044881276540526e-01 3.679966250581766934e-02 4.084855574353330604e-02 3.999623817320524521e-02 3.962727762105763829e-02 4.765542986689039195e-02 3.778640493466084438e-02 6.360910891753128460e-02 5.671462172913460664e-02 5.180774434370072346e-02 4.662627115633338759e-02 4.015822664830125122e-02 3.239090472360805356e-02 6.174042760640677946e-02 3.419996610582353574e-02 6.481446836165460912e-02 4.456820640430753100e-02 5.135936013779304754e-02 5.687669194071619944e-02 6.157294105764293118e-02 6.562870027441128351e-02
6.059186160751975359e-02 4.556267714032497668e-02 3.920654070963702775e-02 5.453767783524290924e-02 6.065871984708364612e-02 6.951341439458380567e-02 7.939989569539618319e-02 8.019058825207414642e-02 7.796341803008770277e-02 7.817207709465383292e-02 7.806335088675731004e-02 7.839996621810352284e-02 8.194095188367117588e-02 8.680761335202451245e-02 7.828602587690236536e-02 1.758339052131105140e-01 3.496793327880370200e-02 7.228483491694072394e-02 6.764087527682324796e-02 6.688873460098791746e-02 6.479572594765158067e-02 6.155917926884005298e-02 5.796690157930169118e-02 5.276716157569142501e-02 4.775683729311874098e-02 4.155090449838014233e-02 3.368867886931036643e-02 3.231302290814593026e-02 6.448009016684813632e-02 3.450238692829726839e-02 4.293661092652877043e-02 7.014310433066946182e-02 5.104547328007063428e-02 5.675303442724848740e-02 6.148101121960358739e-02 6.554287851417202326e-02 6.906514459354802515e-02
