output_new_topo_ddd_5/finaltopo_flow__link_to_receiver_node.asc
ncols 300
nrows 100
xllcorner 0.0
yllcorner 0.0
cellsize 10.0
[rows 68 to 84 of 100, columns 111 to 147 of 300]
1.867900000000000000e+04 1.868000000000000000e+04 1.868100000000000000e+04 1.868200000000000000e+04 1.868300000000000000e+04 1.868400000000000000e+04 1.868500000000000000e+04 1.868600000000000000e+04 1.868700000000000000e+04 1.868800000000000000e+04 7.778000000000000000e+04 7.778200000000000000e+04 1.869200000000000000e+04 1.869300000000000000e+04 1.869400000000000000e+04 1.869500000000000000e+04 1.869600000000000000e+04 1.869700000000000000e+04 7.779900000000000000e+04 7.780100000000000000e+04 7.780300000000000000e+04 1.870100000000000000e+04 1.870200000000000000e+04 1.840300000000000000e+04 7.780800000000000000e+04 7.781000000000000000e+04 1.840600000000000000e+04 7.781700000000000000e+04 7.781900000000000000e+04 7.782100000000000000e+04 7.782300000000000000e+04 1.841100000000000000e+04 1.871100000000000000e+04 7.782600000000000000e+04 7.782800000000000000e+04 7.783000000000000000e+04 7.783200000000000000e+04
1.808000000000000000e+04 1.808100000000000000e+04 1.808200000000000000e+04 1.808300000000000000e+04 1.808400000000000000e+04 1.808500000000000000e+04 1.808600000000000000e+04 1.808700000000000000e+04 1.808800000000000000e+04 1.808900000000000000e+04 1.809000000000000000e+04 1.809100000000000000e+04 1.809300000000000000e+04 1.809400000000000000e+04 1.809500000000000000e+04 1.809600000000000000e+04 1.809700000000000000e+04 1.809800000000000000e+04 1.809900000000000000e+04 1.810000000000000000e+04 1.810100000000000000e+04 7.720700000000000000e+04 1.810300000000000000e+04 1.780400000000000000e+04 1.780500000000000000e+04 7.721200000000000000e+04 1.780700000000000000e+04 7.721900000000000000e+04 7.722100000000000000e+04 7.722300000000000000e+04 7.722500000000000000e+04 1.781200000000000000e+04 7.722600000000000000e+04 1.811300000000000000e+04 1.811400000000000000e+04 1.811500000000000000e+04 1.811600000000000000e+04
1.748100000000000000e+04 1.748200000000000000e+04 1.748300000000000000e+04 1.748400000000000000e+04 1.748500000000000000e+04 1.748600000000000000e+04 1.748700000000000000e+04 1.748800000000000000e+04 1.748900000000000000e+04 1.749000000000000000e+04 1.749100000000000000e+04 1.749200000000000000e+04 1.749400000000000000e+04 1.749500000000000000e+04 1.749600000000000000e+04 1.749700000000000000e+04 1.749800000000000000e+04 1.749900000000000000e+04 1.750000000000000000e+04 1.750100000000000000e+04 1.750200000000000000e+04 1.750300000000000000e+04 1.750400000000000000e+04 7.661300000000000000e+04 1.720600000000000000e+04 7.661400000000000000e+04 1.720800000000000000e+04 1.720900000000000000e+04 7.662300000000000000e+04 7.662500000000000000e+04 7.662700000000000000e+04 1.721300000000000000e+04 1.751300000000000000e+04 7.663000000000000000e+04 7.663200000000000000e+04 7.663400000000000000e+04 7.663600000000000000e+04
1.688200000000000000e+04 1.688300000000000000e+04 1.688400000000000000e+04 1.688500000000000000e+04 1.688600000000000000e+04 1.688700000000000000e+04 1.688800000000000000e+04 1.688900000000000000e+04 1.689000000000000000e+04 1.689100000000000000e+04 1.689200000000000000e+04 1.689300000000000000e+04 1.689500000000000000e+04 1.689600000000000000e+04 1.689700000000000000e+04 1.689800000000000000e+04 1.689900000000000000e+04 1.690000000000000000e+04 1.690100000000000000e+04 1.690200000000000000e+04 1.690300000000000000e+04 1.690400000000000000e+04 1.690500000000000000e+04 7.601500000000000000e+04 1.660700000000000000e+04 1.660800000000000000e+04 1.660900000000000000e+04 1.661000000000000000e+04 7.602500000000000000e+04 7.602700000000000000e+04 7.602900000000000000e+04 1.661400000000000000e+04 1.691400000000000000e+04 1.691500000000000000e+04 7.603400000000000000e+04 7.603600000000000000e+04 7.603800000000000000e+04
1.628300000000000000e+04 1.628400000000000000e+04 1.628500000000000000e+04 1.628600000000000000e+04 1.628700000000000000e+04 1.628800000000000000e+04 1.628900000000000000e+04 1.629000000000000000e+04 1.629100000000000000e+04 1.629200000000000000e+04 1.629300000000000000e+04 1.629400000000000000e+04 1.629600000000000000e+04 1.629700000000000000e+04 1.629800000000000000e+04 1.629900000000000000e+04 1.630000000000000000e+04 1.630100000000000000e+04 1.630200000000000000e+04 1.630300000000000000e+04 1.630400000000000000e+04 1.630500000000000000e+04 1.630600000000000000e+04 1.630700000000000000e+04 7.541900000000000000e+04 1.600900000000000000e+04 1.601000000000000000e+04 1.601100000000000000e+04 7.542700000000000000e+04 7.542900000000000000e+04 1.601400000000000000e+04 1.601500000000000000e+04 1.631500000000000000e+04 7.543400000000000000e+04 7.543600000000000000e+04 7.543800000000000000e+04 1.631900000000000000e+04
1.568400000000000000e+04 1.568500000000000000e+04 1.568600000000000000e+04 1.568700000000000000e+04 1.568800000000000000e+04 1.568900000000000000e+04 1.569000000000000000e+04 1.569100000000000000e+04 1.569200000000000000e+04 1.569300000000000000e+04 1.569400000000000000e+04 7.479200000000000000e+04 1.569700000000000000e+04 1.569800000000000000e+04 1.569900000000000000e+04 1.570000000000000000e+04 1.570100000000000000e+04 1.570200000000000000e+04 1.570300000000000000e+04 1.570400000000000000e+04 1.570500000000000000e+04 1.570600000000000000e+04 1.570700000000000000e+04 1.570800000000000000e+04 1.570900000000000000e+04 7.482300000000000000e+04 1.541100000000000000e+04 1.541200000000000000e+04 7.482900000000000000e+04 7.483100000000000000e+04 1.541500000000000000e+04 7.483200000000000000e+04 1.571600000000000000e+04 1.571700000000000000e+04 1.571800000000000000e+04 1.571900000000000000e+04 1.572000000000000000e+04
1.508500000000000000e+04 1.508600000000000000e+04 1.508700000000000000e+04 1.508800000000000000e+04 1.508900000000000000e+04 1.509000000000000000e+04 1.509100000000000000e+04 1.509200000000000000e+04 1.509300000000000000e+04 1.509400000000000000e+04 7.419200000000000000e+04 7.419400000000000000e+04 1.509800000000000000e+04 1.509900000000000000e+04 1.510000000000000000e+04 1.510100000000000000e+04 1.510200000000000000e+04 1.510300000000000000e+04 1.510400000000000000e+04 1.510500000000000000e+04 1.510600000000000000e+04 1.510700000000000000e+04 1.510800000000000000e+04 1.510900000000000000e+04 1.511000000000000000e+04 1.511100000000000000e+04 7.422700000000000000e+04 1.481300000000000000e+04 1.481400000000000000e+04 7.423300000000000000e+04 1.481600000000000000e+04 7.423400000000000000e+04 1.511700000000000000e+04 1.511800000000000000e+04 1.511900000000000000e+04 1.512000000000000000e+04 1.512100000000000000e+04
1.448600000000000000e+04 1.448700000000000000e+04 1.448800000000000000e+04 1.448900000000000000e+04 1.449000000000000000e+04 1.449100000000000000e+04 1.449200000000000000e+04 1.449300000000000000e+04 1.449400000000000000e+04 7.359200000000000000e+04 7.359400000000000000e+04 7.359600000000000000e+04 7.360100000000000000e+04 1.450000000000000000e+04 1.450100000000000000e+04 1.450200000000000000e+04 1.450300000000000000e+04 1.450400000000000000e+04 1.450500000000000000e+04 1.450600000000000000e+04 1.450700000000000000e+04 1.450800000000000000e+04 1.450900000000000000e+04 1.451000000000000000e+04 1.451100000000000000e+04 1.451200000000000000e+04 1.451300000000000000e+04 7.363100000000000000e+04 1.421500000000000000e+04 7.363500000000000000e+04 1.421700000000000000e+04 1.451700000000000000e+04 1.451800000000000000e+04 1.451900000000000000e+04 1.452000000000000000e+04 1.452100000000000000e+04 1.452200000000000000e+04
1.388700000000000000e+04 1.388800000000000000e+04 1.388900000000000000e+04 1.389000000000000000e+04 1.389100000000000000e+04 1.389200000000000000e+04 1.389300000000000000e+04 7.299000000000000000e+04 7.299200000000000000e+04 7.299400000000000000e+04 7.299600000000000000e+04 7.299800000000000000e+04 1.360000000000000000e+04 7.300500000000000000e+04 1.390200000000000000e+04 1.390300000000000000e+04 1.390400000000000000e+04 1.390500000000000000e+04 1.390600000000000000e+04 1.390700000000000000e+04 1.390800000000000000e+04 1.390900000000000000e+04 1.391000000000000000e+04 1.391100000000000000e+04 1.391200000000000000e+04 1.391300000000000000e+04 1.391400000000000000e+04 1.391500000000000000e+04 7.303500000000000000e+04 1.361700000000000000e+04 1.361800000000000000e+04 1.391800000000000000e+04 1.391900000000000000e+04 1.392000000000000000e+04 1.392100000000000000e+04 1.392200000000000000e+04 1.392300000000000000e+04
1.328800000000000000e+04 1.328900000000000000e+04 1.329000000000000000e+04 7.238400000000000000e+04 7.238600000000000000e+04 7.238800000000000000e+04 7.239000000000000000e+04 7.239200000000000000e+04 7.239400000000000000e+04 7.239600000000000000e+04 7.239800000000000000e+04 7.240000000000000000e+04 1.300100000000000000e+04 7.240700000000000000e+04 7.240900000000000000e+04 7.241100000000000000e+04 1.330500000000000000e+04 1.330600000000000000e+04 1.330700000000000000e+04 1.330800000000000000e+04 1.330900000000000000e+04 1.331000000000000000e+04 1.331100000000000000e+04 1.331200000000000000e+04 1.331300000000000000e+04 1.331400000000000000e+04 1.331500000000000000e+04 1.331600000000000000e+04 1.331700000000000000e+04 7.243900000000000000e+04 1.301900000000000000e+04 1.331900000000000000e+04 1.332000000000000000e+04 1.332100000000000000e+04 1.332200000000000000e+04 1.332300000000000000e+04 1.332400000000000000e+04
7.178000000000000000e+04 7.178200000000000000e+04 7.178400000000000000e+04 7.178600000000000000e+04 7.178800000000000000e+04 7.179000000000000000e+04 7.179200000000000000e+04 7.179400000000000000e+04 7.179600000000000000e+04 7.179800000000000000e+04 7.180000000000000000e+04 1.240100000000000000e+04 1.240200000000000000e+04 1.240300000000000000e+04 7.181100000000000000e+04 7.181300000000000000e+04 7.181500000000000000e+04 7.181700000000000000e+04 1.270800000000000000e+04 1.270900000000000000e+04 1.271000000000000000e+04 1.271100000000000000e+04 1.271200000000000000e+04 1.271300000000000000e+04 1.271400000000000000e+04 1.271500000000000000e+04 1.271600000000000000e+04 1.271700000000000000e+04 1.271800000000000000e+04 7.184100000000000000e+04 1.242000000000000000e+04 1.272000000000000000e+04 1.272100000000000000e+04 1.272200000000000000e+04 1.272300000000000000e+04 1.272400000000000000e+04 7.185200000000000000e+04
7.118200000000000000e+04 7.118400000000000000e+04 7.118600000000000000e+04 7.118800000000000000e+04 7.119000000000000000e+04 7.119200000000000000e+04 7.119400000000000000e+04 7.119600000000000000e+04 7.119800000000000000e+04 7.120000000000000000e+04 7.120200000000000000e+04 1.180200000000000000e+04 1.180300000000000000e+04 1.180400000000000000e+04 7.121300000000000000e+04 7.121500000000000000e+04 7.121700000000000000e+04 7.121900000000000000e+04 7.122100000000000000e+04 7.122300000000000000e+04 7.122500000000000000e+04 7.122700000000000000e+04 7.122900000000000000e+04 7.123100000000000000e+04 7.123300000000000000e+04 7.123500000000000000e+04 7.123700000000000000e+04 7.123900000000000000e+04 1.211900000000000000e+04 1.212000000000000000e+04 1.182100000000000000e+04 1.212100000000000000e+04 7.124600000000000000e+04 7.124800000000000000e+04 7.125000000000000000e+04 7.125200000000000000e+04 1.212600000000000000e+04
1.149100000000000000e+04 1.149200000000000000e+04 1.149300000000000000e+04 1.149400000000000000e+04 1.149500000000000000e+04 1.149600000000000000e+04 1.149700000000000000e+04 1.149800000000000000e+04 7.060000000000000000e+04 7.060200000000000000e+04 1.120200000000000000e+04 1.120300000000000000e+04 1.120400000000000000e+04 1.120500000000000000e+04 1.120600000000000000e+04 7.061700000000000000e+04 7.061900000000000000e+04 7.062100000000000000e+04 7.062300000000000000e+04 7.062500000000000000e+04 7.062700000000000000e+04 7.062900000000000000e+04 7.063100000000000000e+04 7.063300000000000000e+04 7.063500000000000000e+04 7.063700000000000000e+04 7.063900000000000000e+04 7.064100000000000000e+04 7.064300000000000000e+04 1.152100000000000000e+04 1.122200000000000000e+04 1.152200000000000000e+04 1.152300000000000000e+04 1.152400000000000000e+04 1.152500000000000000e+04 1.152600000000000000e+04 1.152700000000000000e+04
1.089200000000000000e+04 1.089300000000000000e+04 1.089400000000000000e+04 1.089500000000000000e+04 1.089600000000000000e+04 1.089700000000000000e+04 1.089800000000000000e+04 7.000000000000000000e+04 7.000200000000000000e+04 7.000400000000000000e+04 1.060300000000000000e+04 1.060400000000000000e+04 1.060500000000000000e+04 1.060600000000000000e+04 1.060700000000000000e+04 7.001900000000000000e+04 7.002100000000000000e+04 7.002300000000000000e+04 7.002500000000000000e+04 7.002700000000000000e+04 7.002900000000000000e+04 7.003100000000000000e+04 7.003300000000000000e+04 7.003500000000000000e+04 7.003700000000000000e+04 7.003900000000000000e+04 7.004100000000000000e+04 7.004300000000000000e+04 7.004500000000000000e+04 1.062200000000000000e+04 7.004600000000000000e+04 1.092300000000000000e+04 1.092400000000000000e+04 1.092500000000000000e+04 1.092600000000000000e+04 1.092700000000000000e+04 1.092800000000000000e+04
1.029300000000000000e+04 1.029400000000000000e+04 1.029500000000000000e+04 1.029600000000000000e+04 1.029700000000000000e+04 1.029800000000000000e+04 6.940000000000000000e+04 6.940200000000000000e+04 6.940400000000000000e+04 1.000300000000000000e+04 1.000400000000000000e+04 1.000500000000000000e+04 1.000600000000000000e+04 1.000700000000000000e+04 1.000800000000000000e+04 6.942100000000000000e+04 6.942300000000000000e+04 6.942500000000000000e+04 6.942700000000000000e+04 6.942900000000000000e+04 6.943100000000000000e+04 6.943300000000000000e+04 6.943500000000000000e+04 6.943700000000000000e+04 6.943900000000000000e+04 6.944100000000000000e+04 6.944300000000000000e+04 6.944500000000000000e+04 1.032200000000000000e+04 1.002300000000000000e+04 6.944800000000000000e+04 1.032400000000000000e+04 1.032500000000000000e+04 1.032600000000000000e+04 1.032700000000000000e+04 1.032800000000000000e+04 1.032900000000000000e+04
9.694000000000000000e+03 9.695000000000000000e+03 9.696000000000000000e+03 9.697000000000000000e+03 6.879800000000000000e+04 6.880000000000000000e+04 6.880200000000000000e+04 6.880400000000000000e+04 9.403000000000000000e+03 9.404000000000000000e+03 9.405000000000000000e+03 9.406000000000000000e+03 9.407000000000000000e+03 9.408000000000000000e+03 9.409000000000000000e+03 9.410000000000000000e+03 6.882500000000000000e+04 6.882700000000000000e+04 6.882900000000000000e+04 6.883100000000000000e+04 6.883300000000000000e+04 6.883500000000000000e+04 6.883700000000000000e+04 6.883900000000000000e+04 6.884100000000000000e+04 6.884300000000000000e+04 6.884500000000000000e+04 6.884700000000000000e+04 9.723000000000000000e+03 9.424000000000000000e+03 9.724000000000000000e+03 9.725000000000000000e+03 9.726000000000000000e+03 9.727000000000000000e+03 9.728000000000000000e+03 9.729000000000000000e+03 9.730000000000000000e+03
6.819200000000000000e+04 6.819400000000000000e+04 6.819600000000000000e+04 6.819800000000000000e+04 6.820000000000000000e+04 6.820200000000000000e+04 6.820400000000000000e+04 6.820600000000000000e+04 8.804000000000000000e+03 8.805000000000000000e+03 8.806000000000000000e+03 8.807000000000000000e+03 8.808000000000000000e+03 8.809000000000000000e+03 8.810000000000000000e+03 8.811000000000000000e+03 6.822700000000000000e+04 6.822900000000000000e+04 6.823100000000000000e+04 6.823300000000000000e+04 6.823500000000000000e+04 6.823700000000000000e+04 6.823900000000000000e+04 6.824100000000000000e+04 6.824300000000000000e+04 6.824500000000000000e+04 6.824700000000000000e+04 6.824900000000000000e+04 8.824000000000000000e+03 6.825000000000000000e+04 9.125000000000000000e+03 9.126000000000000000e+03 9.127000000000000000e+03 9.128000000000000000e+03 9.129000000000000000e+03 9.130000000000000000e+03 9.131000000000000000e+03
