output_new_topo_ddd_5/finaltopo_surface_water__discharge.asc
ncols 300
nrows 100
xllcorner 0.0
yllcorner 0.0
cellsize 10.0
[rows 17 to 33 of 100, columns 37 to 73 of 300]
4.000000000000000000e+02 3.500000000000000000e+02 2.500000000000000000e+02 2.000000000000000000e+02 1.500000000000000000e+02 1.000000000000000000e+02 5.000000000000000000e+01 3.000000000000000000e+02 6.000000000000000000e+02 7.000000000000000000e+02 8.000000000000000000e+02 8.500000000000000000e+02 8.500000000000000000e+02 8.500000000000000000e+02 8.500000000000000000e+02 8.500000000000000000e+02 8.500000000000000000e+02 8.500000000000000000e+02 8.500000000000000000e+02 8.500000000000000000e+02 8.500000000000000000e+02 8.500000000000000000e+02 8.500000000000000000e+02 8.500000000000000000e+02 8.500000000000000000e+02 8.500000000000000000e+02 8.500000000000000000e+02 8.500000000000000000e+02 8.500000000000000000e+02 8.500000000000000000e+02 8.500000000000000000e+02 8.500000000000000000e+02 8.500000000000000000e+02 8.500000000000000000e+02 8.500000000000000000e+02 8.500000000000000000e+02 8.500000000000000000e+02
4.000000000000000000e+02 3.000000000000000000e+02 2.500000000000000000e+02 2.000000000000000000e+02 1.500000000000000000e+02 1.000000000000000000e+02 5.000000000000000000e+01 3.500000000000000000e+02 6.500000000000000000e+02 7.500000000000000000e+02 5.000000000000000000e+01 1.700000000000000000e+03 9.000000000000000000e+02 9.000000000000000000e+02 9.000000000000000000e+02 9.000000000000000000e+02 9.000000000000000000e+02 9.000000000000000000e+02 9.000000000000000000e+02 9.000000000000000000e+02 9.000000000000000000e+02 9.000000000000000000e+02 9.000000000000000000e+02 9.000000000000000000e+02 9.000000000000000000e+02 9.000000000000000000e+02 9.000000000000000000e+02 9.000000000000000000e+02 9.000000000000000000e+02 9.000000000000000000e+02 9.000000000000000000e+02 9.000000000000000000e+02 9.000000000000000000e+02 9.000000000000000000e+02 9.000000000000000000e+02 9.000000000000000000e+02 9.000000000000000000e+02
3.500000000000000000e+02 3.000000000000000000e+02 2.500000000000000000e+02 2.000000000000000000e+02 1.500000000000000000e+02 5.000000000000000000e+01 1.000000000000000000e+02 4.000000000000000000e+02 7.000000000000000000e+02 8.000000000000000000e+02 5.000000000000000000e+01 1.800000000000000000e+03 9.500000000000000000e+02 9.500000000000000000e+02 9.500000000000000000e+02 9.500000000000000000e+02 9.500000000000000000e+02 9.500000000000000000e+02 9.500000000000000000e+02 9.500000000000000000e+02 9.500000000000000000e+02 9.500000000000000000e+02 9.500000000000000000e+02 9.500000000000000000e+02 9.500000000000000000e+02 1.850000000000000000e+03 5.000000000000000000e+01 9.500000000000000000e+02 9.500000000000000000e+02 9.500000000000000000e+02 9.500000000000000000e+02 9.500000000000000000e+02 9.500000000000000000e+02 9.500000000000000000e+02 9.500000000000000000e+02 9.500000000000000000e+02 9.500000000000000000e+02
3.500000000000000000e+02 3.000000000000000000e+02 2.500000000000000000e+02 2.000000000000000000e+02 1.000000000000000000e+02 5.000000000000000000e+01 1.500000000000000000e+02 4.500000000000000000e+02 7.500000000000000000e+02 8.500000000000000000e+02 5.000000000000000000e+01 1.900000000000000000e+03 1.000000000000000000e+03 1.000000000000000000e+03 1.000000000000000000e+03 1.000000000000000000e+03 1.000000000000000000e+03 1.000000000000000000e+03 1.000000000000000000e+03 1.000000000000000000e+03 1.000000000000000000e+03 1.000000000000000000e+03 1.000000000000000000e+03 1.000000000000000000e+03 1.000000000000000000e+03 1.950000000000000000e+03 5.000000000000000000e+01 1.000000000000000000e+03 1.000000000000000000e+03 1.000000000000000000e+03 1.000000000000000000e+03 1.000000000000000000e+03 1.000000000000000000e+03 1.000000000000000000e+03 1.000000000000000000e+03 1.000000000000000000e+03 1.000000000000000000e+03
3.500000000000000000e+02 3.000000000000000000e+02 2.500000000000000000e+02 1.500000000000000000e+02 1.000000000000000000e+02 5.000000000000000000e+01 2.000000000000000000e+02 5.000000000000000000e+02 8.000000000000000000e+02 9.000000000000000000e+02 5.000000000000000000e+01 1.000000000000000000e+02 2.950000000000000000e+03 1.050000000000000000e+03 1.050000000000000000e+03 1.050000000000000000e+03 1.050000000000000000e+03 1.050000000000000000e+03 1.050000000000000000e+03 1.050000000000000000e+03 1.050000000000000000e+03 1.050000000000000000e+03 1.050000000000000000e+03 1.050000000000000000e+03 1.050000000000000000e+03 2.050000000000000000e+03 5.000000000000000000e+01 1.050000000000000000e+03 1.050000000000000000e+03 1.050000000000000000e+03 1.050000000000000000e+03 1.050000000000000000e+03 1.050000000000000000e+03 1.050000000000000000e+03 1.050000000000000000e+03 1.050000000000000000e+03 1.050000000000000000e+03
3.500000000000000000e+02 3.000000000000000000e+02 2.000000000000000000e+02 1.500000000000000000e+02 1.000000000000000000e+02 5.000000000000000000e+01 2.500000000000000000e+02 5.500000000000000000e+02 8.500000000000000000e+02 5.000000000000000000e+01 1.000000000000000000e+03 5.000000000000000000e+01 3.100000000000000000e+03 1.100000000000000000e+03 1.100000000000000000e+03 1.100000000000000000e+03 1.100000000000000000e+03 1.100000000000000000e+03 1.100000000000000000e+03 1.100000000000000000e+03 1.100000000000000000e+03 1.100000000000000000e+03 1.100000000000000000e+03 1.100000000000000000e+03 1.100000000000000000e+03 2.150000000000000000e+03 5.000000000000000000e+01 1.100000000000000000e+03 1.100000000000000000e+03 1.100000000000000000e+03 1.100000000000000000e+03 1.100000000000000000e+03 1.100000000000000000e+03 1.100000000000000000e+03 1.100000000000000000e+03 1.100000000000000000e+03 1.100000000000000000e+03
3.500000000000000000e+02 2.500000000000000000e+02 2.000000000000000000e+02 1.500000000000000000e+02 5.000000000000000000e+01 1.000000000000000000e+02 3.000000000000000000e+02 6.000000000000000000e+02 9.000000000000000000e+02 5.000000000000000000e+01 1.000000000000000000e+02 1.050000000000000000e+03 3.200000000000000000e+03 1.150000000000000000e+03 1.150000000000000000e+03 1.150000000000000000e+03 1.150000000000000000e+03 1.150000000000000000e+03 1.150000000000000000e+03 1.150000000000000000e+03 1.150000000000000000e+03 1.150000000000000000e+03 1.150000000000000000e+03 1.150000000000000000e+03 1.150000000000000000e+03 2.250000000000000000e+03 1.150000000000000000e+03 5.000000000000000000e+01 1.150000000000000000e+03 1.150000000000000000e+03 1.150000000000000000e+03 1.150000000000000000e+03 1.150000000000000000e+03 1.150000000000000000e+03 1.150000000000000000e+03 1.150000000000000000e+03 1.150000000000000000e+03
3.000000000000000000e+02 2.500000000000000000e+02 2.000000000000000000e+02 1.000000000000000000e+02 5.000000000000000000e+01 1.500000000000000000e+02 3.500000000000000000e+02 6.500000000000000000e+02 9.500000000000000000e+02 5.000000000000000000e+01 1.000000000000000000e+02 1.500000000000000000e+02 4.300000000000000000e+03 1.200000000000000000e+03 1.200000000000000000e+03 1.200000000000000000e+03 1.200000000000000000e+03 1.200000000000000000e+03 1.200000000000000000e+03 1.200000000000000000e+03 1.200000000000000000e+03 1.200000000000000000e+03 1.200000000000000000e+03 1.200000000000000000e+03 1.200000000000000000e+03 3.450000000000000000e+03 1.000000000000000000e+02 5.000000000000000000e+01 1.200000000000000000e+03 1.200000000000000000e+03 1.200000000000000000e+03 1.200000000000000000e+03 1.200000000000000000e+03 1.200000000000000000e+03 1.200000000000000000e+03 1.200000000000000000e+03 1.200000000000000000e+03
3.000000000000000000e+02 2.500000000000000000e+02 1.500000000000000000e+02 1.000000000000000000e+02 5.000000000000000000e+01 2.000000000000000000e+02 4.000000000000000000e+02 7.000000000000000000e+02 1.000000000000000000e+03 5.000000000000000000e+01 1.000000000000000000e+02 1.500000000000000000e+02 4.500000000000000000e+03 1.250000000000000000e+03 1.250000000000000000e+03 1.250000000000000000e+03 1.250000000000000000e+03 1.250000000000000000e+03 1.250000000000000000e+03 1.250000000000000000e+03 1.250000000000000000e+03 1.250000000000000000e+03 1.250000000000000000e+03 1.250000000000000000e+03 1.250000000000000000e+03 3.600000000000000000e+03 1.000000000000000000e+02 5.000000000000000000e+01 1.250000000000000000e+03 1.250000000000000000e+03 1.250000000000000000e+03 1.250000000000000000e+03 1.250000000000000000e+03 1.250000000000000000e+03 1.250000000000000000e+03 1.250000000000000000e+03 2.045000000000000000e+04
3.000000000000000000e+02 2.000000000000000000e+02 1.500000000000000000e+02 1.000000000000000000e+02 5.000000000000000000e+01 2.500000000000000000e+02 4.500000000000000000e+02 7.500000000000000000e+02 1.050000000000000000e+03 5.000000000000000000e+01 1.000000000000000000e+02 1.500000000000000000e+02 4.700000000000000000e+03 1.300000000000000000e+03 1.300000000000000000e+03 1.300000000000000000e+03 1.300000000000000000e+03 1.300000000000000000e+03 1.300000000000000000e+03 1.300000000000000000e+03 1.300000000000000000e+03 1.300000000000000000e+03 1.300000000000000000e+03 1.300000000000000000e+03 1.300000000000000000e+03 3.750000000000000000e+03 1.000000000000000000e+02 5.000000000000000000e+01 1.300000000000000000e+03 1.300000000000000000e+03 1.300000000000000000e+03 1.300000000000000000e+03 1.300000000000000000e+03 1.300000000000000000e+03 1.300000000000000000e+03 2.250000000000000000e+04 7.500000000000000000e+02
2.500000000000000000e+02 2.000000000000000000e+02 1.500000000000000000e+02 5.000000000000000000e+01 1.000000000000000000e+02 3.000000000000000000e+02 5.000000000000000000e+02 8.000000000000000000e+02 1.100000000000000000e+03 5.000000000000000000e+01 1.000000000000000000e+02 1.500000000000000000e+02 4.900000000000000000e+03 1.350000000000000000e+03 1.350000000000000000e+03 1.350000000000000000e+03 1.350000000000000000e+03 1.350000000000000000e+03 1.350000000000000000e+03 1.350000000000000000e+03 1.350000000000000000e+03 1.350000000000000000e+03 1.350000000000000000e+03 1.350000000000000000e+03 1.350000000000000000e+03 3.900000000000000000e+03 1.000000000000000000e+02 5.000000000000000000e+01 1.350000000000000000e+03 1.350000000000000000e+03 1.350000000000000000e+03 1.350000000000000000e+03 1.350000000000000000e+03 1.350000000000000000e+03 2.460000000000000000e+04 7.500000000000000000e+02 7.000000000000000000e+02
2.500000000000000000e+02 2.000000000000000000e+02 1.000000000000000000e+02 5.000000000000000000e+01 1.500000000000000000e+02 3.500000000000000000e+02 5.500000000000000000e+02 8.500000000000000000e+02 1.150000000000000000e+03 1.000000000000000000e+02 5.000000000000000000e+01 1.500000000000000000e+02 5.100000000000000000e+03 1.400000000000000000e+03 1.400000000000000000e+03 1.400000000000000000e+03 1.400000000000000000e+03 1.400000000000000000e+03 1.400000000000000000e+03 1.400000000000000000e+03 1.400000000000000000e+03 1.400000000000000000e+03 1.400000000000000000e+03 1.400000000000000000e+03 1.400000000000000000e+03 4.050000000000000000e+03 1.000000000000000000e+02 5.000000000000000000e+01 1.400000000000000000e+03 1.400000000000000000e+03 1.400000000000000000e+03 1.400000000000000000e+03 1.400000000000000000e+03 2.680000000000000000e+04 8.000000000000000000e+02 7.500000000000000000e+02 7.000000000000000000e+02
2.500000000000000000e+02 1.500000000000000000e+02 1.000000000000000000e+02 5.000000000000000000e+01 2.000000000000000000e+02 4.000000000000000000e+02 6.000000000000000000e+02 9.000000000000000000e+02 1.200000000000000000e+03 1.500000000000000000e+02 5.000000000000000000e+01 1.000000000000000000e+02 5.300000000000000000e+03 1.450000000000000000e+03 1.450000000000000000e+03 1.450000000000000000e+03 1.450000000000000000e+03 1.450000000000000000e+03 1.450000000000000000e+03 1.450000000000000000e+03 1.450000000000000000e+03 2.850000000000000000e+03 5.000000000000000000e+01 1.450000000000000000e+03 1.450000000000000000e+03 4.200000000000000000e+03 1.000000000000000000e+02 5.000000000000000000e+01 1.450000000000000000e+03 1.450000000000000000e+03 1.450000000000000000e+03 1.450000000000000000e+03 2.825000000000000000e+04 8.500000000000000000e+02 8.000000000000000000e+02 7.500000000000000000e+02 7.000000000000000000e+02
2.000000000000000000e+02 1.500000000000000000e+02 1.000000000000000000e+02 5.000000000000000000e+01 2.500000000000000000e+02 4.500000000000000000e+02 6.500000000000000000e+02 9.500000000000000000e+02 1.250000000000000000e+03 2.000000000000000000e+02 5.000000000000000000e+01 1.000000000000000000e+02 5.450000000000000000e+03 1.500000000000000000e+03 1.500000000000000000e+03 1.500000000000000000e+03 1.500000000000000000e+03 1.500000000000000000e+03 1.500000000000000000e+03 1.500000000000000000e+03 1.500000000000000000e+03 2.950000000000000000e+03 5.000000000000000000e+01 1.500000000000000000e+03 1.500000000000000000e+03 4.350000000000000000e+03 5.000000000000000000e+01 1.550000000000000000e+03 5.000000000000000000e+01 1.500000000000000000e+03 1.500000000000000000e+03 1.500000000000000000e+03 2.995000000000000000e+04 8.000000000000000000e+02 7.500000000000000000e+02 7.000000000000000000e+02 6.500000000000000000e+02
2.000000000000000000e+02 1.500000000000000000e+02 5.000000000000000000e+01 1.000000000000000000e+02 3.000000000000000000e+02 5.000000000000000000e+02 7.000000000000000000e+02 1.000000000000000000e+03 1.300000000000000000e+03 2.500000000000000000e+02 5.000000000000000000e+01 1.000000000000000000e+02 5.600000000000000000e+03 1.550000000000000000e+03 1.550000000000000000e+03 1.550000000000000000e+03 1.550000000000000000e+03 1.550000000000000000e+03 1.550000000000000000e+03 1.550000000000000000e+03 1.550000000000000000e+03 3.050000000000000000e+03 5.000000000000000000e+01 1.550000000000000000e+03 1.550000000000000000e+03 4.450000000000000000e+03 1.600000000000000000e+03 1.000000000000000000e+02 5.000000000000000000e+01 1.550000000000000000e+03 1.550000000000000000e+03 3.235000000000000000e+04 8.500000000000000000e+02 8.000000000000000000e+02 7.500000000000000000e+02 7.000000000000000000e+02 6.500000000000000000e+02
2.000000000000000000e+02 1.000000000000000000e+02 5.000000000000000000e+01 1.500000000000000000e+02 3.500000000000000000e+02 5.500000000000000000e+02 7.500000000000000000e+02 1.050000000000000000e+03 1.350000000000000000e+03 3.000000000000000000e+02 5.000000000000000000e+01 1.000000000000000000e+02 5.750000000000000000e+03 1.600000000000000000e+03 1.600000000000000000e+03 1.600000000000000000e+03 1.600000000000000000e+03 1.600000000000000000e+03 1.600000000000000000e+03 1.600000000000000000e+03 1.600000000000000000e+03 3.150000000000000000e+03 5.000000000000000000e+01 1.600000000000000000e+03 1.600000000000000000e+03 6.100000000000000000e+03 1.500000000000000000e+02 5.000000000000000000e+01 1.650000000000000000e+03 5.000000000000000000e+01 3.955000000000000000e+04 5.600000000000000000e+03 5.050000000000000000e+03 4.500000000000000000e+03 4.000000000000000000e+03 3.500000000000000000e+03 3.050000000000000000e+03
1.500000000000000000e+02 1.000000000000000000e+02 5.000000000000000000e+01 2.000000000000000000e+02 4.000000000000000000e+02 6.000000000000000000e+02 8.000000000000000000e+02 1.100000000000000000e+03 1.400000000000000000e+03 3.500000000000000000e+02 5.000000000000000000e+01 1.000000000000000000e+02 5.900000000000000000e+03 1.650000000000000000e+03 1.650000000000000000e+03 1.650000000000000000e+03 1.650000000000000000e+03 1.650000000000000000e+03 1.650000000000000000e+03 1.650000000000000000e+03 1.650000000000000000e+03 3.250000000000000000e+03 5.000000000000000000e+01 1.650000000000000000e+03 1.650000000000000000e+03 6.300000000000000000e+03 5.000000000000000000e+01 1.750000000000000000e+03 5.000000000000000000e+01 4.080000000000000000e+04 1.150000000000000000e+03 5.500000000000000000e+02 5.000000000000000000e+02 5.000000000000000000e+02 4.500000000000000000e+02 4.500000000000000000e+02 4.000000000000000000e+02
