output_new_topo_ddd_5/finaltopo_bedrock__elevation.asc
ncols 300
nrows 100
xllcorner 0.0
yllcorner 0.0
cellsize 10.0
[rows 0 to 16 of 100, columns 259 to 295 of 300]
8.558760709112515075e-01 4.637947180759151022e-01 8.975318077950498186e-01 4.271665008614665693e-01 7.967326078876013629e-02 4.585870800334856945e-01 2.135230554179282647e-01 9.016794636635427906e-01 9.130430327961202019e-01 3.110474077118994263e-01 7.561927583261761621e-01 5.481279288286484697e-01 1.970704724826475296e-01 6.752176118276975725e-01 7.030655677285537752e-01 5.239984173062764983e-01 8.090451441349940653e-01 7.214863921778715827e-01 8.819433512669672126e-03 9.204814876031305326e-01 1.360023707439242946e-01 2.524162900606833349e-01 9.035168978130523332e-01 7.628555780108925433e-01 2.706558775334335643e-01 5.780205874859454251e-01 8.090542480375775281e-01 4.652453858008310794e-01 5.362341387065493459e-01 8.921469350788557851e-02 8.303007343332711176e-01 6.021741845184318542e-01 3.455170129568579940e-01 4.588366875932033961e-01 8.959305328847502192e-01 5.227982246817538536e-01 1.257307660596309606e-01
2.263769688481391427e+02 2.275832230799182980e+02 2.291582909938334183e+02 2.310264321447112366e+02 2.331049763522318301e+02 2.353299983175945442e+02 2.376542716713842083e+02 2.400414200013243544e+02 2.424616272881940802e+02 2.448885798717883517e+02 2.472971293234540724e+02 2.496613202499767112e+02 2.519524960372940541e+02 2.541371436211566390e+02 2.561740868026171256e+02 2.580103959739804509e+02 2.595749885647946371e+02 2.607672542846392503e+02 2.614340874418882095e+02 2.613135315403404206e+02 2.604394671403733241e+02 2.590435292212468994e+02 2.572710093774992401e+02 2.552265833758767997e+02 2.529886748758517570e+02 2.506189509839609286e+02 2.481688668614136759e+02 2.456847012371597145e+02 2.432121524171517422e+02 2.408014175981537335e+02 2.385137550323315168e+02 2.364301619643229060e+02 2.346521680996629016e+02 2.332403535793881133e+02 2.321427061369013245e+02 2.314522964852278903e+02 2.309862454386285435e+02
2.243317383225435151e+02 2.256013110530370227e+02 2.272932739725017655e+02 2.292819883897362274e+02 2.314607998929305381e+02 2.337691336004681375e+02 2.361643397244519349e+02 2.386136545080573796e+02 2.410900569653424270e+02 2.435694484561616662e+02 2.460284680405495124e+02 2.484426227310265460e+02 2.507844637564339791e+02 2.530215457912250656e+02 2.551136830203065244e+02 2.570089142971800129e+02 2.586369823142640598e+02 2.598973029054475319e+02 2.606457905546645293e+02 2.604677866288994892e+02 2.593975069851404669e+02 2.578548758647592649e+02 2.559568970080047166e+02 2.538022561611326751e+02 2.514643143350118351e+02 2.490004364008169944e+02 2.464581230541350862e+02 2.438796326898624329e+02 2.413061545251068196e+02 2.387824212562001378e+02 2.363629587036806470e+02 2.341237287945103560e+02 2.322048736104877378e+02 2.308145174509240007e+02 2.296445189769411286e+02 2.290792916310748808e+02 2.286571085424954788e+02
2.214143325270603384e+02 2.224972000926186979e+02 2.244579022970297046e+02 2.266229617189721921e+02 2.289404059082794163e+02 2.313635677662234116e+02 2.338570122033971472e+02 2.363929782865328946e+02 2.389483275330940728e+02 2.415020932821007591e+02 2.440334920933840124e+02 2.465201985485949194e+02 2.489366670949889340e+02 2.512521853702085650e+02 2.534283130672289417e+02 2.554150130516275681e+02 2.571440509586775534e+02 2.585433961454302789e+02 2.593026956889468693e+02 2.590508308406745641e+02 2.578151563954186258e+02 2.560188812684178856e+02 2.539441552480796531e+02 2.516374023030857643e+02 2.491639071114946091e+02 2.465746212698884676e+02 2.439115480604018558e+02 2.412115827888281956e+02 2.385099865704845286e+02 2.358442301391434910e+02 2.332588010116884618e+02 2.308108791570422511e+02 2.285639489087532468e+02 2.273898325995310472e+02 2.263055098793354603e+02 2.257462306416453828e+02 2.253695428375162351e+02
2.179071234334281826e+02 2.188656489561119258e+02 2.210679458182490578e+02 2.234199544151074406e+02 2.258907675111963727e+02 2.284425899529967126e+02 2.310467674806227478e+02 2.336810602734934150e+02 2.363268315108682032e+02 2.389667779996538286e+02 2.415831527540066475e+02 2.441562573649886758e+02 2.466629487315053382e+02 2.490749306128641081e+02 2.513564688933959985e+02 2.534608021080104834e+02 2.553560931074874816e+02 2.568831067763248939e+02 2.574969913597931850e+02 2.572112199556456176e+02 2.558269057228734766e+02 2.538489632978503892e+02 2.515174343977331546e+02 2.490320059966587678e+02 2.464010696130597466e+02 2.436681836435879518e+02 2.408690445420622837e+02 2.380346059250941266e+02 2.351935498553423258e+02 2.323752618532856218e+02 2.296141097455526960e+02 2.269548333410434395e+02 2.244369705326919870e+02 2.233862321059807243e+02 2.223589252960663885e+02 2.218293047297493104e+02 2.215106020366941664e+02
2.140056610685042813e+02 2.148904675649660874e+02 2.173301468852115761e+02 2.198747730079522285e+02 2.225059768297759319e+02 2.251925882336914242e+02 2.279130438505562495e+02 2.306513883221547019e+02 2.333940524709477984e+02 2.361277568310588322e+02 2.388380768513561350e+02 2.415082553850752163e+02 2.441180200395398003e+02 2.466422047367177868e+02 2.490487162162545189e+02 2.513281152808840773e+02 2.533712971265159979e+02 2.549230569287854848e+02 2.553764129970021770e+02 2.550541293631603992e+02 2.535349774649812673e+02 2.513978644275025829e+02 2.488883277573348494e+02 2.461564245848485655e+02 2.433503706457629789e+02 2.404595195433248591e+02 2.375132924515824016e+02 2.345365201244085824e+02 2.315511448286032703e+02 2.285777334242340544e+02 2.256389832582166832e+02 2.227675850113383262e+02 2.199892453957949954e+02 2.189860927823633290e+02 2.179908118976482569e+02 2.175061760178777490e+02 2.172611205703181270e+02
2.098255962495839526e+02 2.106958637215469139e+02 2.133778078919070822e+02 2.161203553489595777e+02 2.189141565186308753e+02 2.217359127124929330e+02 2.245732047603139847e+02 2.274174848208332378e+02 2.302606403939770701e+02 2.330935376888359656e+02 2.359051818726856027e+02 2.386819869462145505e+02 2.414069955666285523e+02 2.440587014067077121e+02 2.466409414572709125e+02 2.490751556813060290e+02 2.511760212652890516e+02 2.527038427961452101e+02 2.530353835176826465e+02 2.526628537664773546e+02 2.510143473744265634e+02 2.487343812603756135e+02 2.460686700119557031e+02 2.431656194364743726e+02 2.401250840001645486e+02 2.370634996437349855e+02 2.339606382012902941e+02 2.308359421669940161e+02 2.277051507731462436e+02 2.245803171337387596e+02 2.214697280827080590e+02 2.183864292679517405e+02 2.153406441062584236e+02 2.142872650791709930e+02 2.133026484822229065e+02 2.128805483740032400e+02 2.127285107455727768e+02
2.054362243959246825e+02 2.063784242089444376e+02 2.093145747721571581e+02 2.122586315137509985e+02 2.152098943149422610e+02 2.181604165125511940e+02 2.211106453495856101e+02 2.240599778327674301e+02 2.270055011986144109e+02 2.299419748986954630e+02 2.328617639527944050e+02 2.357546218954180972e+02 2.386070866285342333e+02 2.414313592136518878e+02 2.441688519385025131e+02 2.466747933159299180e+02 2.487961481358310039e+02 2.503068819187735130e+02 2.505242117261315684e+02 2.500952503159339813e+02 2.483213191349029216e+02 2.459103296254967859e+02 2.431048496828274210e+02 2.400505442916307857e+02 2.368454756861270880e+02 2.335611296523142641e+02 2.302928325893643091e+02 2.270150956502292274e+02 2.237393191001705191e+02 2.204717570075230526e+02 2.172088731519965847e+02 2.139262625833136724e+02 2.105927581816851841e+02 2.093310205161627948e+02 2.083526975222099793e+02 2.080205358638246480e+02 2.079856633254831308e+02
2.008658242258788107e+02 2.020237408403394284e+02 2.052390433847715485e+02 2.083771426055108691e+02 2.114654259671391685e+02 2.145308796813575896e+02 2.175868570330718796e+02 2.206388303851408352e+02 2.236878909131061732e+02 2.267321002776500052e+02 2.297670131869990939e+02 2.327855896792802355e+02 2.358056410746968936e+02 2.387825050942338407e+02 2.415975439583188233e+02 2.441457633697715721e+02 2.462894599819047414e+02 2.477739555606897284e+02 2.478823944086036875e+02 2.473943320716324479e+02 2.454983461928661939e+02 2.429647816465079586e+02 2.400320097826603103e+02 2.368423887361036861e+02 2.334915352686027461e+02 2.300495285599196222e+02 2.265703589601397425e+02 2.231341824923026707e+02 2.197124751899461614e+02 2.163100955542176109e+02 2.129238102888815263e+02 2.095231662300623157e+02 2.058340806769883784e+02 2.040952656351028054e+02 2.031738621466969903e+02 2.029757733787123470e+02 2.030868161166903860e+02
1.960871349718747751e+02 1.977016475578924428e+02 2.012864631696333504e+02 2.045413594520841798e+02 2.077299717379382571e+02 2.108934608529045533e+02 2.140474740155252391e+02 2.171997243039340901e+02 2.203537754865651266e+02 2.235103770912781158e+02 2.266678390557309797e+02 2.298479917183262273e+02 2.330163998916639798e+02 2.360726781769655815e+02 2.389414912669371631e+02 2.415306035542574818e+02 2.436874022149743269e+02 2.451375683505412155e+02 2.451387150876465739e+02 2.445909289283946180e+02 2.425757243311450679e+02 2.399262879812065989e+02 2.368764765492693982e+02 2.335648373914605997e+02 2.300843208129579125e+02 2.265029274841799349e+02 2.228736511684453490e+02 2.192389167541420250e+02 2.156676762237909486e+02 2.121307735842018758e+02 2.086315988066512261e+02 2.051760748735000277e+02 2.018497837710573322e+02 1.983768490827722530e+02 1.977906239896252032e+02 1.977881426253956079e+02 1.980744823287913903e+02
1.908974101991274779e+02 1.942384184794838404e+02 1.974805167656360823e+02 2.007665577650149089e+02 2.040301483738381307e+02 2.072798280193959783e+02 2.105264915760323845e+02 2.137780346891264287e+02 2.170396267033216304e+02 2.203140704086818289e+02 2.236262365942790780e+02 2.269495339677322647e+02 2.301971146495236837e+02 2.333133322261256524e+02 2.362324664069512608e+02 2.388531743297139940e+02 2.410157990955946445e+02 2.424254425643144657e+02 2.423119950856615787e+02 2.417053820275962721e+02 2.395735627314615783e+02 2.368148218299946848e+02 2.336574308635874218e+02 2.302358276975540718e+02 2.266399231964788612e+02 2.229355534954711118e+02 2.191739796939957898e+02 2.153970093195423772e+02 2.116392171415166956e+02 2.079617268206681047e+02 2.043382753095470150e+02 2.007772845477696251e+02 1.972787539375648294e+02 1.935018546428414652e+02 1.922204932787638825e+02 1.924990079486027810e+02 1.929822078294528183e+02
1.865317129410334189e+02 1.903013696663971643e+02 1.936970061448335514e+02 1.970475979450741590e+02 2.003820233456206097e+02 2.037126762676972760e+02 2.070497672670860538e+02 2.104016342093834453e+02 2.137746370132131517e+02 2.171959563205898576e+02 2.206452144388433965e+02 2.240460829179078530e+02 2.273566660573036700e+02 2.305280622735413090e+02 2.334882969539505098e+02 2.361331846714654432e+02 2.382955485557845066e+02 2.396592598806637398e+02 2.394170806221973180e+02 2.387498382048943597e+02 2.365039390893016957e+02 2.336430933548372764e+02 2.303881050447574523e+02 2.268684745023415132e+02 2.231707511752961182e+02 2.193583915537354301e+02 2.154809225942829300e+02 2.115786914513473107e+02 2.076857532509599764e+02 2.038312289695885227e+02 2.000711123497076755e+02 1.963858895697509297e+02 1.928043565476987453e+02 1.894686786108757133e+02 1.861501919770762470e+02 1.871550390328485207e+02 1.878331143443745930e+02
1.832228199245530789e+02 1.865799890557845515e+02 1.899933136242948990e+02 1.933977894179723194e+02 1.967996318263809599e+02 2.002094815357145876e+02 2.036375075801158232e+02 2.070926000956624478e+02 2.106035725804253502e+02 2.141550460050550839e+02 2.176791635538663456e+02 2.211440370375858606e+02 2.245121432683404521e+02 2.277299207885059218e+02 2.307241571225412713e+02 2.333873122101759634e+02 2.355438396258491593e+02 2.368533832581380523e+02 2.364660993917447911e+02 2.357269514789080347e+02 2.333698274004410962e+02 2.304166744415375661e+02 2.270762642781658371e+02 2.234717663315998664e+02 2.196860385965485989e+02 2.157801864839743473e+02 2.118020477752481838e+02 2.077906233987604026e+02 2.037785604836761877e+02 1.997938390319394273e+02 1.958606310492245939e+02 1.920294277783124528e+02 1.882851335118537577e+02 1.846609192937677619e+02 1.810605528863736424e+02 1.818846382399661934e+02 1.826320264265284550e+02
1.793956366870896204e+02 1.829012497824832053e+02 1.863654930220393737e+02 1.898250522139225609e+02 1.932939990707854747e+02 1.967839411751802174e+02 2.003055235756592367e+02 2.038886094517947356e+02 2.075218629024000734e+02 2.111444248069646505e+02 2.147319439706884339e+02 2.182550271209958908e+02 2.216724841906580536e+02 2.249302333471107715e+02 2.279535056091147851e+02 2.306310347499785962e+02 2.327778563856490734e+02 2.340245363178117657e+02 2.334679784499734012e+02 2.326150326131922839e+02 2.301594578984494888e+02 2.271330683262687558e+02 2.237248465348114621e+02 2.200513805236731741e+02 2.161925542035505146e+02 2.122077628561283120e+02 2.081436188285451294e+02 2.040380845264757568e+02 1.999227711886011036e+02 1.958240917549156848e+02 1.917636681581624316e+02 1.877573991345103934e+02 1.838411678275024883e+02 1.799875157567832673e+02 1.761137661009360045e+02 1.766207050160803931e+02 1.773282233329579185e+02
1.758216680570781421e+02 1.793198222333859064e+02 1.828222252458229491e+02 1.863362769122869906e+02 1.898737768861341237e+02 1.934465897245363237e+02 1.970852758896794512e+02 2.007818558927944252e+02 2.044813891779376434e+02 2.081653651658215551e+02 2.118104720165663366e+02 2.153842914184278357e+02 2.188454198907068076e+02 2.221390802799755306e+02 2.251889737501351476e+02 2.278804007342488376e+02 2.300193184251351397e+02 2.312037426089694634e+02 2.304300597747983090e+02 2.293115211567828453e+02 2.268426596454703201e+02 2.237849650932562326e+02 2.203349083829241124e+02 2.166116174727051771e+02 2.126957346927687809e+02 2.086466705224488862e+02 2.045106953415609041e+02 2.003252948727729859e+02 1.961215885129588514e+02 1.919255021545416184e+02 1.877576983373101314e+02 1.836314448700369155e+02 1.795444025348345463e+02 1.754856255802768885e+02 1.713388001568203549e+02 1.712975503221858560e+02 1.717598786915858682e+02
1.722867268242011676e+02 1.758191788047970761e+02 1.793649618604190437e+02 1.829361240970684435e+02 1.865452512476565516e+02 1.902235529489085195e+02 1.939660877349031693e+02 1.977231306482805735e+02 2.014808464251461260e+02 2.052206602530113173e+02 2.089166554643778966e+02 2.125362771338075731e+02 2.160377470183276216e+02 2.193656394042287161e+02 2.224426515414845085e+02 2.251526039134675727e+02 2.272998062173787446e+02 2.284694278096265236e+02 2.279667566918417663e+02 2.253356071172408122e+02 2.234216054613008851e+02 2.203757644512490685e+02 2.169118430835910090e+02 2.131580375748743563e+02 2.092009840118660975e+02 2.051018655131141486e+02 2.009075278026578530e+02 1.966554613247345742e+02 1.923767114546177481e+02 1.880974769336557415e+02 1.838397554306994834e+02 1.796206049875613076e+02 1.754469771631290200e+02 1.712851961620995382e+02 1.667519712778189103e+02 1.658310195711919164e+02 1.665839390269904925e+02
1.688384044597191007e+02 1.724037578126375649e+02 1.759964376323547413e+02 1.796277665994678614e+02 1.833300569764537613e+02 1.871016535635476146e+02 1.908978018225833466e+02 1.947086229938776398e+02 1.985193950916970209e+02 2.023092105286304445e+02 2.060519744689605943e+02 2.097148052414709696e+02 2.132554720922712193e+02 2.166180089366072252e+02 2.197246311478164102e+02 2.224588975785786999e+02 2.246798327362683381e+02 2.256629945504809882e+02 2.250788165806538927e+02 2.227988428227380382e+02 2.194649425294799414e+02 2.169307392920247821e+02 2.134654191974880177e+02 2.096982620857376105e+02 2.057140073670942968e+02 2.015779990382660003e+02 1.973378435858986393e+02 1.930312649389376816e+02 1.886892264369964494e+02 1.843381138810794369e+02 1.800012663288932515e+02 1.757005890501534680e+02 1.714598790536810213e+02 1.673193343003199516e+02 1.634513812295904245e+02 1.598093878893010071e+02 1.614939640188737542e+02
