output_new_topo_ddd_5/finaltopo_soil__depth.asc
ncols 300
nrows 100
xllcorner 0.0
yllcorner 0.0
cellsize 10.0
[rows 51 to 67 of 100, columns 259 to 295 of 300]
8.193048589318165098e-02 8.105909399345639921e-02 7.997963985243353169e-02 7.860458982449544663e-02 7.684263669746560499e-02 7.460057355352657515e-02 7.178275076377729769e-02 6.828838576800709548e-02 6.400476365486718056e-02 5.879183990123686837e-02 5.244798534616136598e-02 4.463538615015385375e-02 3.466991479304304402e-02 3.189699586899945316e-02 3.935131392402124034e-02 3.651403841105007458e-02 4.492084446651099794e-02 5.179319935113275986e-02 5.736662394307190382e-02 6.209254543879791366e-02 6.612859468822011866e-02 6.954291852072334856e-02 7.243401405458711750e-02 7.490154164661133596e-02 7.704030786577500955e-02 7.892814559205904579e-02 8.062345515281604813e-02 8.216668032075773176e-02 8.358480852953588391e-02 8.488979929997064744e-02 8.606852379999112290e-02 8.709408343299146482e-02 8.802047415253350104e-02 8.875671880632575450e-02 8.894800519614515233e-02 8.748818145712256023e-02 8.568050048336744995e-02
8.174566174535731478e-02 8.088326822785846248e-02 7.982315603636136458e-02 7.844776069055192647e-02 7.665653168727477873e-02 7.435669132621303135e-02 7.145576689241792123e-02 6.785619073977870730e-02 6.344791783775576011e-02 5.809225964508135664e-02 5.158423911896431457e-02 4.356242449108457815e-02 3.325982134034247140e-02 3.399759616301135934e-02 4.215558624536257237e-02 4.870517203412360469e-02 3.750022100611914017e-02 3.885459265499800058e-02 4.705142571139091928e-02 5.354852290093303768e-02 5.894952732439393689e-02 6.325264080600387362e-02 6.682016787632756583e-02 6.984203811227777947e-02 7.245470289408885434e-02 7.474508617640664154e-02 7.676336000391893732e-02 7.851987892926691470e-02 8.006056252049897903e-02 8.145548816765726952e-02 8.273537726675567194e-02 8.389586654793729226e-02 8.490434543167124648e-02 8.568316446934334807e-02 8.612002648198043009e-02 8.612576620569505070e-02 8.585746374047505125e-02
8.106366672292425468e-02 8.049471214135728303e-02 7.963392953186337886e-02 7.833941393908255835e-02 7.654489134714440035e-02 7.419123036342992195e-02 7.120808562795358232e-02 6.751012186404656279e-02 6.299156520463464193e-02 5.750765132223051301e-02 5.082438435217667694e-02 4.248442920677794610e-02 3.133713781260259040e-02 3.575284298489944668e-02 4.420339618373847479e-02 5.097150438884217455e-02 5.665126874078579150e-02 4.780183156319095517e-02 4.018697187475522847e-02 3.975334078654138570e-02 4.039228068317651799e-02 4.849107239581862405e-02 5.438012340194112171e-02 5.906985109288242358e-02 6.297607207377013683e-02 6.630605388308799530e-02 6.913072777160066129e-02 7.109233360680096425e-02 7.284271103330734742e-02 7.455514118664700873e-02 7.624092639988622189e-02 7.788690695180638945e-02 7.945734037775305236e-02 8.088226635672690623e-02 8.209252349404866367e-02 8.310148116388374473e-02 8.396134454329323704e-02
8.179132387868678911e-02 7.830134133118087092e-02 7.778243374107156327e-02 7.636375528649486100e-02 7.429413958211197877e-02 7.160822885088954926e-02 6.825649885573978337e-02 6.414603792642580016e-02 5.914889371029718318e-02 5.308448646707426832e-02 4.566014468878679122e-02 3.631371666341629695e-02 3.294896993801248869e-02 3.703657560981395841e-02 4.571861410888659882e-02 5.264969669408225278e-02 5.848843928695193761e-02 6.361769302402006665e-02 5.589405840126063230e-02 5.039329349484755749e-02 5.075149737805714767e-02 4.223983915863974148e-02 4.189347323745628432e-02 4.155474669245493025e-02 4.098041488450007014e-02 4.008925405610926779e-02 3.818398945938511480e-02 4.017139806656586098e-02 4.743517558371129761e-02 5.261620617839795483e-02 5.683874549929399111e-02 6.053452203651971120e-02 6.396188434917633725e-02 6.708698622603348483e-02 6.968538354824177494e-02 7.206332194237638489e-02 7.433938298818941470e-02
8.597113279011890652e-02 8.251218493835865697e-02 7.989934986567211184e-02 7.745888008846912864e-02 7.484996856339548588e-02 7.185186352629500950e-02 6.829626155581948466e-02 6.403005090816718536e-02 5.888846169447947698e-02 5.265650177542785526e-02 4.497829086541199617e-02 3.505715797365160230e-02 3.470951882566130492e-02 4.431122921128852893e-02 4.683144913328433911e-02 5.384723194364417209e-02 5.974985936604798598e-02 6.487998579117634779e-02 6.945692288875814080e-02 6.255015341243148896e-02 5.809325011047927062e-02 5.837755564874058667e-02 5.206999123223513687e-02 5.184894087585802114e-02 5.147943258181062604e-02 5.092057455612264416e-02 5.075759665180400865e-02 4.780821554232916187e-02 3.983883747248195134e-02 3.875403219185209053e-02 3.746133965011193279e-02 3.615445104864617454e-02 3.460790000289731827e-02 3.505137646797255174e-02 4.342909264565897320e-02 4.972358659196387393e-02 5.527187153866305880e-02
8.147190663116056497e-02 7.967133111543417412e-02 7.751221448669222414e-02 7.504771316021868754e-02 7.220989317244101702e-02 6.888260166216916836e-02 6.492441173574477198e-02 6.016980812285898511e-02 5.441334969046900810e-02 4.736015246719882388e-02 3.848497825811263151e-02 3.327956603619280224e-02 3.615893239338850706e-02 4.536673517351694218e-02 5.281476940798243702e-02 5.458782860534292652e-02 6.048396121087140642e-02 6.558052964338505209e-02 7.007944868709795050e-02 7.414801781027492711e-02 6.781806280603136505e-02 6.392886498460020883e-02 6.415778752850513633e-02 5.893773502769257544e-02 5.869865122340375829e-02 5.831616871309807520e-02 5.797242739507710990e-02 5.775120720127344121e-02 5.517064064222861053e-02 4.920379848905620523e-02 4.818291102638046219e-02 4.703048403607465455e-02 4.598137659021042656e-02 4.521085366588563359e-02 3.538250691962712552e-02 3.636482850947118928e-02 4.676165144581759942e-02
8.313615346253870608e-02 8.152931657114360908e-02 7.963128460008754572e-02 7.740199334037400902e-02 7.477525953527779101e-02 7.165922449189787713e-02 6.793921750434014917e-02 6.347542972521910687e-02 5.808427834607424872e-02 5.146660832717378509e-02 4.286869395865108845e-02 3.211285885046508831e-02 3.717825623381853378e-02 4.603921571629426834e-02 5.321525471530574175e-02 5.931270143310014842e-02 6.061403037637772689e-02 6.566101240226937530e-02 7.009492037859089975e-02 7.406476920058457925e-02 7.771544379507133726e-02 7.185157120280370735e-02 6.837714357664287368e-02 6.855484242950546370e-02 6.401447391733418313e-02 6.377041817403204804e-02 6.346241338355734785e-02 6.317313112811638598e-02 6.287869373965969400e-02 6.059949445732076140e-02 5.582675708660405495e-02 5.494345963874284339e-02 5.397224727841113540e-02 5.309367861995816645e-02 5.219152198236768486e-02 4.508535398138344141e-02 3.534777296376220151e-02
7.871120025045665047e-02 7.677110000350853558e-02 7.452638073658450490e-02 7.189629018142199013e-02 6.878345937580800096e-02 6.506767225825128842e-02 6.059931162336186505e-02 5.518841746151455230e-02 4.856275813827101717e-02 4.024089561870999865e-02 4.100410311431693100e-02 3.367239016107916733e-02 3.770263605118294448e-02 4.618069570647548305e-02 5.301479641100265150e-02 5.891292927067542234e-02 6.413258962506242222e-02 6.517198260697296130e-02 6.961831435581324057e-02 7.356022447935596509e-02 7.715724654462607912e-02 8.053202471243121885e-02 7.512518958451484818e-02 7.201959275655846204e-02 7.214894035188477994e-02 6.808094951426178765e-02 6.787284608909464889e-02 6.758378706687585835e-02 6.731774991862614355e-02 6.702798332400521086e-02 6.502661190678130088e-02 6.109747226419171007e-02 6.030420865591759605e-02 5.935123566657449917e-02 5.832897639941148071e-02 5.711402757712296524e-02 5.053175798340683866e-02
8.469485360511144756e-02 8.312725906078136107e-02 8.130667207016964437e-02 7.916056788297996805e-02 7.660367512424952341e-02 7.353405031850386575e-02 6.982360756205856223e-02 6.531964481250648880e-02 5.978742816933562548e-02 5.278138530223575042e-02 3.666010614547533797e-02 3.516816284035311629e-02 4.370556940667588014e-02 4.599148777466169347e-02 5.229020886519504530e-02 5.809401788951901180e-02 6.328909076573573100e-02 6.798364763122172194e-02 6.900439813014358492e-02 7.282780195627440445e-02 7.633876218457780194e-02 7.959353452742548574e-02 8.270037661070976653e-02 7.800821699316072555e-02 7.506272965265897712e-02 7.495142017701283965e-02 7.140073576485077289e-02 7.106283640308352911e-02 7.078435650402785384e-02 7.056651612881854885e-02 7.030557868603967697e-02 6.849648814438449862e-02 6.510017172267820729e-02 6.431818807497821644e-02 6.326303626766341393e-02 6.189874198458033411e-02 5.985149277113656352e-02
7.846256471199522520e-02 7.649230624957001345e-02 7.419717236757296386e-02 7.149373415239090868e-02 6.828082102971068379e-02 6.443449431241124459e-02 5.981189517931391475e-02 5.420766875978216132e-02 4.732549454530152883e-02 3.867923014491436717e-02 3.522786334497213928e-02 3.702225885323284782e-02 4.345303604269371012e-02 4.870928482849857383e-02 6.174594006015313857e-02 7.372029205330299373e-02 8.456072715113512051e-02 9.420707908116318641e-02 1.025130478411004908e-01 1.090312269990782873e-01 1.148487904954537675e-01 1.200445207932746561e-01 1.247634955224662251e-01 1.288324905911668594e-01 1.314000704556504973e-01 1.333283127324741690e-01 1.348704350502267502e-01 1.359970832084041736e-01 1.370395119599484013e-01 1.379681487686604258e-01 1.386844539601950199e-01 1.389081746365553316e-01 1.388214581234048228e-01 1.382847689055783647e-01 1.373344260944950879e-01 1.357798058568868149e-01 1.332062489198312938e-01
7.605900403183425695e-02 7.388386753078278468e-02 7.133133939770952558e-02 6.830886210454982510e-02 6.470029071231191142e-02 6.037211496191555865e-02 5.513788008732833229e-02 4.870342352313964535e-02 4.039269306390461112e-02 4.225376593828878563e-02 3.669021169294677670e-02 3.925777746317313938e-02 4.578142845493574781e-02 4.997440554273521740e-02 3.890375297196706217e-02 4.364980338215785488e-02 5.030373848545811877e-02 5.553494224730320256e-02 5.983287519402651772e-02 6.339448887997525817e-02 6.634277945972115453e-02 6.877967861003907168e-02 7.079599337245082169e-02 7.246107599155229839e-02 7.386937885072551724e-02 7.508232708289619417e-02 7.612505977558337023e-02 7.703968304021800717e-02 7.784363405825968363e-02 7.854358081152454374e-02 7.913005896306768427e-02 7.957175526486132133e-02 7.986168346490368775e-02 7.996125523529913626e-02 7.988077020250733407e-02 7.966788390978229994e-02 7.941883429442153641e-02
7.338211556034489325e-02 7.091772088422768072e-02 6.801120240520362736e-02 6.454652920718159659e-02 6.038987635972140749e-02 5.536365309782242256e-02 4.921377078306746894e-02 4.149175220931456548e-02 4.789381628646638411e-02 3.769171739181477465e-02 4.411050157613598255e-02 4.139760391860306671e-02 4.801616182196540711e-02 5.113443898480232730e-02 5.438470498042172890e-02 3.992877582760503974e-02 4.267241588670400709e-02 4.985705740852827000e-02 5.521467111731458849e-02 5.948847726659822754e-02 6.294835334061353593e-02 6.581189367423222192e-02 6.820975620929661809e-02 7.024259671308367980e-02 7.199167858374390383e-02 7.351681731256025365e-02 7.485946714718501316e-02 7.605080036367253826e-02 7.711195406393789309e-02 7.805573170422724916e-02 7.888626907136184196e-02 7.959897209159080833e-02 8.018671007112880555e-02 8.065138986801138887e-02 8.102851826967251425e-02 8.142023755379405869e-02 8.198734321723917529e-02
8.012552132191068377e-02 7.808631165173006428e-02 7.565001329002905839e-02 7.273572117059844133e-02 6.921671332876540295e-02 6.496474252789741222e-02 5.974096955172748802e-02 5.301593224326716508e-02 4.276769062374313757e-02 3.892436781304615956e-02 5.130717344295700200e-02 4.367735902421543415e-02 5.094724132448666398e-02 5.245755148469343626e-02 5.531531486432496314e-02 5.856428153654300028e-02 4.205318538698668562e-02 3.923195582078289889e-02 4.661100279298357324e-02 5.210022698048109163e-02 5.653442818462466740e-02 6.017946948129206108e-02 6.323399238868418482e-02 6.583164561616350330e-02 6.808379758758276168e-02 7.006212607713234453e-02 7.181959957451848620e-02 7.339587977154980736e-02 7.482069051867641651e-02 7.611451285556390667e-02 7.728707879920236612e-02 7.833539358744105729e-02 7.924999314357693281e-02 8.002562452141730176e-02 8.068623935322502549e-02 8.131602354796563237e-02 8.209418850494404341e-02
7.033321506957447566e-02 6.735827239867353544e-02 6.380932653530886622e-02 5.955857952524788029e-02 5.444288236850804152e-02 4.814969472489734337e-02 4.011533813086398670e-02 4.754258699330903004e-02 3.781683295554762181e-02 4.664060111892946031e-02 4.341418523587049078e-02 6.446607545810154050e-02 4.603564000452406435e-02 6.544236011357928984e-02 4.117863304280908188e-02 5.845242147074835443e-02 6.165974516437882497e-02 4.746798093153821452e-02 3.922384416516903893e-02 4.690245259560926749e-02 5.258535182677567810e-02 5.711782759126218800e-02 6.084255767090687717e-02 6.397945887807514331e-02 6.666226090583847463e-02 6.899473947730568046e-02 7.105181452042673429e-02 7.289067689787397109e-02 7.455493340846011674e-02 7.607453176358380809e-02 7.746414631962994513e-02 7.872108443560629776e-02 7.982090256760726588e-02 8.072324625342397475e-02 8.137732147242691949e-02 8.170659310281579157e-02 8.148816226653668449e-02
6.708178720236870896e-02 6.358617061787141811e-02 5.939117024948586260e-02 5.429560613392662299e-02 4.804416285843584461e-02 3.998254813545996933e-02 5.186442930303696713e-02 3.818169021720096284e-02 4.494151783937272437e-02 5.245639194102209857e-02 5.188379289771771763e-02 4.663951176772435092e-02 7.284938155476132493e-02 7.283504959043259064e-02 5.021777011256169099e-02 4.023297308389182925e-02 6.077659854996980693e-02 6.466929236765467381e-02 5.257972584103942637e-02 3.909411857310701732e-02 4.692077526959409495e-02 5.266434169872187543e-02 5.726551883360046086e-02 6.107695700840488906e-02 6.430336044860042455e-02 6.708035879981981420e-02 6.950848027545324104e-02 7.166965835355396108e-02 7.362945682938841496e-02 7.543413762373220310e-02 7.711187211211843751e-02 7.867284535412882862e-02 8.011068318715237890e-02 8.141406743301535243e-02 8.259858959640463405e-02 8.376643096194154314e-02 8.525133424913459990e-02
6.321635178387170761e-02 5.905919398898832468e-02 5.400765971256173137e-02 4.757406426364170493e-02 3.956126151640051991e-02 5.640432216222991679e-02 4.455654686121222202e-02 3.806920430375412834e-02 5.099006911433600492e-02 5.835713441884931435e-02 4.694585146761917627e-02 6.541614861967680328e-02 4.913009566142188811e-02 8.916705938069276194e-02 5.767708614752486973e-02 4.332940457548844354e-02 4.321774705547713757e-02 6.393279471756622978e-02 6.817110976645508746e-02 5.769299091254048023e-02 3.846802534765808579e-02 4.607565182734224551e-02 5.181557319161243097e-02 5.645269548590062941e-02 6.031675875921201080e-02 6.360349972911315264e-02 6.644496774610074430e-02 6.895091091865773736e-02 7.121909587220841276e-02 7.331792451078782136e-02 7.529714298647932624e-02 7.719072473101215581e-02 7.901548238630182186e-02 8.076818415911213300e-02 8.239162230860196112e-02 8.345951667521579742e-02 8.462539489226005018e-02
5.407795247685809326e-02 4.809388552005656320e-02 4.026740670986306281e-02 3.974605945247033922e-02 6.144399232316723192e-02 5.013867880564104595e-02 3.813476737357119478e-02 4.512771716567368085e-02 5.661040617777438749e-02 4.438949984395884618e-02 7.156110855486544353e-02 4.948806142727933677e-02 7.120787624539395844e-02 9.496535504984771059e-02 6.357878253576403071e-02 5.053270781235470743e-02 3.816987045615643365e-02 4.822893319169301724e-02 6.714435844715885282e-02 7.217573027236810768e-02 6.363961845273710671e-02 4.017803143543578065e-02 4.014565370564781438e-02 3.983601351725768458e-02 3.952884462541658706e-02 3.920758205137873237e-02 3.887649946504884158e-02 3.848609217786935072e-02 3.814904764852811159e-02 3.788508955802105671e-02 3.770448477333762649e-02 3.759844422446032008e-02 3.753359593047425613e-02 3.736010461673702765e-02 3.629002814685666767e-02 4.306482034386491242e-02 4.890336656075286448e-02
