output_new_topo_ddd_5/finaltopo_topographic__elevation.asc
ncols 300
nrows 100
xllcorner 0.0
yllcorner 0.0
cellsize 10.0
[rows 51 to 67 of 100, columns 185 to 221 of 300]
1.586059714150261470e+02 1.622513735198076290e+02 1.655631306415034771e+02 1.687194333335789054e+02 1.718794622887508012e+02 1.747820050292241376e+02 1.774339351549497792e+02 1.798985350046665417e+02 1.820117176485252912e+02 1.840675273851749694e+02 1.855741039872245040e+02 1.862446470570184829e+02 1.861846719093658749e+02 1.847256655409105974e+02 1.822491079007603219e+02 1.791237158716679119e+02 1.755511250915713504e+02 1.716480846250753984e+02 1.674920676080822943e+02 1.631362563119914455e+02 1.586192094736566958e+02 1.539713625823843017e+02 1.492247800767354988e+02 1.444611047597653624e+02 1.396660920126283543e+02 1.348444540149985187e+02 1.300240526549173410e+02 1.251928542876157451e+02 1.259323987978895332e+02 1.262740519519893212e+02 1.262877941628598393e+02 1.255251163502171607e+02 1.244436111487219705e+02 1.274279801787782134e+02 1.280667158808291788e+02 1.282048092817873908e+02 1.314109394947862768e+02
1.557725044474464653e+02 1.593087648536412928e+02 1.626520688162799786e+02 1.660036411188695524e+02 1.691458287642485914e+02 1.717397565834512818e+02 1.741585898778302237e+02 1.764533982574469348e+02 1.788184172021706786e+02 1.808687738644045453e+02 1.823705875230451738e+02 1.838339532777706324e+02 1.842313336817545917e+02 1.837032717015060825e+02 1.818411877865979420e+02 1.790291236257363892e+02 1.757005801616860481e+02 1.719837271526359359e+02 1.679625529874166148e+02 1.636922364972433286e+02 1.592048230029776619e+02 1.545033585709711019e+02 1.494339890763625647e+02 1.447349232055196921e+02 1.400017649680665954e+02 1.352778597072915261e+02 1.306045274791456734e+02 1.260489403303129876e+02 1.216023680395456665e+02 1.221189509526778210e+02 1.222109621652412415e+02 1.209310888509291146e+02 1.197013558135984397e+02 1.221896103718995477e+02 1.227780011485498619e+02 1.230948542260719876e+02 1.260064108590562029e+02
1.526465239468434447e+02 1.562546999385877200e+02 1.598464145377228931e+02 1.632012066619319057e+02 1.666444417590830085e+02 1.680852108647992509e+02 1.704613591434385285e+02 1.729628918071182966e+02 1.752937664991096369e+02 1.772737540331199568e+02 1.793764209681904163e+02 1.808120603994201190e+02 1.819911016936150077e+02 1.820551015723737862e+02 1.809084908780936587e+02 1.786625191624068236e+02 1.757096606898284108e+02 1.722694339789873936e+02 1.684758700211664006e+02 1.643998788619040852e+02 1.600508572836426140e+02 1.558991626771273218e+02 1.522837317586268568e+02 1.475504514208525109e+02 1.428637295325377465e+02 1.381443174249731385e+02 1.333815075217118817e+02 1.284675814420119195e+02 1.232597613439789654e+02 1.179196078921916779e+02 1.188743488948840934e+02 1.163185630820699288e+02 1.150884403842506316e+02 1.169946631692723429e+02 1.173742131693407629e+02 1.178616588360628015e+02 1.201172413183255685e+02
1.495116281978606878e+02 1.534225357923832007e+02 1.570954871294918576e+02 1.607755026186026157e+02 1.633397807061121227e+02 1.641754120575861293e+02 1.666995734978571591e+02 1.691700859206139569e+02 1.714229542451787722e+02 1.738740359322744098e+02 1.758749528089944079e+02 1.778413288782511188e+02 1.792728771598097239e+02 1.799013250840422700e+02 1.797454534368632721e+02 1.783083930971884570e+02 1.757890637954791941e+02 1.726929998962896491e+02 1.692291674689163301e+02 1.655535135201265291e+02 1.619323802933632805e+02 1.575273396847744038e+02 1.531949004442101909e+02 1.486483009929771697e+02 1.439767797196963670e+02 1.392057349936466721e+02 1.343579981053028689e+02 1.293382040290620125e+02 1.239400384137271374e+02 1.192092366309202163e+02 1.145000511523419107e+02 1.123534697358010845e+02 1.104920688588878477e+02 1.120801958455168119e+02 1.117839867626995982e+02 1.124398360950276725e+02 1.157730193214444512e+02
1.467158832409018032e+02 1.507794726247932999e+02 1.548095476680682907e+02 1.581026831114112667e+02 1.596120333435272016e+02 1.600836550178744631e+02 1.626592468329596102e+02 1.650703575618403534e+02 1.677166567038075868e+02 1.700511311712577367e+02 1.724470303777448805e+02 1.745224216986583485e+02 1.760830230416841289e+02 1.774569893104913376e+02 1.778717764641185681e+02 1.773943061932065461e+02 1.755601777797265868e+02 1.728115010171748622e+02 1.695918681613411252e+02 1.660378572784298683e+02 1.622265425015447988e+02 1.581251677108248543e+02 1.538505983247048050e+02 1.494091730992478233e+02 1.447967924577824590e+02 1.399243069324887188e+02 1.353838288531114245e+02 1.309335586389073001e+02 1.273519588453648623e+02 1.228719310336542208e+02 1.189025029212275371e+02 1.155171528148734978e+02 1.117129592344885509e+02 1.074104353190057850e+02 1.057066247383413895e+02 1.073161699960025004e+02 1.103357912258461937e+02
1.442992775427204037e+02 1.487148545442648810e+02 1.525941049980826278e+02 1.550846469014872184e+02 1.557831168446004995e+02 1.558349212895016649e+02 1.583629208124896195e+02 1.611122142030985174e+02 1.636482827151213826e+02 1.663010081724097802e+02 1.687569337806584429e+02 1.708764200800463300e+02 1.729682576447783333e+02 1.744411744221113167e+02 1.756712941364400820e+02 1.758629247576287469e+02 1.747432729104780833e+02 1.725192660936436084e+02 1.696124688801784828e+02 1.662513396762414288e+02 1.625704702440905010e+02 1.586510500694508039e+02 1.545739689100021792e+02 1.504117646645320860e+02 1.462546187615434974e+02 1.425746332888274708e+02 1.380774648322441180e+02 1.338012791306833833e+02 1.296485434884824031e+02 1.255066279129180629e+02 1.215250770295097880e+02 1.176672287744707290e+02 1.138282576609168331e+02 1.101220866796459035e+02 1.065090591728283016e+02 1.023629502470840578e+02 1.052806989956399946e+02
1.440560807377711399e+02 1.479502737919966933e+02 1.507180583540938414e+02 1.517622687597090874e+02 1.518369720654054333e+02 1.514220219158675889e+02 1.541843172942723470e+02 1.568366980394008579e+02 1.596469170490378531e+02 1.623411068945586351e+02 1.648132631048245287e+02 1.673375697853411452e+02 1.694363051982990953e+02 1.714857221279328598e+02 1.729261210983102615e+02 1.738390638010039311e+02 1.736491046796622868e+02 1.721577634908394430e+02 1.695808747284794435e+02 1.664351554910780351e+02 1.629129520394664894e+02 1.591266493798185309e+02 1.551594370413822332e+02 1.510779052779549545e+02 1.469381478721048495e+02 1.427803413684003146e+02 1.385063025871329785e+02 1.342313733992039602e+02 1.299903531241798760e+02 1.257950687425458653e+02 1.216737092617212852e+02 1.176353189999807825e+02 1.136918833909303288e+02 1.099021371013419923e+02 1.068255734498148399e+02 1.027663385163595109e+02 9.892905784042939388e+01
1.434198451496416737e+02 1.462790004646363400e+02 1.481187768486167045e+02 1.483326041871274299e+02 1.477794307607201745e+02 1.469373065112360166e+02 1.497172105824220978e+02 1.526234877292786791e+02 1.554719999287788141e+02 1.581767473501021755e+02 1.609782667605505537e+02 1.634793262071230231e+02 1.660168820995473880e+02 1.681525429918799830e+02 1.700268031139675315e+02 1.713698839827356153e+02 1.718055953715515614e+02 1.712297159025914368e+02 1.692407511361295747e+02 1.663411646938778006e+02 1.629938935568747524e+02 1.593272890198749110e+02 1.554314966848467634e+02 1.513728494261513049e+02 1.472002819435943763e+02 1.429470420912904274e+02 1.386305539533253466e+02 1.342860926778153043e+02 1.299409190864485311e+02 1.256140171516442194e+02 1.213189904879917407e+02 1.170595231658144826e+02 1.128261940697149015e+02 1.085858620741091300e+02 1.042134716870093456e+02 1.001374009381114405e+02 9.636084184856851209e+01
1.417695719285126472e+02 1.443371098097078118e+02 1.451216400260656485e+02 1.447758635870091268e+02 1.436184441799300657e+02 1.423591058388616943e+02 1.453166046619101905e+02 1.482650090983200926e+02 1.511299814035374993e+02 1.541186445004504151e+02 1.568907423557631091e+02 1.597453457219722850e+02 1.623225635844753754e+02 1.647614297162008654e+02 1.668866662155796519e+02 1.684277667367159097e+02 1.696835381870510844e+02 1.697266655194115685e+02 1.683241809947417380e+02 1.658502063605483272e+02 1.627399985926424222e+02 1.592107105889068919e+02 1.553872087760342708e+02 1.513509799607390960e+02 1.471592736311480962e+02 1.428543908611311792e+02 1.384694815598565185e+02 1.340342904227524059e+02 1.295740146446922836e+02 1.251092567357177501e+02 1.206570542249624651e+02 1.162332355544712215e+02 1.118596732595165264e+02 1.075780171733710091e+02 1.040366247695941837e+02 9.934898345356509708e+01 9.422297648783438717e+01
1.400180795421698292e+02 1.418587765343722253e+02 1.420058945345104462e+02 1.413438179657757985e+02 1.393417942051272860e+02 1.377223925224444940e+02 1.407857540830239316e+02 1.437719910737822602e+02 1.468949913127883349e+02 1.498583412058468411e+02 1.529294820855236878e+02 1.558049359643439971e+02 1.586144387434622161e+02 1.612286543502717393e+02 1.634420366536694758e+02 1.655707584069471352e+02 1.671033448533595731e+02 1.677088457456793549e+02 1.672455346776700651e+02 1.653278321727023012e+02 1.624414881366773784e+02 1.590314764163908876e+02 1.552649472848482617e+02 1.512425977788115574e+02 1.470305417279739970e+02 1.426767656667415167e+02 1.382186400570907949e+02 1.336866906534265809e+02 1.291057120485596101e+02 1.244945714779690746e+02 1.198650411636532453e+02 1.152195739441392277e+02 1.105470617606927419e+02 1.058127359870430979e+02 1.008942818733511615e+02 9.650021459372686650e+01 9.237648788138699274e+01
1.381230539059555724e+02 1.389542814528376482e+02 1.388133465411692384e+02 1.371181441813911874e+02 1.357450920169557094e+02 1.329881606693529079e+02 1.361646847779781808e+02 1.393944397179584200e+02 1.424998431493312694e+02 1.457260629081567629e+02 1.488113073525583729e+02 1.518759215119347061e+02 1.548190748461552460e+02 1.574766014020704290e+02 1.601349284066257042e+02 1.624102681951624731e+02 1.641054261527108054e+02 1.654578395672608906e+02 1.655229130290237833e+02 1.641659336881754427e+02 1.618555127429948755e+02 1.586040636791757095e+02 1.549120270169089508e+02 1.509211551467913353e+02 1.467069732941360769e+02 1.423221222934527930e+02 1.378073662355805880e+02 1.331957988939149971e+02 1.285146587398425311e+02 1.237858128046905648e+02 1.190256912908514551e+02 1.142457461614309295e+02 1.094547397761976413e+02 1.046643947006920996e+02 9.990114351985302221e+01 9.522101160491888550e+01 9.049593254559995614e+01
1.356696643959423341e+02 1.357953618305311920e+02 1.350707378058194195e+02 1.335721982920328230e+02 1.307835518510370889e+02 1.283385802248996583e+02 1.316781651030637761e+02 1.348949713533768318e+02 1.382372952225904044e+02 1.414759338342465469e+02 1.447225681911998265e+02 1.478958918167618322e+02 1.508617706806340948e+02 1.538746445110382695e+02 1.566240791899989517e+02 1.589666500332921260e+02 1.611787929853274761e+02 1.627536778872829757e+02 1.632977937175029410e+02 1.626788435593988424e+02 1.605435296907346299e+02 1.579009875785300778e+02 1.542728251952684388e+02 1.503495490822319027e+02 1.461712590294204119e+02 1.417905410134058286e+02 1.372511778754073362e+02 1.325894833160638768e+02 1.278356536497886822e+02 1.230145062693688942e+02 1.181457386370973808e+02 1.132447030741216736e+02 1.083244734233007591e+02 1.033989959540600836e+02 9.848539068230276428e+01 9.360038654791642898e+01 8.864751931814276986e+01
1.328011495885495492e+02 1.324715071593702191e+02 1.314238198510909683e+02 1.291442095727289541e+02 1.268406292619444145e+02 1.237000243269933293e+02 1.270980335207975997e+02 1.305344339458125944e+02 1.338895227529687872e+02 1.372705143839004052e+02 1.406100825907658134e+02 1.437966976270373038e+02 1.470578831613900093e+02 1.501340802111250810e+02 1.529111573870922030e+02 1.556481690255635328e+02 1.579698802096111478e+02 1.596245595569125442e+02 1.608961870120797073e+02 1.606597485695924092e+02 1.590743408718140302e+02 1.563879273513655619e+02 1.531721409092165516e+02 1.494444882266271293e+02 1.453797946092871030e+02 1.410618616934729062e+02 1.365464902500843607e+02 1.318759729799623415e+02 1.270841125983205160e+02 1.221980842587263680e+02 1.172393203753442918e+02 1.122247372019161844e+02 1.071690937289452989e+02 1.020883050656928788e+02 9.700204622010603828e+01 9.193272044766757745e+01 8.681211281231300347e+01
1.298958739130358424e+02 1.292771325363903259e+02 1.270963464952189241e+02 1.251146954629038675e+02 1.222164903493082591e+02 1.191205505165960403e+02 1.226676614482101257e+02 1.261160086449187645e+02 1.296000834949012983e+02 1.330635121333701250e+02 1.364122555581770371e+02 1.398519825226692603e+02 1.431615162902874374e+02 1.462472005211972998e+02 1.493436208666001050e+02 1.521481900581767093e+02 1.544811194722906862e+02 1.566563946448425497e+02 1.580782823400815857e+02 1.580888573937003798e+02 1.573123294264717345e+02 1.551354068397538697e+02 1.525112622674232341e+02 1.488564050183842369e+02 1.448910436274936160e+02 1.406462043254460355e+02 1.361720817856221402e+02 1.315112267443294058e+02 1.266987036967207416e+02 1.217622023416164154e+02 1.167225135206431759e+02 1.115945161491419810e+02 1.063893858365421181e+02 1.011190182559469548e+02 9.579982806740721912e+01 9.045112550045779187e+01 8.499106185529053903e+01
1.270609353741312617e+02 1.253715276037403470e+02 1.235062120386348568e+02 1.206191358072285880e+02 1.179720988173716449e+02 1.145856336073521646e+02 1.181972485779838848e+02 1.217678733499110706e+02 1.253276454743321437e+02 1.287987779603209617e+02 1.323698059290383355e+02 1.358494044218814452e+02 1.391600756534421350e+02 1.425141689950039847e+02 1.456577451147217630e+02 1.484502117028231112e+02 1.511769042211935812e+02 1.534196359340538720e+02 1.549930476499662859e+02 1.551394878585342099e+02 1.548335952773501560e+02 1.533608608193534621e+02 1.508350691774433585e+02 1.477266352649625389e+02 1.440739020053129593e+02 1.400358490374779308e+02 1.357013180069004363e+02 1.311282181956045179e+02 1.263607245554170788e+02 1.214304324050407757e+02 1.163593412720250484e+02 1.111611801903327574e+02 1.058376356546424120e+02 1.003867484820841014e+02 9.481440537299290838e+01 8.916227399983110047e+01 8.313988133274401093e+01
1.238258615334117678e+02 1.220216751853434118e+02 1.193625946774396027e+02 1.167585275922828316e+02 1.133845532642415179e+02 1.101205756600249543e+02 1.138147360990311512e+02 1.174534159892197493e+02 1.210204231428679833e+02 1.246906608484071199e+02 1.282965244873841186e+02 1.317737729490132210e+02 1.353163339963661826e+02 1.387069676811362058e+02 1.418308073800836553e+02 1.449407816917237426e+02 1.477090758735741645e+02 1.500499502063117063e+02 1.516299107287698291e+02 1.518124469354902999e+02 1.517135555557556472e+02 1.510714159363614044e+02 1.492956224195147570e+02 1.470121123715686053e+02 1.436424112263246400e+02 1.398291866834314305e+02 1.356734481020629914e+02 1.312409989182452819e+02 1.265758106626654893e+02 1.217100616531563020e+02 1.166729842616766746e+02 1.115047531235796612e+02 1.061793496021090846e+02 1.006361978073465480e+02 9.470152808398566435e+01 8.950267079962280548e+01 8.453690581562777595e+01
1.204245911516087375e+02 1.183785128120043595e+02 1.156964811045537829e+02 1.124686677434693252e+02 1.093675716982758530e+02 1.056977171127786619e+02 1.094775871415659765e+02 1.131238557760829764e+02 1.168714772828390380e+02 1.205732675269182295e+02 1.241757100689194289e+02 1.278576692940312398e+02 1.314310675579682197e+02 1.348003051019724126e+02 1.381902971014674790e+02 1.413310347957231556e+02 1.441765440611142424e+02 1.466746086798169131e+02 1.478935744804094554e+02 1.481588397396264440e+02 1.482000113425701500e+02 1.478599116050957605e+02 1.470599179899291755e+02 1.450732903076125808e+02 1.428244361517050152e+02 1.394298724040215518e+02 1.356122292759345100e+02 1.314561293019740731e+02 1.270091504487956513e+02 1.222827781649781258e+02 1.172154340900702891e+02 1.122825131431242482e+02 1.073201718710212447e+02 1.022532340190608124e+02 9.848265949660742535e+01 9.291932642473344117e+01 8.697260351747794971e+01
