output_new_topo_ddd_5/finaltopo_topographic__steepest_slope.asc
ncols 300
nrows 100
xllcorner 0.0
yllcorner 0.0
cellsize 10.0
[rows 34 to 50 of 100, columns 148 to 184 of 300]
4.557899658380573649e-01 4.358786540423522649e-01 4.083564096000308341e-01 3.676523522487163964e-01 2.997450088219255626e-01 3.238199227351407083e-01 3.999691446619764723e-01 4.514332788244046490e-01 4.903120981011050428e-01 5.222096780328912002e-01 5.502265712490779226e-01 5.790048660954517645e-01 6.024683599897127095e-01 6.191787949620799480e-01 6.235860578359948558e-01 6.187378671834511401e-01 6.205404537961154432e-01 6.359479640541882972e-01 6.767339995959759102e-01 1.892656661927176742e-01 3.926703372247917767e-01 4.058710656560108876e-01 4.165569075830418688e-01 4.244767198433819777e-01 4.395751385679460554e-01 4.554406854780353453e-01 4.692962205608693926e-01 4.816733885768542112e-01 4.924832785731240170e-01 4.995633810026675059e-01 5.018681395297335257e-01 4.891336902162663480e-01 4.951202499222261966e-01 4.990986780025082337e-01 5.004004762244619320e-01 4.990710003142169171e-01 4.952624141283621384e-01
4.609825122838155376e-01 4.412783388218061709e-01 4.140557822523633913e-01 3.739696905656276771e-01 3.076772224369158648e-01 3.120014918857690334e-01 4.002145228225376106e-01 4.565364902172404649e-01 4.984403458069043835e-01 5.326024995329416978e-01 5.625149697957108064e-01 5.910082681891996037e-01 6.292077122204204898e-01 6.432693950295091945e-01 6.549339299620474675e-01 6.471812142876095519e-01 6.233102856887184906e-01 5.857306226580604180e-01 5.913955332838980450e-01 1.864997702748851793e-01 5.773744743293306447e-01 4.709967637887698677e-01 4.333633641523704227e-01 4.477542006632092009e-01 4.592258665226608971e-01 4.694625227819173574e-01 4.784847501916260626e-01 4.861444315516166848e-01 4.922053524402173474e-01 4.962299506266703020e-01 4.978949298215781250e-01 4.971265819244962136e-01 4.970877825366216141e-01 4.966835369180927495e-01 4.951509980604527073e-01 4.920968505852300612e-01 4.873068327831816537e-01
4.656140761347614121e-01 4.462116889552983356e-01 4.194749220411844726e-01 3.803729453710951725e-01 3.167015749604682462e-01 2.899831201894282340e-01 3.643692207358270596e-01 4.272290338446907976e-01 4.686285840916696310e-01 4.957486284761557505e-01 5.140693470490844685e-01 5.271327760990687228e-01 5.311829297565140440e-01 5.347608735931359547e-01 5.302936598791191392e-01 5.196601246041681055e-01 4.961524305436227911e-01 5.356480150450625421e-01 6.611759603610621872e-01 1.961991912622210177e-01 4.563053488518092893e-01 5.229579713873533375e-01 4.906584722198999993e-01 4.850909671616179253e-01 4.864943333436457240e-01 4.901399088019843253e-01 4.938952643430425948e-01 4.968310157975878161e-01 4.986433827455044598e-01 4.993221117020311683e-01 4.989907634824419236e-01 4.978817511354037828e-01 4.963686984501095023e-01 4.941685039925175493e-01 4.905926874337410704e-01 4.856026470867647049e-01 4.792386669072755123e-01
4.697107809551641644e-01 4.506778320627372048e-01 4.245428736971590400e-01 3.866248303711078416e-01 3.259964170848630993e-01 2.857086646710454425e-01 3.489403576448535937e-01 3.806374220172378808e-01 4.585396490150628890e-01 4.848577858181926103e-01 5.055028565079112690e-01 5.208891497085602618e-01 5.312536376865495402e-01 5.382223622197386259e-01 5.438889444032994902e-01 5.537697443458000635e-01 5.808212864477951820e-01 6.153505320289696101e-01 4.627642369480751694e-01 2.062177731122389335e-01 5.904382109851795679e-01 6.147501134310630055e-01 5.194768824006618102e-01 4.865000816609025835e-01 5.006372137041722459e-01 5.070963195831069692e-01 5.094312746359506150e-01 5.089317846438319304e-01 5.062036707700855453e-01 5.026771045239826208e-01 4.990887483245188827e-01 4.958910123117050150e-01 4.933901614237072297e-01 4.909297170765455354e-01 4.842404086394054841e-01 4.761362208351783698e-01 4.677539149608719304e-01
4.732854790440498283e-01 4.546448979824233017e-01 4.291261167430314161e-01 3.923415555271932420e-01 3.343794647776410223e-01 2.856545007399426406e-01 3.575339471568650951e-01 3.950209486752214727e-01 4.165627320859617289e-01 4.704608435257853216e-01 4.904109910343436018e-01 5.140189671328017074e-01 5.307265059365334769e-01 5.370303503982583049e-01 5.333053496568623819e-01 5.392159459693677270e-01 6.447718438767268134e-01 6.210419710409539329e-01 6.112307526260594148e-01 1.939058651580381765e-01 6.863094225566370721e-01 5.630390137389480465e-01 5.638309420116314197e-01 5.514888390073636737e-01 5.439525742449446977e-01 5.368510563620233489e-01 5.303600855274879233e-01 5.230421439456591770e-01 5.108746575955734892e-01 4.998584679927319252e-01 4.919321304767294012e-01 4.867672408845606924e-01 4.850531394624510995e-01 4.947027914976643848e-01 4.757394318004369294e-01 4.866882280234310909e-01 4.896646118374187728e-01
4.763558702027680392e-01 4.580895269382058710e-01 4.331249745982183597e-01 3.972806633372045759e-01 3.413567081400197267e-01 2.864559344383461603e-01 3.669874772025008003e-01 4.119103129279364506e-01 4.426050979751384173e-01 4.695657643107025714e-01 4.957709721336937547e-01 5.174346820521407153e-01 5.481417814039175607e-01 5.610069802243344839e-01 5.790666266652693128e-01 5.929650006275665186e-01 5.807400689661439408e-01 6.887916565525273871e-01 6.478785922446306245e-01 2.226968981518922530e-01 4.970931941257282216e-01 6.278964458495309708e-01 6.020812848615918478e-01 5.880140670936242486e-01 5.727523371409304342e-01 5.529015871266438342e-01 5.400372986719261803e-01 5.415347161395658304e-01 5.175707121356484253e-01 5.280982919645783591e-01 5.325584630865293212e-01 5.357372176105645867e-01 5.378854421847713008e-01 5.312440763185660719e-01 5.288636638420839420e-01 5.282406898828340136e-01 5.254180206680081344e-01
4.789543640059925611e-01 4.610242740813084161e-01 4.365234787461468313e-01 4.013971878068949839e-01 3.469298994446162188e-01 2.856396666987954247e-01 3.750340765875633808e-01 4.251668608502703894e-01 4.605964593727379097e-01 4.885682852262529519e-01 5.121313183059024166e-01 5.359858189790877026e-01 5.555540220248346150e-01 5.679855698524741703e-01 6.157613219752278155e-01 6.195633546557643978e-01 6.390490202992751279e-01 6.260453337398884655e-01 7.868148940015572412e-01 2.047317003435523419e-01 6.008417249440511920e-01 6.065022779488913329e-01 6.066705970917112278e-01 6.013882013206739430e-01 6.007171903267689572e-01 5.710132496451605366e-01 5.744554812169444524e-01 5.666212359004785259e-01 5.671081429497024651e-01 5.705488396506198656e-01 5.724418637070285421e-01 5.729007007732144219e-01 5.685245351333592101e-01 5.650841356753261158e-01 5.609849744581781872e-01 5.562681975310667104e-01 5.497901129378741647e-01
4.811286797701125328e-01 4.635009054949599250e-01 4.393836036245383769e-01 4.047845300856145467e-01 3.513039419275902908e-01 2.806376220698446611e-01 3.808459996237347212e-01 4.349139417195541091e-01 4.734927284363007471e-01 5.035879690563105360e-01 5.281775804139573482e-01 5.497888358815874454e-01 5.704022468125282685e-01 5.830402077472606193e-01 5.888920902173562233e-01 6.463410645081666406e-01 6.472706837504503818e-01 6.848129903423000320e-01 5.316296257054778929e-01 2.268288405348712899e-01 6.249916200067715533e-01 6.274797695274016984e-01 6.403769380839250402e-01 5.971809611280997077e-01 5.907869271938253064e-01 5.906121846078629112e-01 5.901082519142220040e-01 5.928529461211133889e-01 5.961463816573271401e-01 5.990726643604128432e-01 6.002521040305229816e-01 5.975013247498746072e-01 5.943182162657241197e-01 5.897784850577874050e-01 5.839853460649909733e-01 5.768672268210973675e-01 5.670507613648501088e-01
4.829416273388059677e-01 4.656012574939535908e-01 4.417920155524465153e-01 4.074836403169023735e-01 3.542884358032438730e-01 2.672663925050534073e-01 3.844877526966707371e-01 4.416371514480456062e-01 4.826878699651176441e-01 5.147201992362305800e-01 5.406858699468521934e-01 5.621722797767100266e-01 5.806297741423290804e-01 5.967437255402006091e-01 6.059484723439475529e-01 6.099658600590444069e-01 6.553603275509474191e-01 6.320139937317861278e-01 6.355759378616824273e-01 2.113221224749693705e-01 6.636963145018952570e-01 6.463866458764485623e-01 6.034285593434097761e-01 5.927900938497877581e-01 5.938189913977275358e-01 5.959431482502319799e-01 6.027973190064370712e-01 6.105385207624943744e-01 6.168540809537468306e-01 6.205815362959981041e-01 6.202328087370331255e-01 6.184005774196356109e-01 6.146014008272885354e-01 6.090210654867999063e-01 6.017795697059529214e-01 5.922794964907432957e-01 5.816477358279218413e-01
4.844900974818513451e-01 4.674886557498387774e-01 4.439925152443037759e-01 4.098761252278843581e-01 3.566964509074832534e-01 2.613614547332958615e-01 3.843199540835964823e-01 4.455434932477920773e-01 4.891501456489620869e-01 5.232956007684507194e-01 5.507687558919429627e-01 5.729118127821974937e-01 5.908395717744422404e-01 6.060290508491327222e-01 6.186901433732504563e-01 6.235403975399825827e-01 6.245390789986122737e-01 6.339194816788168430e-01 6.710113273090797525e-01 1.969233518482482737e-01 6.477128053277894093e-01 5.865449613447381028e-01 5.804210836531178419e-01 5.834630254528156978e-01 5.888315368670040684e-01 5.978975906673297258e-01 6.116150885747220212e-01 6.258621054600955746e-01 6.347334515042660774e-01 6.376780958936084653e-01 6.380395759216169749e-01 6.358957163538208057e-01 6.314187829780043559e-01 6.247503377618218723e-01 6.155663647697318108e-01 6.051749877459186022e-01 5.927612000847729545e-01
4.859301447535355756e-01 4.694552051620684008e-01 4.463858967087660501e-01 4.123693586174009273e-01 3.604734764901226240e-01 2.687836183536888579e-01 3.796258604712053897e-01 4.477103735977349119e-01 4.936169410237666866e-01 5.304836141501376723e-01 5.592899853179158498e-01 5.817326349813778386e-01 5.993218739364032377e-01 6.136999905729029203e-01 6.289725985500931316e-01 6.400071406890666115e-01 6.340231430610805408e-01 6.105364818714043018e-01 5.973676686702773519e-01 1.888139321315264740e-01 5.681017777136446734e-01 5.478350257880898466e-01 5.595564769970365893e-01 5.724914379447725299e-01 5.834373441394566928e-01 5.934342442887299285e-01 6.225412205871392324e-01 6.442114946873643833e-01 6.509004786194850789e-01 6.535836937926029488e-01 6.535464565524361502e-01 6.511072196042932969e-01 6.457882965662927743e-01 6.375956832265453622e-01 6.267183945507369680e-01 6.143748121120844452e-01 6.028080111191266299e-01
4.875335855637240035e-01 4.719807585778929560e-01 4.493359769430542161e-01 4.161530768283916437e-01 3.661079832835753001e-01 2.776630981638618101e-01 3.415142026688187116e-01 4.358013544744266943e-01 4.802900141092834585e-01 5.060637431955938847e-01 5.232653115641241470e-01 5.327306750577364136e-01 5.358396204580273547e-01 5.347064187566161753e-01 5.290775097953513972e-01 5.190713931264724357e-01 5.067511854331968602e-01 4.881874860565303953e-01 4.369310449850973832e-01 1.903492622834377923e-01 5.057651665658738915e-01 5.170763691823504482e-01 5.488200840902857092e-01 5.701121486601233856e-01 5.775904647599117148e-01 5.612450526206331780e-01 6.584070065511706815e-01 6.604663034687414669e-01 6.638702697378149331e-01 6.653872258929067751e-01 6.651090749379479083e-01 6.633810781800586476e-01 6.556392916810025451e-01 6.490141066544400372e-01 6.301604177390639494e-01 6.204887101244896952e-01 6.092751851161815058e-01
4.899026905438786383e-01 4.758996622386825193e-01 4.540859005480630817e-01 4.216537247905680630e-01 3.722649199669138542e-01 2.877560791862784906e-01 3.161982238810132628e-01 3.760450244407991249e-01 4.624104005414721996e-01 4.931674713570458612e-01 5.124143171859643076e-01 5.230677762822523169e-01 5.279724519591439957e-01 5.273911583289419003e-01 5.206491458029191000e-01 5.051423716196907776e-01 4.876402541815912373e-01 6.108570803134852900e-01 5.910987727127803293e-01 1.634189834687887755e-01 4.339222938258217033e-01 5.132620301504366989e-01 5.552173317306892120e-01 5.786979588363874161e-01 5.869427946663702267e-01 4.765562032616957322e-01 4.278237980520230854e-01 4.481689803262725036e-01 4.624085683655323464e-01 4.742949799095469987e-01 4.844051857493099078e-01 4.932631456311213358e-01 5.016581594914810704e-01 5.083582075805509470e-01 5.160835651852722084e-01 5.199201537410204077e-01 5.231366959726955201e-01
4.950869963253971551e-01 4.839119321626029757e-01 4.613533887442323733e-01 4.275740247926868576e-01 3.774035260802339753e-01 2.937757094937656355e-01 3.193555737683490547e-01 3.759258967654475758e-01 4.071356441445311281e-01 4.840158752252562979e-01 5.039156088575097447e-01 5.185351122311147032e-01 5.282547629216935992e-01 5.351864318158021661e-01 5.420036427298086101e-01 5.606429471003693266e-01 5.710210126996827507e-01 5.562045534246430334e-01 6.851868098161133513e-01 1.570703716340617062e-01 2.917116341114346367e-01 3.306541678302508669e-01 3.641287375461360054e-01 3.924565337395293230e-01 4.226435498230998178e-01 5.638359089521486345e-01 5.198276495597283775e-01 5.021412465651508006e-01 4.962983949975480757e-01 4.957277779659676753e-01 4.977390910693458292e-01 5.008936788097159143e-01 5.043647882365490664e-01 5.075061441368774462e-01 5.099977384275063974e-01 5.110510577808640154e-01 5.105224162742217908e-01
5.162303933530310029e-01 4.962052217285404243e-01 4.690197412097442120e-01 4.325792110825795178e-01 3.801552493711745084e-01 2.901352850020944008e-01 3.248435567445425720e-01 3.913462667273979734e-01 4.325115954894653281e-01 4.612687415730580831e-01 5.016255619355334261e-01 5.105915916186717363e-01 5.220212775707893105e-01 5.269997789995144455e-01 5.568214606267460898e-01 6.292222624346252013e-01 6.169739906279361197e-01 6.448110944132195987e-01 5.062423317321929073e-01 1.730907017739170273e-01 4.094662871878806398e-01 3.977977031370557026e-01 4.096152875347598976e-01 4.281537915489962987e-01 4.525387287748188214e-01 4.849278094846837805e-01 4.953848810953161430e-01 4.992363480395710096e-01 5.010174605315128593e-01 5.022717363709148231e-01 5.034582101047775371e-01 5.045769353698972282e-01 5.054268603747346100e-01 5.056957874730670932e-01 5.050074899654163341e-01 5.029222254323428842e-01 4.991015938497810334e-01
4.495683200225769616e-01 4.430860097785426777e-01 4.245941549847159768e-01 3.930501227052857760e-01 3.422642780592354828e-01 2.769718982982243283e-01 3.284535854643341191e-01 4.027089785863524618e-01 4.521402787881429464e-01 4.908295616440715436e-01 5.289379276488133108e-01 5.738688653849931542e-01 5.962708299813457291e-01 6.027443751650600756e-01 6.163762193721765703e-01 5.816903489722080600e-01 6.266754431839018924e-01 5.971344368828923610e-01 6.005872984804525583e-01 1.604979865510458015e-01 5.775087703359886859e-01 4.603483018870485055e-01 4.394069119638714938e-01 4.565536911913753437e-01 4.712960323558846309e-01 4.846532260269285075e-01 4.937367972518117432e-01 4.993020182222664971e-01 5.024795621915160160e-01 5.041233451965709822e-01 5.047570740021768421e-01 5.046307774153391268e-01 5.037609241703393526e-01 5.019463226104875497e-01 4.987360741683829479e-01 4.934180535096743259e-01 4.859169961802735083e-01
5.172131701039156537e-01 5.008403915678010243e-01 4.747345749474207177e-01 4.392958372274204937e-01 3.706715990913380665e-01 2.788660747188150824e-01 3.237247599966119327e-01 4.075625742473567015e-01 4.623593747670842746e-01 5.046127737364610732e-01 5.418193306475879156e-01 5.813881959296390844e-01 6.279099430949510730e-01 6.326793525581478894e-01 6.384564463658713995e-01 6.446291934560535175e-01 5.772946382498270745e-01 6.315214778488649205e-01 6.053319219053250322e-01 1.686047322347249688e-01 4.617526053153938048e-01 5.141530125610274116e-01 4.999309178180680879e-01 4.973707829318641527e-01 4.990559710311558428e-01 5.020463740150077347e-01 5.042527977530198990e-01 5.053304163424570117e-01 5.055272990670133249e-01 5.049641891618392719e-01 5.037255956685001701e-01 5.019072230779755284e-01 4.994653579718942860e-01 4.962236982263050211e-01 4.914811315087348476e-01 4.814491206230002152e-01 4.688325964782137367e-01
