output_new_topo_ddd_5/finaltopo_drainage_area.asc
ncols 300
nrows 100
xllcorner 0.0
yllcorner 0.0
cellsize 10.0
[rows 51 to 67 of 100, columns 185 to 221 of 300]
1.000000000000000000e+02 2.000000000000000000e+02 4.000000000000000000e+02 7.000000000000000000e+02 6.000000000000000000e+02 5.000000000000000000e+02 4.000000000000000000e+02 3.000000000000000000e+02 4.000000000000000000e+02 2.000000000000000000e+02 1.000000000000000000e+02 3.000000000000000000e+02 1.000000000000000000e+02 2.000000000000000000e+02 3.000000000000000000e+02 4.000000000000000000e+02 5.000000000000000000e+02 6.000000000000000000e+02 7.000000000000000000e+02 8.000000000000000000e+02 9.000000000000000000e+02 1.000000000000000000e+03 1.100000000000000000e+03 1.200000000000000000e+03 1.300000000000000000e+03 1.400000000000000000e+03 1.500000000000000000e+03 8.220000000000000000e+04 1.900000000000000000e+03 1.800000000000000000e+03 1.700000000000000000e+03 1.500000000000000000e+03 4.900000000000000000e+03 1.000000000000000000e+02 2.000000000000000000e+02 1.600000000000000000e+03 1.000000000000000000e+02
3.000000000000000000e+02 5.000000000000000000e+02 8.000000000000000000e+02 7.000000000000000000e+02 6.000000000000000000e+02 5.000000000000000000e+02 4.000000000000000000e+02 5.000000000000000000e+02 3.000000000000000000e+02 2.000000000000000000e+02 4.000000000000000000e+02 1.000000000000000000e+02 2.000000000000000000e+02 1.000000000000000000e+02 1.000000000000000000e+02 2.000000000000000000e+02 3.000000000000000000e+02 4.000000000000000000e+02 5.000000000000000000e+02 6.000000000000000000e+02 7.000000000000000000e+02 8.000000000000000000e+02 2.300000000000000000e+03 2.500000000000000000e+03 2.700000000000000000e+03 2.900000000000000000e+03 3.100000000000000000e+03 3.300000000000000000e+03 8.750000000000000000e+04 1.900000000000000000e+03 1.800000000000000000e+03 1.600000000000000000e+03 5.100000000000000000e+03 1.000000000000000000e+02 3.000000000000000000e+02 1.800000000000000000e+03 1.000000000000000000e+02
6.000000000000000000e+02 9.000000000000000000e+02 8.000000000000000000e+02 7.000000000000000000e+02 1.000000000000000000e+02 1.000000000000000000e+03 6.000000000000000000e+02 4.000000000000000000e+02 3.000000000000000000e+02 5.000000000000000000e+02 2.000000000000000000e+02 3.000000000000000000e+02 1.000000000000000000e+02 1.000000000000000000e+02 2.000000000000000000e+02 3.000000000000000000e+02 4.000000000000000000e+02 5.000000000000000000e+02 6.000000000000000000e+02 7.000000000000000000e+02 1.300000000000000000e+03 1.400000000000000000e+03 1.000000000000000000e+02 1.000000000000000000e+02 1.000000000000000000e+02 1.000000000000000000e+02 1.000000000000000000e+02 1.000000000000000000e+02 2.000000000000000000e+02 8.970000000000000000e+04 1.000000000000000000e+02 3.500000000000000000e+03 5.200000000000000000e+03 2.000000000000000000e+02 4.000000000000000000e+02 1.900000000000000000e+03 1.200000000000000000e+03
1.000000000000000000e+03 9.000000000000000000e+02 8.000000000000000000e+02 2.000000000000000000e+02 1.000000000000000000e+02 1.700000000000000000e+03 5.000000000000000000e+02 4.000000000000000000e+02 6.000000000000000000e+02 3.000000000000000000e+02 4.000000000000000000e+02 2.000000000000000000e+02 1.000000000000000000e+02 2.000000000000000000e+02 1.000000000000000000e+02 1.000000000000000000e+02 2.000000000000000000e+02 3.000000000000000000e+02 4.000000000000000000e+02 5.000000000000000000e+02 1.000000000000000000e+02 2.000000000000000000e+02 3.000000000000000000e+02 4.000000000000000000e+02 5.000000000000000000e+02 6.000000000000000000e+02 7.000000000000000000e+02 8.000000000000000000e+02 3.300000000000000000e+03 3.600000000000000000e+03 9.360000000000000000e+04 9.400000000000000000e+04 1.028000000000000000e+05 3.000000000000000000e+02 5.000000000000000000e+02 3.200000000000000000e+03 3.000000000000000000e+02
1.000000000000000000e+03 9.000000000000000000e+02 3.000000000000000000e+02 1.000000000000000000e+02 2.000000000000000000e+02 2.300000000000000000e+03 5.000000000000000000e+02 7.000000000000000000e+02 4.000000000000000000e+02 5.000000000000000000e+02 3.000000000000000000e+02 2.000000000000000000e+02 3.000000000000000000e+02 1.000000000000000000e+02 2.000000000000000000e+02 1.000000000000000000e+02 1.000000000000000000e+02 2.000000000000000000e+02 3.000000000000000000e+02 4.000000000000000000e+02 5.000000000000000000e+02 6.000000000000000000e+02 7.000000000000000000e+02 8.000000000000000000e+02 9.000000000000000000e+02 2.000000000000000000e+03 2.200000000000000000e+03 2.400000000000000000e+03 2.000000000000000000e+02 2.000000000000000000e+02 2.000000000000000000e+02 2.000000000000000000e+02 4.000000000000000000e+02 1.037000000000000000e+05 1.043000000000000000e+05 3.600000000000000000e+03 9.000000000000000000e+02
1.600000000000000000e+03 6.000000000000000000e+02 2.000000000000000000e+02 1.000000000000000000e+02 3.000000000000000000e+02 2.900000000000000000e+03 8.000000000000000000e+02 5.000000000000000000e+02 6.000000000000000000e+02 4.000000000000000000e+02 3.000000000000000000e+02 4.000000000000000000e+02 2.000000000000000000e+02 3.000000000000000000e+02 1.000000000000000000e+02 1.000000000000000000e+02 2.000000000000000000e+02 3.000000000000000000e+02 4.000000000000000000e+02 5.000000000000000000e+02 6.000000000000000000e+02 7.000000000000000000e+02 8.000000000000000000e+02 9.000000000000000000e+02 1.000000000000000000e+03 1.000000000000000000e+02 1.000000000000000000e+02 1.000000000000000000e+02 1.000000000000000000e+02 1.000000000000000000e+02 1.000000000000000000e+02 1.000000000000000000e+02 1.000000000000000000e+02 1.000000000000000000e+02 2.000000000000000000e+02 1.091000000000000000e+05 5.000000000000000000e+02
2.000000000000000000e+02 1.000000000000000000e+02 1.000000000000000000e+02 2.000000000000000000e+02 4.000000000000000000e+02 3.800000000000000000e+03 6.000000000000000000e+02 7.000000000000000000e+02 5.000000000000000000e+02 4.000000000000000000e+02 5.000000000000000000e+02 3.000000000000000000e+02 4.000000000000000000e+02 2.000000000000000000e+02 2.000000000000000000e+02 1.000000000000000000e+02 1.000000000000000000e+02 1.000000000000000000e+02 2.000000000000000000e+02 3.000000000000000000e+02 4.000000000000000000e+02 5.000000000000000000e+02 6.000000000000000000e+02 7.000000000000000000e+02 8.000000000000000000e+02 9.000000000000000000e+02 1.000000000000000000e+03 1.100000000000000000e+03 1.200000000000000000e+03 1.300000000000000000e+03 1.400000000000000000e+03 1.500000000000000000e+03 1.600000000000000000e+03 1.700000000000000000e+03 1.000000000000000000e+02 1.000000000000000000e+02 1.101000000000000000e+05
1.000000000000000000e+02 2.000000000000000000e+02 1.000000000000000000e+02 3.000000000000000000e+02 5.000000000000000000e+02 4.500000000000000000e+03 8.000000000000000000e+02 6.000000000000000000e+02 5.000000000000000000e+02 6.000000000000000000e+02 4.000000000000000000e+02 5.000000000000000000e+02 3.000000000000000000e+02 3.000000000000000000e+02 2.000000000000000000e+02 1.000000000000000000e+02 2.000000000000000000e+02 1.000000000000000000e+02 1.000000000000000000e+02 2.000000000000000000e+02 3.000000000000000000e+02 4.000000000000000000e+02 5.000000000000000000e+02 6.000000000000000000e+02 7.000000000000000000e+02 8.000000000000000000e+02 9.000000000000000000e+02 1.000000000000000000e+03 1.100000000000000000e+03 1.200000000000000000e+03 1.300000000000000000e+03 1.400000000000000000e+03 1.500000000000000000e+03 1.600000000000000000e+03 3.400000000000000000e+03 3.600000000000000000e+03 1.115000000000000000e+05
3.000000000000000000e+02 1.000000000000000000e+02 2.000000000000000000e+02 4.000000000000000000e+02 6.000000000000000000e+02 5.400000000000000000e+03 7.000000000000000000e+02 6.000000000000000000e+02 7.000000000000000000e+02 5.000000000000000000e+02 6.000000000000000000e+02 4.000000000000000000e+02 4.000000000000000000e+02 3.000000000000000000e+02 2.000000000000000000e+02 3.000000000000000000e+02 1.000000000000000000e+02 1.000000000000000000e+02 2.000000000000000000e+02 3.000000000000000000e+02 4.000000000000000000e+02 5.000000000000000000e+02 6.000000000000000000e+02 7.000000000000000000e+02 8.000000000000000000e+02 9.000000000000000000e+02 1.000000000000000000e+03 1.100000000000000000e+03 1.200000000000000000e+03 1.300000000000000000e+03 1.400000000000000000e+03 1.500000000000000000e+03 1.600000000000000000e+03 1.700000000000000000e+03 1.000000000000000000e+02 1.000000000000000000e+02 1.157000000000000000e+05
2.000000000000000000e+02 1.000000000000000000e+02 3.000000000000000000e+02 1.000000000000000000e+02 1.100000000000000000e+03 6.200000000000000000e+03 7.000000000000000000e+02 8.000000000000000000e+02 6.000000000000000000e+02 7.000000000000000000e+02 5.000000000000000000e+02 5.000000000000000000e+02 4.000000000000000000e+02 3.000000000000000000e+02 4.000000000000000000e+02 2.000000000000000000e+02 1.000000000000000000e+02 2.000000000000000000e+02 1.000000000000000000e+02 1.000000000000000000e+02 2.000000000000000000e+02 3.000000000000000000e+02 4.000000000000000000e+02 5.000000000000000000e+02 6.000000000000000000e+02 7.000000000000000000e+02 8.000000000000000000e+02 9.000000000000000000e+02 1.000000000000000000e+03 1.100000000000000000e+03 1.200000000000000000e+03 1.300000000000000000e+03 1.400000000000000000e+03 1.500000000000000000e+03 3.300000000000000000e+03 3.500000000000000000e+03 1.158000000000000000e+05
1.000000000000000000e+02 2.000000000000000000e+02 1.000000000000000000e+02 5.000000000000000000e+02 1.000000000000000000e+02 8.100000000000000000e+03 9.000000000000000000e+02 7.000000000000000000e+02 8.000000000000000000e+02 6.000000000000000000e+02 6.000000000000000000e+02 5.000000000000000000e+02 4.000000000000000000e+02 5.000000000000000000e+02 3.000000000000000000e+02 2.000000000000000000e+02 3.000000000000000000e+02 1.000000000000000000e+02 1.000000000000000000e+02 2.000000000000000000e+02 1.000000000000000000e+02 2.000000000000000000e+02 3.000000000000000000e+02 4.000000000000000000e+02 5.000000000000000000e+02 6.000000000000000000e+02 7.000000000000000000e+02 8.000000000000000000e+02 9.000000000000000000e+02 1.000000000000000000e+03 1.100000000000000000e+03 1.200000000000000000e+03 1.300000000000000000e+03 1.400000000000000000e+03 1.500000000000000000e+03 1.600000000000000000e+03 1.214000000000000000e+05
1.000000000000000000e+02 3.000000000000000000e+02 2.000000000000000000e+02 1.000000000000000000e+02 6.000000000000000000e+02 9.200000000000000000e+03 8.000000000000000000e+02 9.000000000000000000e+02 7.000000000000000000e+02 7.000000000000000000e+02 6.000000000000000000e+02 5.000000000000000000e+02 6.000000000000000000e+02 4.000000000000000000e+02 3.000000000000000000e+02 4.000000000000000000e+02 2.000000000000000000e+02 1.000000000000000000e+02 2.000000000000000000e+02 1.000000000000000000e+02 3.000000000000000000e+02 1.000000000000000000e+02 2.000000000000000000e+02 3.000000000000000000e+02 4.000000000000000000e+02 5.000000000000000000e+02 6.000000000000000000e+02 7.000000000000000000e+02 8.000000000000000000e+02 9.000000000000000000e+02 1.000000000000000000e+03 1.100000000000000000e+03 1.200000000000000000e+03 1.300000000000000000e+03 1.400000000000000000e+03 1.500000000000000000e+03 1.234000000000000000e+05
2.000000000000000000e+02 4.000000000000000000e+02 1.000000000000000000e+02 3.000000000000000000e+02 2.000000000000000000e+02 1.070000000000000000e+04 1.000000000000000000e+03 8.000000000000000000e+02 8.000000000000000000e+02 7.000000000000000000e+02 6.000000000000000000e+02 7.000000000000000000e+02 5.000000000000000000e+02 4.000000000000000000e+02 5.000000000000000000e+02 3.000000000000000000e+02 2.000000000000000000e+02 3.000000000000000000e+02 1.000000000000000000e+02 1.000000000000000000e+02 2.000000000000000000e+02 4.000000000000000000e+02 5.000000000000000000e+02 6.000000000000000000e+02 7.000000000000000000e+02 8.000000000000000000e+02 9.000000000000000000e+02 1.000000000000000000e+03 1.100000000000000000e+03 1.200000000000000000e+03 1.300000000000000000e+03 1.400000000000000000e+03 1.500000000000000000e+03 1.600000000000000000e+03 1.700000000000000000e+03 1.800000000000000000e+03 1.257000000000000000e+05
3.000000000000000000e+02 1.000000000000000000e+02 5.000000000000000000e+02 2.000000000000000000e+02 4.000000000000000000e+02 1.200000000000000000e+04 9.000000000000000000e+02 9.000000000000000000e+02 8.000000000000000000e+02 7.000000000000000000e+02 8.000000000000000000e+02 6.000000000000000000e+02 5.000000000000000000e+02 6.000000000000000000e+02 4.000000000000000000e+02 3.000000000000000000e+02 4.000000000000000000e+02 2.000000000000000000e+02 1.000000000000000000e+02 2.000000000000000000e+02 1.000000000000000000e+02 3.000000000000000000e+02 1.000000000000000000e+02 2.000000000000000000e+02 3.000000000000000000e+02 4.000000000000000000e+02 5.000000000000000000e+02 6.000000000000000000e+02 7.000000000000000000e+02 8.000000000000000000e+02 9.000000000000000000e+02 1.000000000000000000e+03 1.100000000000000000e+03 1.200000000000000000e+03 1.300000000000000000e+03 1.400000000000000000e+03 1.275000000000000000e+05
1.000000000000000000e+02 4.000000000000000000e+02 2.000000000000000000e+02 6.000000000000000000e+02 3.000000000000000000e+02 1.340000000000000000e+04 1.000000000000000000e+03 9.000000000000000000e+02 8.000000000000000000e+02 9.000000000000000000e+02 7.000000000000000000e+02 6.000000000000000000e+02 7.000000000000000000e+02 5.000000000000000000e+02 4.000000000000000000e+02 5.000000000000000000e+02 3.000000000000000000e+02 2.000000000000000000e+02 1.000000000000000000e+02 3.000000000000000000e+02 1.000000000000000000e+02 2.000000000000000000e+02 4.000000000000000000e+02 5.000000000000000000e+02 6.000000000000000000e+02 7.000000000000000000e+02 8.000000000000000000e+02 9.000000000000000000e+02 1.000000000000000000e+03 1.100000000000000000e+03 1.200000000000000000e+03 1.300000000000000000e+03 1.400000000000000000e+03 1.500000000000000000e+03 1.600000000000000000e+03 1.700000000000000000e+03 1.293000000000000000e+05
1.000000000000000000e+02 2.000000000000000000e+02 5.000000000000000000e+02 3.000000000000000000e+02 7.000000000000000000e+02 1.480000000000000000e+04 1.000000000000000000e+03 9.000000000000000000e+02 1.000000000000000000e+03 8.000000000000000000e+02 7.000000000000000000e+02 8.000000000000000000e+02 6.000000000000000000e+02 5.000000000000000000e+02 6.000000000000000000e+02 4.000000000000000000e+02 3.000000000000000000e+02 2.000000000000000000e+02 1.000000000000000000e+02 4.000000000000000000e+02 2.000000000000000000e+02 1.000000000000000000e+02 3.000000000000000000e+02 1.000000000000000000e+02 2.000000000000000000e+02 3.000000000000000000e+02 4.000000000000000000e+02 5.000000000000000000e+02 6.000000000000000000e+02 7.000000000000000000e+02 8.000000000000000000e+02 9.000000000000000000e+02 1.000000000000000000e+03 1.100000000000000000e+03 3.900000000000000000e+03 4.100000000000000000e+03 4.200000000000000000e+03
1.000000000000000000e+02 2.000000000000000000e+02 3.000000000000000000e+02 6.000000000000000000e+02 4.000000000000000000e+02 1.660000000000000000e+04 1.000000000000000000e+03 1.100000000000000000e+03 9.000000000000000000e+02 8.000000000000000000e+02 9.000000000000000000e+02 7.000000000000000000e+02 6.000000000000000000e+02 7.000000000000000000e+02 5.000000000000000000e+02 4.000000000000000000e+02 3.000000000000000000e+02 1.000000000000000000e+02 2.000000000000000000e+02 5.000000000000000000e+02 3.000000000000000000e+02 2.000000000000000000e+02 1.000000000000000000e+02 4.000000000000000000e+02 1.000000000000000000e+02 2.000000000000000000e+02 3.000000000000000000e+02 4.000000000000000000e+02 5.000000000000000000e+02 6.000000000000000000e+02 1.200000000000000000e+03 1.400000000000000000e+03 1.500000000000000000e+03 2.700000000000000000e+03 1.000000000000000000e+02 1.000000000000000000e+02 1.500000000000000000e+03
