output_new_topo_ddd_5/finaltopo_soil__depth.asc
ncols 300
nrows 100
xllcorner 0.0
yllcorner 0.0
cellsize 10.0
[rows 17 to 33 of 100, columns 148 to 184 of 300]
9.651893854492071823e-02 9.655130137238024379e-02 1.169564555796885341e-01 6.230214275156061021e-02 4.923893556325686233e-02 7.570533130786477605e-02 4.587901119580623660e-02 5.385964996218978174e-02 5.987851170848160209e-02 6.450976914605190127e-02 6.815294325907898798e-02 7.109656457168057886e-02 7.354211586756904950e-02 7.562060457518382517e-02 7.741427926662183823e-02 7.895021432886506485e-02 8.231454804208736264e-02 8.313820645642809593e-02 1.379159477216095608e-01 7.855081355752302485e-02 7.852231159052208698e-02 7.798827951875536568e-02 7.875148632485255706e-02 3.136828825196317366e-02 1.388895381800577811e-01 8.748533419016421564e-02 8.830505701348889680e-02 8.824216908486597066e-02 8.831253533110566822e-02 8.859144686822183201e-02 8.901568823914769724e-02 8.954612441877551898e-02 9.017130558834064724e-02 8.752268679132649276e-02 8.647698496675181035e-02 8.532292229098684122e-02 8.397003986275178300e-02
9.650207256883913676e-02 9.743880576008601135e-02 1.153920240809834380e-01 6.224398158507801759e-02 4.939972701775420527e-02 7.645431224194397524e-02 4.570931201188085935e-02 5.365159811998299055e-02 5.957521959055779581e-02 6.411295668743538512e-02 6.768600486375780934e-02 7.059016130080637830e-02 7.302398295219580948e-02 7.511217489340653308e-02 7.695362993437626642e-02 7.870537101617550158e-02 8.062204892890725838e-02 8.413741197441217123e-02 1.368417171343249417e-01 7.854777010603183895e-02 7.820843607875016534e-02 7.733412422799534891e-02 7.894771537807415696e-02 2.996679711796719492e-02 1.382258624274996517e-01 8.800160045284859123e-02 8.842360874935273340e-02 8.808350483577208345e-02 8.820621968459736728e-02 8.856468145913633239e-02 8.903038178137984149e-02 8.957043163090679105e-02 8.697213532685171833e-02 8.592641073235539328e-02 8.482273873494465544e-02 8.359477737543855036e-02 8.213753651396880906e-02
9.592248710476702911e-02 9.968555928382386022e-02 1.224863155197029735e-01 5.951104871617175773e-02 4.880197872338429971e-02 7.685221710773346149e-02 4.557522142395275394e-02 5.343013847975665309e-02 5.922663984706573459e-02 6.366024784929132097e-02 6.716495474136577326e-02 7.003528721237019250e-02 7.245771798135342001e-02 7.453097231242580833e-02 7.630374966107388024e-02 7.785831031927942236e-02 7.957509082456382110e-02 8.281045174598138103e-02 1.360381721349031847e-01 8.050734912376476815e-02 7.790361837356703234e-02 7.596636776386379852e-02 8.915976600477112934e-02 4.075670450882456358e-02 1.369400116416213120e-01 8.870345570359151888e-02 8.732805066889023915e-02 8.750631263043889829e-02 8.797732357114444735e-02 8.848130762217812362e-02 8.899168374782479018e-02 8.644912593048922900e-02 8.537446085509570182e-02 8.426044360524249932e-02 8.307648672351530816e-02 8.174460447631946847e-02 8.013883084773423815e-02
9.499987904720934295e-02 1.245225688256001995e-01 6.888915092129094253e-02 6.029809861076840249e-02 4.803416822487001359e-02 7.686084208372791216e-02 4.527116266865660599e-02 5.305649462113198878e-02 5.874927578440859721e-02 6.310291193083701622e-02 6.656495273022076942e-02 6.942636553774557406e-02 7.186137318089599879e-02 7.394574912886762996e-02 7.567661342565600024e-02 7.697317527841424090e-02 7.751267048241028412e-02 7.523558391171274173e-02 1.494030930762424159e-01 8.514196236709248300e-02 7.724778841081292313e-02 7.668932056923731533e-02 3.460284958146035011e-02 8.642853759155545712e-02 1.449349600164957785e-01 8.174408779116699997e-02 8.592118727888115037e-02 8.716900359617679728e-02 8.789711011246109651e-02 8.846441348220539236e-02 8.601569593122854185e-02 8.491930289708017610e-02 8.376987005142566556e-02 8.258402262424448248e-02 8.132446209898334943e-02 7.988625065750122600e-02 7.816726019759788480e-02
9.738438123780809863e-02 1.329698929068981739e-01 6.733321184758517264e-02 5.967084753747994852e-02 4.702396604865229091e-02 7.659999289625531171e-02 4.466135629357878556e-02 5.243090039531261154e-02 5.807465547074162210e-02 6.239762112676675715e-02 6.585949643576612111e-02 6.874759012825924775e-02 7.122795983668443742e-02 7.336864905497267331e-02 7.516554045075202195e-02 7.657146687616084302e-02 7.751203138157852779e-02 7.786185267775877494e-02 7.807747934750583485e-02 1.403842447997800391e-01 7.396130611433364421e-02 7.532469183702328319e-02 3.042433510355452980e-02 1.439438856146417200e-01 8.353647539410305467e-02 8.511306430280470015e-02 8.650792196318776717e-02 8.739884785296098135e-02 8.804952809204916186e-02 8.571981752904221652e-02 8.461365634041720374e-02 8.341217218938484779e-02 8.218739812021906566e-02 8.096888924863296366e-02 7.968930893300510410e-02 7.823667077944590487e-02 7.666788737286611699e-02
1.289551824353882548e-01 7.908274368155790435e-02 7.134121960386148598e-02 5.968305725948636065e-02 4.592697642187895668e-02 7.625631232766885703e-02 4.375037388881542616e-02 5.150902889764116810e-02 5.716298031777540534e-02 6.151611882269132636e-02 6.502684444083982329e-02 6.797675590096682874e-02 7.052625327678778422e-02 7.274288692611380336e-02 7.463346946788336489e-02 7.618837791951288407e-02 7.743908558741292858e-02 7.849783132134681429e-02 7.908544385378590835e-02 1.386610563949747799e-01 7.179243229549946148e-02 7.455446479738621346e-02 2.820795985349895674e-02 1.404373376915568628e-01 8.552039428325584891e-02 8.651207179535601310e-02 8.719451392495625175e-02 8.786094261300590735e-02 8.564248290165402122e-02 8.451898505382116067e-02 8.322659485192701601e-02 8.188332944203093045e-02 8.062838456060676673e-02 7.950566580623912027e-02 7.837192852418678468e-02 7.720730690903232496e-02 7.620267154295982948e-02
1.392439902838890631e-01 6.970725704545938095e-02 6.880316364704719412e-02 5.881076300191050849e-02 4.472810562822614189e-02 7.567279759926449911e-02 4.254013506898037672e-02 5.027321137819106694e-02 5.600171942912558765e-02 6.044794886691171737e-02 6.405428452881868628e-02 6.709345395558528879e-02 6.972199302989449954e-02 7.201092636708701644e-02 7.397999502587243592e-02 7.564361088334393968e-02 7.706724776543505406e-02 7.838697091671487094e-02 7.916290643076703826e-02 1.383681546404598728e-01 7.016261493849527964e-02 7.460599722781577348e-02 2.550008136985668084e-02 1.378444934202669170e-01 8.594713195229498892e-02 8.705558281909335505e-02 8.792860096555606131e-02 8.590444176970263301e-02 8.477301632417813537e-02 8.332848531956581206e-02 8.173140026320543927e-02 8.017918219570546734e-02 7.908926886275452484e-02 7.843059384944442436e-02 7.772281395598007459e-02 7.727235979317363668e-02 7.708413162903297866e-02
7.580458411764702531e-02 7.280373530993841658e-02 6.779156544576063481e-02 5.772156608343092382e-02 4.353712859601025637e-02 8.426677860310607948e-02 4.077133048888255396e-02 4.868274791519116435e-02 5.458543159010748047e-02 5.919350962033673863e-02 6.293763061700234640e-02 6.608596705651846592e-02 6.879363085809493683e-02 7.114043052441974824e-02 7.316491774215899691e-02 7.490674423771878643e-02 7.645490847394652290e-02 7.794718822633311950e-02 7.885397875666812217e-02 1.384712790274822969e-01 6.819620246551592879e-02 8.741490988604670720e-02 2.808853993084259315e-02 1.328586960372865888e-01 8.448665681350769896e-02 8.753898289194309013e-02 8.624962427195721759e-02 8.533926601349246799e-02 8.383161177060627356e-02 8.187382757349510876e-02 7.996157516368712637e-02 7.759012500593992501e-02 7.819266910099133272e-02 7.822504365955675054e-02 7.793507092523600799e-02 7.875596671287599104e-02 7.963420598328579958e-02
6.985050978338767924e-02 7.057468812846676154e-02 6.599766939536798327e-02 5.653904757510579832e-02 4.311629352557235645e-02 4.050496482476109023e-02 8.787896057182134624e-02 4.678664152115282610e-02 5.294221976302022903e-02 5.776660120364042472e-02 6.169006191303686576e-02 6.497223465231460882e-02 6.776389396331909676e-02 7.015499254181487010e-02 7.221263345322377625e-02 7.401479530469244617e-02 7.568173810176667682e-02 7.735741452961027165e-02 7.847647394965451273e-02 1.388752357215431166e-01 6.918824780317023304e-02 3.010330611661148417e-02 8.098221369677238712e-02 1.513545323996031700e-01 1.212394954912792422e-01 1.221353296865189952e-01 1.192112578707882342e-01 1.138715160489971318e-01 1.053181084337842521e-01 9.155717368194576933e-02 7.079180807847862411e-02 7.677366183801706545e-02 7.934861987851019038e-02 7.894644782278233131e-02 7.739599170626783320e-02 8.287677588662686889e-02 8.385029193715902440e-02
7.242118867365035517e-02 6.979050843574066687e-02 6.442898503975370839e-02 5.533044612517859506e-02 4.239525311990949979e-02 3.999755253909689778e-02 4.582218673977710155e-02 9.054982011985546198e-02 5.112078897802540406e-02 5.620269200017466438e-02 6.037742505788185055e-02 6.385609933093737423e-02 6.677427619412067139e-02 6.920717541456622435e-02 7.125783700427745782e-02 7.307838490454734992e-02 7.484277096426865394e-02 7.669777731318810909e-02 7.801952242286527839e-02 1.389993606965194972e-01 6.845875327551546874e-02 2.526108223081134641e-02 1.395769726526749632e-01 2.630419793684445409e-02 4.101226317136065502e-02 3.227431058860792679e-02 2.486612513565990279e-02 2.117988054614522789e-02 2.275889966441203491e-02 2.470402590884663782e-02 7.555313614286143786e-02 8.253697662682274450e-02 8.145565723340840447e-02 8.055100104898171853e-02 1.343418101398619335e-01 1.269559673825150503e-01 1.272959757992046526e-01
7.180171807480514867e-02 6.884039204697606218e-02 6.300165534485623053e-02 5.417420141797001792e-02 4.171681668115870267e-02 3.966835285907761161e-02 4.526817030205860376e-02 4.994725568130672921e-02 9.230698004729201434e-02 5.461793405722564776e-02 5.915456557135409521e-02 6.299572828428677551e-02 6.615658785873639036e-02 6.866555146713963775e-02 7.059094345849144247e-02 7.227790387186894261e-02 7.404211018992572224e-02 7.601057728673760172e-02 7.749280583651657617e-02 1.389387610564263020e-01 6.884278464880989878e-02 2.257696671242857833e-02 1.347066774687980806e-01 5.070994291731065196e-02 2.681744164344567957e-02 2.510692621541292524e-02 2.927683133630259657e-02 3.254605562534416269e-02 2.458397141084212381e-02 7.362989111882063675e-02 1.395925401265217525e-01 1.279473174001241054e-01 1.302412073921330460e-01 1.325553389619064937e-01 8.329956535584966126e-02 7.895096394151125685e-02 7.636039712971239013e-02
7.322316069308985875e-02 6.819365644110246538e-02 6.176011877739232686e-02 5.311404721888374203e-02 4.107823957433340278e-02 3.923947429641874013e-02 4.476062786930235654e-02 4.921495378123997427e-02 5.342234479812971865e-02 9.381890319787015986e-02 5.816717485298542739e-02 6.271685674473641281e-02 6.627837806713436641e-02 6.905793099354927411e-02 7.065940127247503921e-02 7.169931459687840791e-02 7.331451240481648424e-02 7.524027204896957532e-02 7.678024089195725765e-02 1.383876805757901507e-01 6.966952617232639866e-02 2.136690008208763994e-02 1.273107595989601271e-01 2.900492575260581532e-02 3.620910599768922128e-02 3.698419848521713321e-02 3.992355287551579285e-02 2.539505675969387991e-02 7.604112430887746688e-02 1.413697488360400045e-01 7.968719071401468568e-02 7.694965255988152342e-02 7.587825204659205680e-02 7.578128352236618293e-02 7.653856762410495007e-02 7.562516639616945202e-02 7.429349374331464806e-02
7.255298576342504580e-02 6.717053584020669932e-02 6.059488502884550348e-02 5.216477741075525171e-02 4.051873750313591399e-02 3.867244217261783801e-02 4.411835974537254429e-02 4.888196069674997229e-02 5.303317627748806162e-02 5.709446189588768261e-02 9.390778636936258916e-02 6.356480422614367576e-02 6.677160187233180388e-02 6.995214989577079601e-02 7.263474920046368577e-02 7.004854962425818843e-02 7.272028843474105664e-02 7.417325229535681741e-02 7.562727829052166839e-02 1.369315986873894386e-01 8.138621404012663652e-02 3.316991306628225278e-02 1.467565636838886745e-01 5.362206298484313571e-02 4.093469455019943526e-02 4.287044443493800983e-02 2.691953555215222463e-02 7.977710642144243691e-02 1.445791068253606260e-01 8.213713394547070279e-02 8.077572170868316248e-02 7.871318156266697563e-02 7.678882161975822407e-02 7.518063999769485084e-02 7.384036310991495822e-02 7.246199113805514014e-02 7.099550800719815757e-02
7.182626077593305680e-02 6.615669134067363177e-02 5.957652380430134009e-02 5.135413141007244553e-02 4.008715529486656104e-02 3.830315799724511722e-02 4.261741081635309764e-02 4.815854350662807093e-02 6.284179634732044162e-02 7.436250813428517403e-02 8.517996515288625559e-02 1.062263230055016106e-01 1.103331027888903026e-01 1.138703451755833096e-01 1.163439843175260724e-01 1.275211412877551576e-01 7.531951717798317236e-02 7.152531350666677112e-02 7.379615628750589573e-02 1.349056599893581621e-01 2.176515255378673810e-02 1.235508606723771385e-01 2.345967711783131585e-02 2.380583964092960678e-02 4.344131053296435008e-02 3.729009429535416059e-02 8.533919722606830849e-02 1.446245442449893559e-01 8.515942141561684553e-02 8.494923965727702031e-02 8.341189739484215770e-02 8.163061057439308099e-02 7.982351524971947887e-02 7.812723500877222227e-02 7.659310152721660048e-02 7.518242521657053645e-02 7.382294650339263353e-02
7.065930653364302372e-02 6.520694545027934386e-02 5.872693997358853502e-02 5.068261546626547098e-02 3.974772529453049486e-02 3.849356786713190037e-02 4.471856181494693327e-02 4.906932121311844558e-02 3.401290069097889779e-02 3.660528209282341155e-02 4.318516296195001880e-02 4.796299709615811646e-02 5.205599331881685665e-02 5.662434715278989034e-02 6.204916403763952037e-02 6.898689178662362198e-02 1.231901188341318343e-01 1.310013171089302597e-01 7.126186587892278934e-02 1.315271581196108541e-01 1.877290204287646730e-02 1.143920232643560325e-01 2.864974083145592487e-02 2.491682733614515935e-02 1.376193307683119815e-01 1.328521382549091023e-01 1.443570192358925863e-01 8.745053756683980606e-02 8.565267978166657414e-02 8.358620258951340865e-02 8.189317313462363135e-02 8.053056408852943271e-02 7.864415705940004664e-02 7.673595130124494235e-02 7.497740658193871588e-02 7.336718098510952579e-02 7.181252870275700584e-02
6.970195682356276901e-02 6.441756187757929908e-02 5.804209342228190682e-02 5.012775464188164165e-02 3.941297800984214922e-02 3.847217117962986599e-02 4.564089596505058882e-02 5.119533350839405167e-02 5.624890420361924881e-02 4.022753316314798405e-02 3.341919863499263205e-02 3.084250598498437801e-02 3.694902874710914720e-02 4.393415955335072676e-02 4.994704889287526067e-02 5.539089109924447835e-02 5.898562612474463063e-02 6.435705242367449619e-02 1.261129035788265962e-01 1.320767292003684479e-01 2.626869514250584556e-02 1.342237125703241718e-01 1.219705993623283330e-01 1.372759372172839554e-01 9.928525611222381586e-02 9.570665194098694484e-02 9.574938798746675250e-02 9.911280898274454909e-02 9.980689143862497836e-02 9.975315378806245969e-02 9.897066793550414465e-02 8.295143447533212533e-02 7.924022975110782407e-02 7.683636131488762178e-02 7.496320746264750756e-02 7.335020843635524368e-02 7.178343680988373554e-02
6.899564786433014241e-02 6.381185483263333846e-02 5.751220191777611790e-02 4.968409152216288205e-02 3.909705867023048620e-02 3.815024091062066414e-02 4.584150688958912867e-02 5.199718842648959338e-02 5.728990534808217627e-02 6.197248182166645303e-02 4.861534848348847415e-02 4.559483217837925761e-02 3.660485706311836923e-02 3.284675758475253532e-02 3.099934921144268524e-02 2.837206390333029890e-02 3.408614727248801546e-02 4.480807136159152548e-02 5.157925365733317946e-02 1.336760545946561740e-01 1.281375217692581892e-01 2.552239406420566889e-02 2.419541852292356188e-02 2.814302999598987734e-02 3.157783506822035152e-02 3.095257017568207869e-02 3.151450949946487529e-02 3.216085677747237970e-02 3.277828208601427790e-02 3.293430484522612278e-02 3.447817419397911781e-02 8.166031619525709884e-02 7.428211459105454884e-02 7.441448600212258180e-02 7.387486636139208029e-02 7.296104813632739439e-02 7.173424302290445920e-02
