output_new_topo_ddd_5/finaltopo_drainage_area.asc
ncols 300
nrows 100
xllcorner 0.0
yllcorner 0.0
cellsize 10.0
[rows 68 to 84 of 100, columns 0 to 36 of 300]
0.000000000000000000e+00 5.140000000000000000e+04 1.200000000000000000e+03 1.100000000000000000e+03 1.000000000000000000e+03 9.000000000000000000e+02 8.000000000000000000e+02 7.000000000000000000e+02 6.000000000000000000e+02 5.000000000000000000e+02 4.000000000000000000e+02 3.000000000000000000e+02 2.000000000000000000e+02 1.000000000000000000e+02 1.000000000000000000e+02 2.000000000000000000e+02 4.000000000000000000e+02 4.000000000000000000e+02 3.000000000000000000e+02 2.000000000000000000e+02 1.000000000000000000e+02 1.000000000000000000e+02 2.000000000000000000e+02 1.000000000000000000e+02 2.000000000000000000e+02 3.000000000000000000e+02 4.000000000000000000e+02 5.000000000000000000e+02 6.000000000000000000e+02 7.000000000000000000e+02 8.000000000000000000e+02 9.000000000000000000e+02 1.000000000000000000e+03 1.100000000000000000e+03 1.200000000000000000e+03 1.300000000000000000e+03 1.400000000000000000e+03
0.000000000000000000e+00 5.320000000000000000e+04 5.000000000000000000e+02 4.000000000000000000e+02 3.000000000000000000e+02 2.000000000000000000e+02 1.000000000000000000e+02 1.000000000000000000e+02 1.000000000000000000e+02 1.000000000000000000e+02 1.000000000000000000e+02 1.000000000000000000e+02 1.000000000000000000e+02 2.000000000000000000e+02 3.000000000000000000e+02 5.000000000000000000e+02 5.000000000000000000e+02 4.000000000000000000e+02 3.000000000000000000e+02 2.000000000000000000e+02 1.000000000000000000e+02 2.000000000000000000e+02 1.000000000000000000e+02 3.000000000000000000e+02 1.000000000000000000e+02 2.000000000000000000e+02 3.000000000000000000e+02 4.000000000000000000e+02 5.000000000000000000e+02 6.000000000000000000e+02 7.000000000000000000e+02 8.000000000000000000e+02 9.000000000000000000e+02 1.000000000000000000e+03 1.100000000000000000e+03 1.200000000000000000e+03 1.300000000000000000e+03
0.000000000000000000e+00 5.340000000000000000e+04 1.000000000000000000e+02 1.000000000000000000e+02 1.000000000000000000e+02 1.000000000000000000e+02 2.000000000000000000e+02 2.000000000000000000e+02 2.000000000000000000e+02 2.000000000000000000e+02 2.000000000000000000e+02 2.000000000000000000e+02 3.000000000000000000e+02 4.000000000000000000e+02 6.000000000000000000e+02 6.000000000000000000e+02 5.000000000000000000e+02 4.000000000000000000e+02 3.000000000000000000e+02 1.000000000000000000e+02 2.000000000000000000e+02 3.000000000000000000e+02 1.000000000000000000e+02 2.000000000000000000e+02 4.000000000000000000e+02 1.000000000000000000e+02 2.000000000000000000e+02 3.000000000000000000e+02 4.000000000000000000e+02 5.000000000000000000e+02 6.000000000000000000e+02 7.000000000000000000e+02 8.000000000000000000e+02 9.000000000000000000e+02 1.000000000000000000e+03 1.100000000000000000e+03 1.200000000000000000e+03
0.000000000000000000e+00 5.370000000000000000e+04 2.000000000000000000e+02 2.000000000000000000e+02 2.000000000000000000e+02 3.000000000000000000e+02 3.000000000000000000e+02 3.000000000000000000e+02 3.000000000000000000e+02 3.000000000000000000e+02 3.000000000000000000e+02 4.000000000000000000e+02 5.000000000000000000e+02 7.000000000000000000e+02 7.000000000000000000e+02 6.000000000000000000e+02 5.000000000000000000e+02 4.000000000000000000e+02 2.000000000000000000e+02 1.000000000000000000e+02 3.000000000000000000e+02 4.000000000000000000e+02 2.000000000000000000e+02 1.000000000000000000e+02 3.000000000000000000e+02 5.000000000000000000e+02 1.000000000000000000e+02 2.000000000000000000e+02 3.000000000000000000e+02 4.000000000000000000e+02 5.000000000000000000e+02 6.000000000000000000e+02 7.000000000000000000e+02 8.000000000000000000e+02 9.000000000000000000e+02 1.000000000000000000e+03 1.100000000000000000e+03
0.000000000000000000e+00 5.410000000000000000e+04 3.000000000000000000e+02 3.000000000000000000e+02 4.000000000000000000e+02 4.000000000000000000e+02 4.000000000000000000e+02 4.000000000000000000e+02 4.000000000000000000e+02 4.000000000000000000e+02 5.000000000000000000e+02 6.000000000000000000e+02 8.000000000000000000e+02 8.000000000000000000e+02 7.000000000000000000e+02 6.000000000000000000e+02 5.000000000000000000e+02 3.000000000000000000e+02 2.000000000000000000e+02 1.000000000000000000e+02 4.000000000000000000e+02 5.000000000000000000e+02 3.000000000000000000e+02 2.000000000000000000e+02 1.000000000000000000e+02 4.000000000000000000e+02 6.000000000000000000e+02 1.000000000000000000e+02 2.000000000000000000e+02 3.000000000000000000e+02 4.000000000000000000e+02 5.000000000000000000e+02 6.000000000000000000e+02 7.000000000000000000e+02 8.000000000000000000e+02 9.000000000000000000e+02 1.000000000000000000e+03
0.000000000000000000e+00 5.420000000000000000e+04 4.000000000000000000e+02 5.000000000000000000e+02 5.000000000000000000e+02 5.000000000000000000e+02 5.000000000000000000e+02 5.000000000000000000e+02 5.000000000000000000e+02 6.000000000000000000e+02 7.000000000000000000e+02 9.000000000000000000e+02 9.000000000000000000e+02 8.000000000000000000e+02 7.000000000000000000e+02 6.000000000000000000e+02 4.000000000000000000e+02 3.000000000000000000e+02 1.000000000000000000e+02 2.000000000000000000e+02 5.000000000000000000e+02 6.000000000000000000e+02 4.000000000000000000e+02 3.000000000000000000e+02 2.000000000000000000e+02 1.000000000000000000e+02 5.000000000000000000e+02 7.000000000000000000e+02 1.000000000000000000e+02 2.000000000000000000e+02 3.000000000000000000e+02 4.000000000000000000e+02 5.000000000000000000e+02 6.000000000000000000e+02 7.000000000000000000e+02 8.000000000000000000e+02 9.000000000000000000e+02
0.000000000000000000e+00 5.470000000000000000e+04 1.000000000000000000e+04 9.400000000000000000e+03 8.800000000000000000e+03 8.200000000000000000e+03 7.600000000000000000e+03 7.000000000000000000e+03 6.400000000000000000e+03 5.700000000000000000e+03 4.900000000000000000e+03 3.900000000000000000e+03 2.900000000000000000e+03 2.000000000000000000e+03 1.200000000000000000e+03 5.000000000000000000e+02 4.000000000000000000e+02 2.000000000000000000e+02 1.000000000000000000e+02 3.000000000000000000e+02 6.000000000000000000e+02 7.000000000000000000e+02 5.000000000000000000e+02 4.000000000000000000e+02 3.000000000000000000e+02 1.000000000000000000e+02 2.000000000000000000e+02 6.000000000000000000e+02 8.000000000000000000e+02 9.000000000000000000e+02 1.000000000000000000e+03 1.100000000000000000e+03 1.200000000000000000e+03 1.300000000000000000e+03 1.400000000000000000e+03 1.500000000000000000e+03 1.600000000000000000e+03
0.000000000000000000e+00 6.610000000000000000e+04 1.300000000000000000e+03 1.200000000000000000e+03 1.100000000000000000e+03 1.000000000000000000e+03 9.000000000000000000e+02 8.000000000000000000e+02 7.000000000000000000e+02 6.000000000000000000e+02 5.000000000000000000e+02 4.000000000000000000e+02 3.000000000000000000e+02 2.000000000000000000e+02 1.000000000000000000e+02 5.000000000000000000e+02 3.000000000000000000e+02 1.000000000000000000e+02 2.000000000000000000e+02 4.000000000000000000e+02 7.000000000000000000e+02 8.000000000000000000e+02 6.000000000000000000e+02 5.000000000000000000e+02 4.000000000000000000e+02 2.000000000000000000e+02 1.000000000000000000e+02 3.000000000000000000e+02 7.000000000000000000e+02 1.000000000000000000e+02 2.000000000000000000e+02 3.000000000000000000e+02 4.000000000000000000e+02 5.000000000000000000e+02 6.000000000000000000e+02 7.000000000000000000e+02 8.000000000000000000e+02
0.000000000000000000e+00 6.730000000000000000e+04 1.100000000000000000e+03 1.000000000000000000e+03 9.000000000000000000e+02 8.000000000000000000e+02 7.000000000000000000e+02 6.000000000000000000e+02 5.000000000000000000e+02 4.000000000000000000e+02 3.000000000000000000e+02 2.000000000000000000e+02 1.000000000000000000e+02 1.000000000000000000e+02 6.000000000000000000e+02 4.000000000000000000e+02 2.000000000000000000e+02 1.000000000000000000e+02 3.000000000000000000e+02 5.000000000000000000e+02 8.000000000000000000e+02 9.000000000000000000e+02 7.000000000000000000e+02 6.000000000000000000e+02 5.000000000000000000e+02 3.000000000000000000e+02 2.000000000000000000e+02 1.000000000000000000e+02 4.000000000000000000e+02 8.000000000000000000e+02 1.000000000000000000e+02 2.000000000000000000e+02 3.000000000000000000e+02 4.000000000000000000e+02 5.000000000000000000e+02 6.000000000000000000e+02 7.000000000000000000e+02
0.000000000000000000e+00 6.750000000000000000e+04 1.000000000000000000e+02 1.000000000000000000e+02 5.000000000000000000e+02 4.000000000000000000e+02 3.000000000000000000e+02 2.000000000000000000e+02 1.000000000000000000e+02 1.000000000000000000e+02 1.000000000000000000e+02 1.000000000000000000e+02 2.000000000000000000e+02 7.000000000000000000e+02 5.000000000000000000e+02 3.000000000000000000e+02 1.000000000000000000e+02 2.000000000000000000e+02 4.000000000000000000e+02 6.000000000000000000e+02 9.000000000000000000e+02 1.000000000000000000e+03 8.000000000000000000e+02 7.000000000000000000e+02 6.000000000000000000e+02 4.000000000000000000e+02 3.000000000000000000e+02 2.000000000000000000e+02 1.000000000000000000e+02 5.000000000000000000e+02 9.000000000000000000e+02 1.000000000000000000e+02 2.000000000000000000e+02 3.000000000000000000e+02 4.000000000000000000e+02 5.000000000000000000e+02 6.000000000000000000e+02
0.000000000000000000e+00 6.860000000000000000e+04 1.000000000000000000e+03 8.000000000000000000e+02 2.000000000000000000e+02 1.000000000000000000e+02 1.000000000000000000e+02 1.000000000000000000e+02 2.000000000000000000e+02 2.000000000000000000e+02 2.000000000000000000e+02 3.000000000000000000e+02 8.000000000000000000e+02 6.000000000000000000e+02 4.000000000000000000e+02 2.000000000000000000e+02 1.000000000000000000e+02 3.000000000000000000e+02 5.000000000000000000e+02 7.000000000000000000e+02 1.000000000000000000e+03 1.100000000000000000e+03 9.000000000000000000e+02 8.000000000000000000e+02 7.000000000000000000e+02 5.000000000000000000e+02 4.000000000000000000e+02 3.000000000000000000e+02 2.000000000000000000e+02 1.000000000000000000e+02 6.000000000000000000e+02 1.000000000000000000e+03 1.000000000000000000e+02 2.000000000000000000e+02 3.000000000000000000e+02 4.000000000000000000e+02 5.000000000000000000e+02
0.000000000000000000e+00 6.880000000000000000e+04 1.000000000000000000e+02 1.000000000000000000e+02 1.000000000000000000e+02 2.000000000000000000e+02 2.000000000000000000e+02 3.000000000000000000e+02 3.000000000000000000e+02 3.000000000000000000e+02 4.000000000000000000e+02 9.000000000000000000e+02 7.000000000000000000e+02 5.000000000000000000e+02 3.000000000000000000e+02 1.000000000000000000e+02 2.000000000000000000e+02 4.000000000000000000e+02 6.000000000000000000e+02 8.000000000000000000e+02 1.100000000000000000e+03 1.200000000000000000e+03 1.000000000000000000e+03 9.000000000000000000e+02 8.000000000000000000e+02 6.000000000000000000e+02 5.000000000000000000e+02 4.000000000000000000e+02 3.000000000000000000e+02 2.000000000000000000e+02 1.000000000000000000e+02 7.000000000000000000e+02 1.100000000000000000e+03 1.000000000000000000e+02 2.000000000000000000e+02 3.000000000000000000e+02 4.000000000000000000e+02
0.000000000000000000e+00 6.910000000000000000e+04 2.000000000000000000e+02 2.000000000000000000e+02 3.000000000000000000e+02 3.000000000000000000e+02 4.000000000000000000e+02 4.000000000000000000e+02 4.000000000000000000e+02 5.000000000000000000e+02 1.000000000000000000e+03 8.000000000000000000e+02 6.000000000000000000e+02 4.000000000000000000e+02 1.000000000000000000e+02 2.000000000000000000e+02 3.000000000000000000e+02 5.000000000000000000e+02 7.000000000000000000e+02 9.000000000000000000e+02 1.200000000000000000e+03 1.300000000000000000e+03 1.100000000000000000e+03 1.000000000000000000e+03 9.000000000000000000e+02 7.000000000000000000e+02 6.000000000000000000e+02 5.000000000000000000e+02 4.000000000000000000e+02 3.000000000000000000e+02 1.000000000000000000e+02 2.000000000000000000e+02 8.000000000000000000e+02 1.200000000000000000e+03 1.000000000000000000e+02 1.000000000000000000e+02 1.000000000000000000e+02
0.000000000000000000e+00 6.920000000000000000e+04 5.900000000000000000e+03 5.600000000000000000e+03 5.200000000000000000e+03 4.800000000000000000e+03 4.300000000000000000e+03 3.800000000000000000e+03 3.300000000000000000e+03 2.700000000000000000e+03 1.600000000000000000e+03 7.000000000000000000e+02 5.000000000000000000e+02 2.000000000000000000e+02 1.000000000000000000e+02 3.000000000000000000e+02 4.000000000000000000e+02 6.000000000000000000e+02 8.000000000000000000e+02 1.000000000000000000e+03 1.300000000000000000e+03 1.400000000000000000e+03 1.200000000000000000e+03 1.100000000000000000e+03 1.000000000000000000e+03 8.000000000000000000e+02 7.000000000000000000e+02 6.000000000000000000e+02 5.000000000000000000e+02 4.000000000000000000e+02 2.000000000000000000e+02 1.000000000000000000e+02 3.000000000000000000e+02 9.000000000000000000e+02 2.200000000000000000e+03 2.400000000000000000e+03 2.600000000000000000e+03
0.000000000000000000e+00 7.610000000000000000e+04 9.000000000000000000e+02 8.000000000000000000e+02 7.000000000000000000e+02 6.000000000000000000e+02 5.000000000000000000e+02 4.000000000000000000e+02 3.000000000000000000e+02 2.000000000000000000e+02 1.000000000000000000e+02 6.000000000000000000e+02 3.000000000000000000e+02 1.000000000000000000e+02 2.000000000000000000e+02 4.000000000000000000e+02 5.000000000000000000e+02 7.000000000000000000e+02 9.000000000000000000e+02 1.100000000000000000e+03 1.400000000000000000e+03 1.500000000000000000e+03 1.300000000000000000e+03 1.200000000000000000e+03 1.100000000000000000e+03 9.000000000000000000e+02 8.000000000000000000e+02 7.000000000000000000e+02 6.000000000000000000e+02 5.000000000000000000e+02 3.000000000000000000e+02 2.000000000000000000e+02 1.000000000000000000e+02 4.000000000000000000e+02 1.000000000000000000e+02 2.000000000000000000e+02 3.000000000000000000e+02
0.000000000000000000e+00 7.690000000000000000e+04 7.000000000000000000e+02 6.000000000000000000e+02 5.000000000000000000e+02 4.000000000000000000e+02 3.000000000000000000e+02 2.000000000000000000e+02 1.000000000000000000e+02 1.000000000000000000e+02 7.000000000000000000e+02 4.000000000000000000e+02 2.000000000000000000e+02 1.000000000000000000e+02 3.000000000000000000e+02 5.000000000000000000e+02 6.000000000000000000e+02 8.000000000000000000e+02 1.000000000000000000e+03 1.200000000000000000e+03 1.500000000000000000e+03 1.600000000000000000e+03 1.400000000000000000e+03 1.300000000000000000e+03 1.200000000000000000e+03 1.000000000000000000e+03 9.000000000000000000e+02 8.000000000000000000e+02 7.000000000000000000e+02 6.000000000000000000e+02 4.000000000000000000e+02 3.000000000000000000e+02 2.000000000000000000e+02 1.000000000000000000e+02 5.000000000000000000e+02 1.000000000000000000e+02 2.000000000000000000e+02
0.000000000000000000e+00 7.750000000000000000e+04 5.000000000000000000e+02 4.000000000000000000e+02 3.000000000000000000e+02 2.000000000000000000e+02 1.000000000000000000e+02 1.000000000000000000e+02 2.000000000000000000e+02 8.000000000000000000e+02 5.000000000000000000e+02 3.000000000000000000e+02 1.000000000000000000e+02 2.000000000000000000e+02 4.000000000000000000e+02 6.000000000000000000e+02 7.000000000000000000e+02 9.000000000000000000e+02 1.100000000000000000e+03 1.300000000000000000e+03 1.600000000000000000e+03 1.700000000000000000e+03 1.500000000000000000e+03 1.400000000000000000e+03 1.300000000000000000e+03 1.100000000000000000e+03 1.000000000000000000e+03 9.000000000000000000e+02 8.000000000000000000e+02 7.000000000000000000e+02 5.000000000000000000e+02 4.000000000000000000e+02 3.000000000000000000e+02 2.000000000000000000e+02 1.000000000000000000e+02 6.000000000000000000e+02 1.000000000000000000e+02
