output_new_topo_ddd_5/finaltopo_topographic__steepest_slope.asc
ncols 300
nrows 100
xllcorner 0.0
yllcorner 0.0
cellsize 10.0
[rows 0 to 16 of 100, columns 148 to 184 of 300]
0.000000000000000000e+00 0.000000000000000000e+00 0.000000000000000000e+00 0.000000000000000000e+00 0.000000000000000000e+00 0.000000000000000000e+00 0.000000000000000000e+00 0.000000000000000000e+00 0.000000000000000000e+00 0.000000000000000000e+00 0.000000000000000000e+00 0.000000000000000000e+00 0.000000000000000000e+00 0.000000000000000000e+00 0.000000000000000000e+00 0.000000000000000000e+00 0.000000000000000000e+00 0.000000000000000000e+00 0.000000000000000000e+00 0.000000000000000000e+00 0.000000000000000000e+00 0.000000000000000000e+00 0.000000000000000000e+00 0.000000000000000000e+00 0.000000000000000000e+00 0.000000000000000000e+00 0.000000000000000000e+00 0.000000000000000000e+00 0.000000000000000000e+00 0.000000000000000000e+00 0.000000000000000000e+00 0.000000000000000000e+00 0.000000000000000000e+00 0.000000000000000000e+00 0.000000000000000000e+00 0.000000000000000000e+00 0.000000000000000000e+00
1.374775110069549611e-01 1.347053578793918349e-01 1.292737693119875020e-01 1.482425690249384587e-01 1.755693784712814565e-01 2.023617788742455292e-01 2.262112265520614673e-01 2.465038647101533142e-01 2.632459312631662551e-01 2.766200067372934779e-01 2.867791548738852225e-01 2.937103551191840300e-01 2.970614709713279011e-01 2.958003199914364112e-01 2.881531686095530898e-01 2.736811435194503872e-01 2.509420689227220835e-01 2.402227263338199137e-01 2.372928715183491022e-01 2.281570359268556558e-01 2.278305484526526870e-01 2.292790633831032210e-01 2.320874783748905767e-01 2.361697545645739527e-01 2.419030488064493056e-01 2.557223760175503235e-01 2.562526749306454077e-01 2.877562304416383943e-01 3.000587025537967967e-01 3.064073239859168019e-01 3.103874060594860040e-01 3.128800768557638556e-01 3.140724088324918783e-01 3.139823624380623235e-01 3.126165690623491922e-01 3.099789291924067713e-01 3.060440176875561802e-01
2.197497753587299429e-01 2.161072535056575705e-01 2.103755582484552744e-01 2.015300423549661046e-01 2.263111897990525978e-01 2.573161701136323920e-01 2.843471990117775738e-01 3.073658475657179423e-01 3.266456648106135230e-01 3.425511702800376201e-01 3.554065231376645206e-01 3.653994366935541249e-01 3.724506941508315960e-01 3.758314026621784043e-01 3.716508573022869744e-01 3.560287782538602563e-01 3.430157833212376661e-01 3.255074071083839948e-01 3.186304341576488008e-01 3.211500871369509236e-01 3.220727157107319272e-01 3.242425876400176210e-01 3.279900164996575884e-01 3.331163427709696867e-01 3.388525776431748904e-01 3.421190030854262543e-01 3.671297597922659750e-01 3.809433729781179223e-01 3.829406637995272922e-01 3.839125056966561367e-01 3.840241512527067802e-01 3.836042411381210271e-01 3.826153257479688596e-01 3.808632121695905148e-01 3.781625765231148018e-01 3.743726087934475810e-01 3.693703292384465375e-01
2.731027453438571451e-01 2.690459720558351364e-01 2.631598778008253925e-01 2.545841556169364250e-01 2.555879561534964428e-01 2.934601593981183698e-01 3.231403866132589453e-01 3.480725739075642977e-01 3.689153564255300832e-01 3.862959754857701600e-01 4.007441186646117370e-01 4.126699004994092146e-01 4.223258150510493247e-01 4.298361509544278425e-01 4.361902113716826235e-01 4.064877243467094337e-01 3.794019973843205662e-01 3.801337371555376654e-01 3.758753164161078297e-01 3.767012989095945841e-01 3.776312923773133545e-01 3.801699224281122613e-01 3.846433266474946211e-01 3.908212201560559151e-01 3.976595796856912668e-01 4.028959607571437340e-01 4.169933023565960406e-01 4.381194009742349627e-01 4.365971765315432851e-01 4.342611159998555626e-01 4.317408383110896697e-01 4.293099721035084082e-01 4.268457231935810503e-01 4.240430219082961805e-01 4.205975508037288479e-01 4.162649809804367940e-01 4.108457773690143422e-01
3.104200458141207486e-01 3.060720348020396497e-01 3.000430635778485455e-01 2.921523011603682218e-01 2.824500658213139337e-01 3.185124661048939210e-01 3.509634984094109345e-01 3.775366461585119571e-01 3.995755935707296924e-01 4.180031523995136888e-01 4.335603374036007263e-01 4.468749899517731050e-01 4.584835874772793529e-01 4.687361110383981289e-01 4.777036054268275489e-01 4.310972762289736471e-01 4.197942548360856785e-01 4.187168496350039959e-01 4.148035015245994939e-01 4.145235838428192321e-01 4.151988263813933822e-01 4.179302222082498242e-01 4.230932771368827727e-01 4.305595600696392466e-01 4.390163039398259914e-01 4.448754152603697776e-01 4.512111165509651300e-01 4.801985084723338071e-01 4.756121433724773695e-01 4.705322713607585916e-01 4.660001737671789490e-01 4.620845795921136312e-01 4.585043586599161780e-01 4.548846958945058638e-01 4.508712659901198960e-01 4.461654154483174484e-01 4.405162653014416119e-01
3.377478930650539835e-01 3.331606992978322634e-01 3.269476846058012032e-01 3.190480389501971215e-01 3.085204346406669740e-01 3.343849888136683490e-01 3.720624313120713400e-01 4.000128213408937761e-01 4.229701217003863367e-01 4.421481921872529863e-01 4.584475514521232919e-01 4.726705740384688492e-01 4.856946015211401901e-01 4.983083413573093923e-01 5.098408801032719984e-01 4.501542136604769206e-01 4.497528314500812141e-01 4.476481712771743782e-01 4.431220336197611576e-01 4.418653655585984552e-01 4.421705091804596921e-01 4.449653134676935795e-01 4.508084266396508721e-01 4.598738402739485087e-01 4.707329376717666602e-01 4.774920906242840490e-01 4.735703494032776351e-01 5.132768645158711784e-01 5.049825137121518592e-01 4.973961899241867712e-01 4.915039613830750054e-01 4.866700743242968197e-01 4.823301083932567956e-01 4.780898716018887606e-01 4.736156708154697359e-01 4.686083912465686119e-01 4.627980276052517938e-01
3.583103387781761962e-01 3.535116197388930570e-01 3.470732045794847065e-01 3.389418554269326700e-01 3.285488184975150494e-01 3.400635730965321235e-01 3.875413643796278840e-01 4.181145262709334287e-01 4.414574891502659471e-01 4.611226556545213739e-01 4.778528343728192795e-01 4.924723522931801489e-01 5.060269673575834570e-01 5.205650565810293617e-01 5.362360811678354988e-01 4.611892741809526797e-01 4.757190032701316684e-01 4.702886385853190521e-01 4.643383024443067941e-01 4.621632819474769116e-01 4.620191739174572265e-01 4.647331515889021603e-01 4.711749635496090827e-01 4.820962710664389306e-01 4.965504485162625659e-01 5.069503846283339721e-01 4.854419538342199525e-01 5.393804389381566811e-01 5.262056912516194229e-01 5.169397298513841443e-01 5.107003998026601321e-01 5.055032648547012064e-01 5.007166645136027494e-01 4.960340993773891816e-01 4.911950090209042941e-01 4.859384257314390831e-01 4.800036549529217988e-01
3.740061458398827310e-01 3.690144482101033185e-01 3.623248382512628263e-01 3.537394862852124566e-01 3.435301992773787672e-01 3.359608727063715383e-01 3.986663914707551104e-01 4.321981288650994513e-01 4.568808722838968439e-01 4.764253868290269089e-01 4.933568730512660205e-01 5.080314070905038726e-01 5.210548459382131625e-01 5.339563265922779856e-01 5.579120344603233361e-01 4.631521007824119240e-01 5.041680443251834731e-01 4.881003627203540640e-01 4.802098608590398277e-01 4.773006941998005348e-01 4.766530268233623024e-01 4.790860383131388400e-01 4.858915017924289037e-01 4.987176531730369566e-01 5.180877031828089452e-01 5.404291936341252267e-01 4.854054519028551118e-01 5.578504966057264980e-01 5.381290016035863433e-01 5.310654532178610276e-01 5.253968277825510347e-01 5.201419201701896755e-01 5.150970406068093865e-01 5.101042073692404477e-01 5.049843915262989258e-01 4.995278770586964456e-01 4.935002379488666602e-01
3.860291542805896481e-01 3.808642754951222509e-01 3.739632179595758776e-01 3.647122076163157312e-01 3.526798050250931627e-01 3.421760003457450239e-01 4.075175026187403682e-01 4.425939089573879270e-01 4.690838633352965581e-01 4.893971232347938405e-01 5.060460219583422514e-01 5.207940530298594828e-01 5.334557741849148549e-01 5.428288220667712993e-01 5.386343383843457122e-01 5.190578890328958472e-01 5.470192757884178025e-01 4.999767490538801207e-01 4.915902312141753328e-01 4.884589337114846330e-01 4.872551501826194453e-01 4.891248856001311762e-01 4.958418248917979554e-01 5.102271344161209976e-01 5.346218392572978928e-01 5.890046578266237010e-01 5.178515089172452956e-01 5.377755523826580619e-01 5.464847469966340743e-01 5.422930566700326915e-01 5.369501942868603050e-01 5.316351325843730047e-01 5.264103300715359257e-01 5.211936169437896282e-01 5.158630568921325210e-01 5.102562468681820507e-01 5.041711571638355371e-01
3.951582009883509161e-01 3.898407667563247858e-01 3.828636456936947985e-01 3.731213943762980989e-01 3.574311352690330290e-01 3.465157493719487891e-01 4.112266012665558024e-01 4.510580330386192438e-01 4.783005723880951465e-01 4.997351984038543304e-01 5.168842934758078878e-01 5.314760937490834447e-01 5.447452877536196336e-01 5.561668002798877408e-01 5.649836879159841896e-01 5.794642696253547998e-01 4.872785678231735806e-01 4.996516360577089588e-01 4.991583375180965731e-01 4.965551626168774879e-01 4.946524496983926156e-01 4.955878152648011681e-01 5.015051463448798597e-01 5.167023150353031724e-01 5.400967902899764805e-01 5.192615559433818584e-01 5.805295809922811356e-01 5.632474986778565063e-01 5.573828398810342089e-01 5.516201048936419937e-01 5.460646863081115576e-01 5.406536439304546748e-01 5.352929318308499163e-01 5.299133412547000210e-01 5.244325378342953314e-01 5.187277665812519700e-01 5.126288304126884743e-01
4.019292084314912694e-01 3.964713887444048512e-01 3.896846291519608374e-01 3.802471327696650971e-01 3.576555692165584444e-01 3.480592873525438224e-01 4.132490449416382217e-01 4.560769707471261647e-01 4.858633305611176345e-01 5.075326494118858056e-01 5.254067327576410484e-01 5.404008030913527438e-01 5.539138188333199153e-01 5.672589571282111720e-01 5.806423113475736031e-01 5.937699434965507672e-01 4.827305217789813474e-01 5.031014691398411065e-01 5.056393587053122918e-01 5.024972998836630955e-01 4.994808744167471559e-01 4.990615122533796355e-01 5.031561221080295132e-01 5.193822271597554607e-01 5.546578589436933493e-01 5.121818146657375337e-01 5.911012865462781374e-01 5.745986248980275990e-01 5.648828145323872008e-01 5.586437887536322977e-01 5.530966945369940602e-01 5.476462992785715578e-01 5.421888792022766523e-01 5.366970096954174485e-01 5.311252244691323510e-01 5.253822622043355928e-01 5.193250538738822808e-01
4.067501540796001902e-01 4.011108042700357035e-01 3.948252148276821805e-01 3.885438313498639218e-01 3.511319346348017456e-01 3.472274505714949555e-01 4.143435794970607433e-01 4.596876192151635454e-01 4.907436147701496054e-01 5.138244526526619671e-01 5.315996042319739434e-01 5.469459785040402533e-01 5.605732013993892648e-01 5.742059843411844167e-01 5.907391525860470338e-01 6.077938673587910401e-01 4.737256849088794519e-01 5.119564735784536413e-01 5.121404998877977510e-01 5.068023956576979128e-01 5.022122881782451476e-01 5.001327500625507572e-01 5.006183372766429551e-01 5.155629661180171075e-01 5.838848591212553174e-01 4.957604563252629992e-01 5.978517136858014780e-01 5.754312777725510974e-01 5.689856556023837886e-01 5.637675112267340749e-01 5.584200017924272341e-01 5.529438767700042279e-01 5.474131856718732481e-01 5.418602126798469643e-01 5.362661669915944618e-01 5.305592548336683922e-01 5.246158310937658609e-01
4.099836544059058951e-01 4.040110734846990570e-01 3.979601421554264107e-01 4.030599050759661739e-01 3.399867877223421431e-01 3.460467322108911614e-01 4.152043871147185761e-01 4.623198685333030911e-01 4.942433477904617511e-01 5.178355127302248784e-01 5.363713000126347774e-01 5.512649236890898585e-01 5.644977065221761237e-01 5.766678664058625392e-01 5.908071864217651070e-01 6.214861681966497020e-01 4.602688186167910311e-01 5.315798042799968481e-01 5.187246906952708292e-01 5.095665534920869044e-01 5.031763587927343684e-01 4.996519610456658933e-01 4.936968457592513237e-01 6.007159001834745382e-01 6.461368540688198214e-01 5.145216951780432479e-01 5.584375558952761054e-01 5.743718874015274478e-01 5.723962262363573306e-01 5.677119646921299223e-01 5.623314246512118864e-01 5.567644649645416832e-01 5.511841150627593278e-01 5.456401162195747556e-01 5.401152554348674917e-01 5.345414696067176674e-01 5.288051780020008863e-01
4.120084150962640135e-01 4.054680654663400108e-01 3.965844604854737443e-01 3.804613777978772537e-01 3.784280215113864920e-01 3.500028533117784946e-01 4.159122020360268013e-01 4.640714745312026213e-01 4.965672934884428624e-01 5.205178554206449926e-01 5.392442340022380876e-01 5.544627179195638078e-01 5.668343950957450694e-01 5.773624510723589509e-01 5.840908176569947763e-01 5.737462024157853335e-01 5.289266361103267533e-01 5.734715675000956470e-01 5.232462038402303506e-01 5.105074501660539221e-01 5.025369089130691247e-01 4.990896748538773409e-01 5.017541195975013801e-01 6.674738425826106658e-01 5.262566921493458949e-01 5.940295584067568635e-01 5.819908317172631795e-01 5.801833957925611740e-01 5.759892748975903309e-01 5.706076436389587725e-01 5.649025025690187496e-01 5.592138282551525341e-01 5.536534231461874844e-01 5.482304577526087019e-01 5.429019445811614775e-01 5.375886487109551304e-01 5.321782222650508487e-01
4.132203896303536794e-01 4.066579460443279226e-01 3.974289379525600685e-01 3.722722046442669130e-01 3.769603530318175189e-01 3.470008529920988738e-01 4.151748937586676180e-01 4.647228675976017298e-01 4.978042351813622979e-01 5.221104855265241707e-01 5.410475637008383964e-01 5.563112659011173466e-01 5.688480099986080729e-01 5.790448575794618913e-01 5.880829669226813605e-01 5.970992766072509284e-01 6.109567515926885850e-01 4.620662226208026024e-01 5.166099835132342832e-01 5.093716713156795084e-01 5.001291855362325345e-01 4.962719704039216251e-01 4.980773096417863144e-01 6.407068664070331154e-01 5.046551034149814319e-01 6.011632845486069021e-01 5.915285005221256887e-01 5.847116316215538179e-01 5.783725255892319117e-01 5.720909807846109585e-01 5.660462621601372035e-01 5.603365439611974752e-01 5.549488445400913017e-01 5.498168686594131493e-01 5.448548497449460237e-01 5.399640423747524842e-01 5.351536623659013392e-01
4.137636923718616688e-01 4.077848730172036196e-01 4.027768162755706038e-01 3.583094031755706399e-01 3.770298004763760757e-01 3.417224486587315258e-01 4.135348789825860072e-01 4.644301162049652154e-01 4.981415270796625272e-01 5.228593865446817812e-01 5.420651250642467556e-01 5.574465402552315485e-01 5.699266195348348107e-01 5.801095660920398966e-01 5.886060536447771385e-01 5.995538006685555699e-01 6.318539346691747216e-01 4.423413633641132270e-01 5.297910577027635792e-01 5.082932106770072789e-01 4.960535144952416542e-01 4.916952648642080592e-01 4.933151061000813908e-01 6.274202743700760809e-01 4.839206559449877321e-01 6.037547862000095522e-01 5.950860904679216024e-01 5.863759984426613059e-01 5.787149699939606595e-01 5.718142557937877513e-01 5.656722238916523926e-01 5.601933479774756641e-01 5.552216484741898661e-01 5.506069548639047628e-01 5.462224104589026297e-01 5.420462682503330853e-01 5.376757933745721640e-01
4.135931697833882259e-01 4.077813429132618461e-01 4.196183568307390033e-01 3.799475138024918097e-01 3.410354240506054402e-01 3.363365454778090569e-01 4.116167356364988095e-01 4.635269538483838270e-01 4.978580340937688864e-01 5.230412794975329849e-01 5.425664961800747976e-01 5.581169198910478357e-01 5.706245428572419565e-01 5.806049690830610288e-01 5.879606391849674374e-01 5.901952032712972640e-01 5.723880406427553913e-01 5.087503594288863562e-01 5.708894274965473636e-01 5.043855550660196752e-01 4.899864352935452416e-01 4.855985011640314153e-01 4.896483355778570856e-01 6.088535206787867304e-01 4.646974308190948699e-01 6.031089781869437561e-01 5.947853514413440346e-01 5.850629479936799715e-01 5.766182633306218275e-01 5.695842629327069195e-01 5.638020365477340867e-01 5.589334746312065727e-01 5.546825300515659807e-01 5.508444560854395267e-01 5.473499847999953039e-01 5.438240753304635078e-01 5.401057805543174606e-01
