output_new_topo_ddd_5/finaltopo_bedrock__elevation.asc
ncols 300
nrows 100
xllcorner 0.0
yllcorner 0.0
cellsize 10.0
[rows 34 to 50 of 100, columns 148 to 184 of 300]
1.573349116927489604e+02 1.609077724426432781e+02 1.641539390718566835e+02 1.668897501849350533e+02 1.687401767851808074e+02 1.684854242573431122e+02 1.660763937603485942e+02 1.627019331164041205e+02 1.587697727256833389e+02 1.544961518139116095e+02 1.500171827319815634e+02 1.456688846197487521e+02 1.408538986315435579e+02 1.359612977114047112e+02 1.307195718275052911e+02 1.253518075209931482e+02 1.201122749252591007e+02 1.144775889315955339e+02 1.082295112831847632e+02 1.011887233098317438e+02 1.050721303508190942e+02 1.091278718783184729e+02 1.132924689751711043e+02 1.175373122130390868e+02 1.219315190487158986e+02 1.264842664745094538e+02 1.311760530225048456e+02 1.359919404660265627e+02 1.409162141635639500e+02 1.459120546209219924e+02 1.509318811390036217e+02 1.558275420740080506e+02 1.607792465311225669e+02 1.657709990117280370e+02 1.707762130221125290e+02 1.757686213417509862e+02 1.807234472551662066e+02
1.547370477234496491e+02 1.583711288266700024e+02 1.616808369775122571e+02 1.644886067967951533e+02 1.664364868031214826e+02 1.663032065129685293e+02 1.638968493861584363e+02 1.604126705285107448e+02 1.563111440363836664e+02 1.518295351386108223e+02 1.471049585646142646e+02 1.422297215585023196e+02 1.374724879894912419e+02 1.323256385122036818e+02 1.271951144582943982e+02 1.218905891766139291e+02 1.165933390966123682e+02 1.113292879735338516e+02 1.054581012970729006e+02 9.929799456047882700e+01 1.053477644836673193e+02 1.087890897101714387e+02 1.131336848197422853e+02 1.176097654218002049e+02 1.222013640259434908e+02 1.268956254763884317e+02 1.316803483166549427e+02 1.365419099225466937e+02 1.414643561258665159e+02 1.464274153305580057e+02 1.514075632469759682e+02 1.563804971335130460e+02 1.613528976152258849e+02 1.663213415507487412e+02 1.712747238124243552e+02 1.761979504123370646e+02 1.810737571354678437e+02
1.521239904735462289e+02 1.558173851122668339e+02 1.591903130488256295e+02 1.620726926518775883e+02 1.641302043576222616e+02 1.641801510732235556e+02 1.618844126699674177e+02 1.582213519842211440e+02 1.539269464839081536e+02 1.492202794845680955e+02 1.442435274563317193e+02 1.390844869899677008e+02 1.337972268943391043e+02 1.284771204979132619e+02 1.231238980599295161e+02 1.178193344389097916e+02 1.126257758531614002e+02 1.076455019520724363e+02 1.043159707270874179e+02 9.741826533373848918e+01 1.020894987301249159e+02 1.073491829501151074e+02 1.122648546827125102e+02 1.171189304327944996e+02 1.219855026066590824e+02 1.268879756582115590e+02 1.318278635468555819e+02 1.367971484426388145e+02 1.417846775389507457e+02 1.467791613944623919e+02 1.517705304102490800e+02 1.567510203777963795e+02 1.617165600942620074e+02 1.666603385235826806e+02 1.715687177756296933e+02 1.764275992729439224e+02 1.812233437807600183e+02
1.495004580563110039e+02 1.532502205842277760e+02 1.566838608948507954e+02 1.596388581677010450e+02 1.618050356566183439e+02 1.620636882067816487e+02 1.600691531270536814e+02 1.572481409915362462e+02 1.535538859355735610e+02 1.489590395687418152e+02 1.441031805932263126e+02 1.390421263468733173e+02 1.338282396614148979e+02 1.285113894048233476e+02 1.231252402917751994e+02 1.176819183553053563e+02 1.121372599915098789e+02 1.063210281501205401e+02 1.000834482619211059e+02 9.543514627888121993e+01 1.016388322964850630e+02 1.077964548736704415e+02 1.117867771818974347e+02 1.166610909760860721e+02 1.216666942068388266e+02 1.267383840553211769e+02 1.318340714522675228e+02 1.369250752444409898e+02 1.419890409875184218e+02 1.470178532926989590e+02 1.520108797422196005e+02 1.569721163472829630e+02 1.619085772755178425e+02 1.668207734092795249e+02 1.716669596401145839e+02 1.764326987782421838e+02 1.811151903073471203e+02
1.468701437534326999e+02 1.506721337512496461e+02 1.541616883660958308e+02 1.571824113233481626e+02 1.594428107773989041e+02 1.598740274681058509e+02 1.580131350198702478e+02 1.551261048914888363e+02 1.518560094194732528e+02 1.481663350109672308e+02 1.434524898734969725e+02 1.385410407164918070e+02 1.333953893155654384e+02 1.280836564217817397e+02 1.227101211438494914e+02 1.173724844080946781e+02 1.124499380730556908e+02 1.059917670095419595e+02 9.977394023174156246e+01 9.338436296425346939e+01 1.005420799424751124e+02 1.043934639516210012e+02 1.100880531199624528e+02 1.156079283522471002e+02 1.210515162002470504e+02 1.264239416323340635e+02 1.317313053349371899e+02 1.369651997973199684e+02 1.420778931536466700e+02 1.470806511914419730e+02 1.520044807070696891e+02 1.568773002795903722e+02 1.617343114241341766e+02 1.666902410514897497e+02 1.714238055086965460e+02 1.759968737874107774e+02 1.804681114359645733e+02
1.442359910490390575e+02 1.480852088299909042e+02 1.516245019363137203e+02 1.547018153932394569e+02 1.570385950924683129e+02 1.576093625114425549e+02 1.558241793680836054e+02 1.529480772409247891e+02 1.495314590979659215e+02 1.459557653284273329e+02 1.423482564052810062e+02 1.377695341817933468e+02 1.325890811944125858e+02 1.270976166309622073e+02 1.214792032412092624e+02 1.156809658023788501e+02 1.097120924442290431e+02 1.051046476301792723e+02 9.820668491886384288e+01 9.139867743519727128e+01 9.643383906923281756e+01 1.027775177370359501e+02 1.088067914431342871e+02 1.146939957974730930e+02 1.204281502222155069e+02 1.259645820282236315e+02 1.313736041612929171e+02 1.367981880476663719e+02 1.417949167745158832e+02 1.465680307893996144e+02 1.512486332550938073e+02 1.558728980005487017e+02 1.604490416444571395e+02 1.646814077035232344e+02 1.691007661757211338e+02 1.735302871618004303e+02 1.779037265523658391e+02
1.416004070168555984e+02 1.454915503121646339e+02 1.490741746307394351e+02 1.521990993566580528e+02 1.545963510048933927e+02 1.552915649963065050e+02 1.535483354131212081e+02 1.506253964073669067e+02 1.471148833353250893e+02 1.432645819948337760e+02 1.393077231180191404e+02 1.353250501136128605e+02 1.308345839488162596e+02 1.259569770861290152e+02 1.203132490811889426e+02 1.141437606829077822e+02 1.079376446198406825e+02 1.014750613033908593e+02 9.736482162279894226e+01 8.919472853755749497e+01 9.549056785935094638e+01 1.015612146854328870e+02 1.076361017855072504e+02 1.136611860077585163e+02 1.196788687566692602e+02 1.250571124722194440e+02 1.300137798755868062e+02 1.344616063067744847e+02 1.390874963227436467e+02 1.437052855385569217e+02 1.482845480127245992e+02 1.528304874590199631e+02 1.571590644697120638e+02 1.616117909450807986e+02 1.660502321899627418e+02 1.704636968993499977e+02 1.748189492503095437e+02
1.389653123060588769e+02 1.428932511290832679e+02 1.465133700350549475e+02 1.496782264374983242e+02 1.521227095665233264e+02 1.529497377828309652e+02 1.512425101313513665e+02 1.482357851416627739e+02 1.446049641843457891e+02 1.405940128780799228e+02 1.363485340595929642e+02 1.320581489316649311e+02 1.277363227854870331e+02 1.229679679829954466e+02 1.179125823474167447e+02 1.124995535304310152e+02 1.060240958432206213e+02 9.953918701057995122e+01 9.263462213670619860e+01 8.711206913748735303e+01 9.369639680355693656e+01 9.998026365978724073e+01 1.063974198198544059e+02 1.120707500121257709e+02 1.169680062940235672e+02 1.218786906225907103e+02 1.264399585582403489e+02 1.310585396421258224e+02 1.356279350092545997e+02 1.401805309127698251e+02 1.447200462141805701e+02 1.491116899681984194e+02 1.536129480294899565e+02 1.581092413398712893e+02 1.625893771073413063e+02 1.670363218628970685e+02 1.713348673384903691e+02
1.363320534896443803e+02 1.402920773582452512e+02 1.439447084796529168e+02 1.471429503054767736e+02 1.496205370759166442e+02 1.506118009345024120e+02 1.489722559667773396e+02 1.458477574219863584e+02 1.420776747232129367e+02 1.379019838136216265e+02 1.334658506079883296e+02 1.288728954230903980e+02 1.242769165299775267e+02 1.196620651400187541e+02 1.147141232109725451e+02 1.095748249944041817e+02 1.044274926821108522e+02 9.786207152654746722e+01 9.153197683095626758e+01 8.486569475859806744e+01 9.182874797632985064e+01 9.829918650254366241e+01 1.036125252910960342e+02 1.086042833031572599e+02 1.135177368249250520e+02 1.180880877979244872e+02 1.226679316739332677e+02 1.271905533848927377e+02 1.317016934325289412e+02 1.362245508833313181e+02 1.406559097682799120e+02 1.452021114148419656e+02 1.497625280380177060e+02 1.543245159455895532e+02 1.588721168017028447e+02 1.633099630872738715e+02 1.677822876572526809e+02
1.337012491906366449e+02 1.376894440108056017e+02 1.413714017633452613e+02 1.445988671946063562e+02 1.470822435232063015e+02 1.482892379508804197e+02 1.468261368078964040e+02 1.435259969490493290e+02 1.395946877600939331e+02 1.352448889344722431e+02 1.306166955473413793e+02 1.258136701940677966e+02 1.209171466019006971e+02 1.160600391851916271e+02 1.112158944351509291e+02 1.061370179209761773e+02 1.009391851287642368e+02 9.605241328087720376e+01 8.979482449332724059e+01 8.277629077867797491e+01 8.955524559755292557e+01 9.507114734613838891e+01 1.002150636673452198e+02 1.051141150915739786e+02 1.096554675945497905e+02 1.141385657742662687e+02 1.185514771504860363e+02 1.229727713412708425e+02 1.274426734387433697e+02 1.318795354455702409e+02 1.364516122218855685e+02 1.410657104031837434e+02 1.457065594588284796e+02 1.503565341363988921e+02 1.549290856076516150e+02 1.595517471436423875e+02 1.640064436539776409e+02
1.310720004523771252e+02 1.350850831432768757e+02 1.387935635773013132e+02 1.420267694640026832e+02 1.445777408240574005e+02 1.460232268846312422e+02 1.447909744743232636e+02 1.413827885192774261e+02 1.372181733181650145e+02 1.326710170003579776e+02 1.278389043391240705e+02 1.228225077493087412e+02 1.177065892189852718e+02 1.125568613565253600e+02 1.074845852020970369e+02 1.024601198101033646e+02 9.731320995901889148e+01 9.210392504284240545e+01 8.707911712414269800e+01 8.081915102696481767e+01 8.677358143596609352e+01 9.200463732338820932e+01 9.685968502624801602e+01 1.013251612881714436e+02 1.056799682254954718e+02 1.098996443037645747e+02 1.141180588086787537e+02 1.184613393958005787e+02 1.228569339752408638e+02 1.274238899277979442e+02 1.320682884101221362e+02 1.367723832713766683e+02 1.415166184986897235e+02 1.462192609589980350e+02 1.509889304336269333e+02 1.556197178192351771e+02 1.604876887538660810e+02
1.284398985930435231e+02 1.324734305422930163e+02 1.361863244978795535e+02 1.394691538207741814e+02 1.422074219578922509e+02 1.438411974375614761e+02 1.428393545597251943e+02 1.394083649003657968e+02 1.350277837102789817e+02 1.302019189236480656e+02 1.251199542853198352e+02 1.198674919306984066e+02 1.145219796387277427e+02 1.091470458405129307e+02 1.037855885084977814e+02 9.848546577205128472e+01 9.329058996375158586e+01 8.822348799101298766e+01 8.335747956872162945e+01 7.892694769693365231e+01 8.425853679405318530e+01 8.894670420211512862e+01 9.322761289342052748e+01 9.742627606621300629e+01 1.015050553265085398e+02 1.053183336388017182e+02 1.093459174386373718e+02 1.136482739110127937e+02 1.181775037555193961e+02 1.228225015844361678e+02 1.275610499319293893e+02 1.323802087295801471e+02 1.371990629762888432e+02 1.421218469960907953e+02 1.469285116689787003e+02 1.519591814765703077e+02 1.570033504050823296e+02
1.257926053792828895e+02 1.298245351797033607e+02 1.335752288870039308e+02 1.370192162287078474e+02 1.399002458266944586e+02 1.417397247160621134e+02 1.410956430043199248e+02 1.384265897985650895e+02 1.346638868374810158e+02 1.300309269738227158e+02 1.250921266945530448e+02 1.199619562169353912e+02 1.147261526595512748e+02 1.094421892266671534e+02 1.041650676457495024e+02 9.895688809848157064e+01 9.390427572306778359e+01 8.934418880998556745e+01 8.322514541909662000e+01 7.706036047182827531e+01 8.164175590376494540e+01 8.546737429147721343e+01 8.936208387231471306e+01 9.333294865709879673e+01 9.737376751262073071e+01 9.984772910695710380e+01 1.041588210296347370e+02 1.086361815197351746e+02 1.132598482743730273e+02 1.180040066708700692e+02 1.228505393143298932e+02 1.277866620150227703e+02 1.328084518102574805e+02 1.378985638039264927e+02 1.430697522262012455e+02 1.482801544713293538e+02 1.535231677709098790e+02
1.230883571251761026e+02 1.271460118567663926e+02 1.310472673913675976e+02 1.346250476920941423e+02 1.376567630192285208e+02 1.396763888002736849e+02 1.392255171747246152e+02 1.366134459893608550e+02 1.333481110539873100e+02 1.294830780334092140e+02 1.246338196357578454e+02 1.195875652150462258e+02 1.143961254330315853e+02 1.091080899695604103e+02 1.037509410465744679e+02 9.832427378806620766e+01 9.271278126782677020e+01 8.696301141969975390e+01 8.253891836574302943e+01 7.543728272030446647e+01 7.808793747699252208e+01 8.137192634346399700e+01 8.499702615485242063e+01 8.890990160515607954e+01 9.312408963289682617e+01 9.890510306487563241e+01 1.041137569426463330e+02 1.091408091241192437e+02 1.141070772669374236e+02 1.190664980647629392e+02 1.240454953896839925e+02 1.290558361736244137e+02 1.341008671049498275e+02 1.391774257571639453e+02 1.442790820486729899e+02 1.493916192737030997e+02 1.544992956188134201e+02
1.202951335265840385e+02 1.245146512395745191e+02 1.285691448784148747e+02 1.323089159134318322e+02 1.355087000375295645e+02 1.376716402999159072e+02 1.372984988617884312e+02 1.346983595391573374e+02 1.312873855432108883e+02 1.275800844450867686e+02 1.236788169659336774e+02 1.186535164260064761e+02 1.135403717685346976e+02 1.083142746255929438e+02 1.030360047204592462e+02 9.809044648969867808e+01 9.178655677466444729e+01 8.560580321607288568e+01 7.909876341003928246e+01 7.381814808700838171e+01 7.812616211242131214e+01 8.210819740618416063e+01 8.620416140109216485e+01 9.048408377833337113e+01 9.500650403194917715e+01 9.985099069252233051e+01 1.048049452239284136e+02 1.097987466474947666e+02 1.148107009059189778e+02 1.198352646500573684e+02 1.248717195981453614e+02 1.299194298153089164e+02 1.349757801101921189e+02 1.400350494434270558e+02 1.450877612847490639e+02 1.501200515106358750e+02 1.551146579523779963e+02
1.174513597573436101e+02 1.218987252192163169e+02 1.261635517730603198e+02 1.301143244121607268e+02 1.335581541779479551e+02 1.357661775536525965e+02 1.353740363596879774e+02 1.326935943553383765e+02 1.291542668589839877e+02 1.251611800508509731e+02 1.210459312164276184e+02 1.170772559483308726e+02 1.121089477927615405e+02 1.069072732993428048e+02 1.013548079090418099e+02 9.514622895111313028e+01 9.063079072471506947e+01 8.435330735802716617e+01 7.837354265174212742e+01 7.210889142672738217e+01 7.816516124872983085e+01 8.184953692767777511e+01 8.625090063319316869e+01 9.081514657742303598e+01 9.552737090952372512e+01 1.003734716315618414e+02 1.053112751698339196e+02 1.103053858062140051e+02 1.153316840409651576e+02 1.203746807589191121e+02 1.254242103922529452e+02 1.304726691833837151e+02 1.355126615362428311e+02 1.405348110087662690e+02 1.455252616686417184e+02 1.504630655596693032e+02 1.553264793346713759e+02
1.164620647689044404e+02 1.209835592582620620e+02 1.251722073358999552e+02 1.289449008228073126e+02 1.318359067199688468e+02 1.339528857945618938e+02 1.335219203780988266e+02 1.307181154518352457e+02 1.269890436239347906e+02 1.227511499488220466e+02 1.182108941653847012e+02 1.135565150039054458e+02 1.089473790077003486e+02 1.036620365586190502e+02 9.836802624584903754e+01 9.319601974140144307e+01 8.691592209862363916e+01 8.274545166983108402e+01 7.683622082891707805e+01 7.048645190515537706e+01 7.530010157369298440e+01 8.047449470528535187e+01 8.547909934096352913e+01 9.045582891428064443e+01 9.544850255652693249e+01 1.004707840810273893e+02 1.055152394198465657e+02 1.105706288685010037e+02 1.156280973565084480e+02 1.206800456565593436e+02 1.257197666161779210e+02 1.307415126552549793e+02 1.357391286515680235e+02 1.407047188970392426e+02 1.456234539821408021e+02 1.504430034754377630e+02 1.551372958240894206e+02
