output_new_topo_ddd_5/finaltopo_topographic__elevation.asc
ncols 300
nrows 100
xllcorner 0.0
yllcorner 0.0
cellsize 10.0
[rows 34 to 50 of 100, columns 185 to 221 of 300]
1.856855468219553984e+02 1.904863285726204367e+02 1.951641297724461310e+02 1.996767801916364817e+02 2.039668850469836912e+02 2.079501644526627331e+02 2.114898315967237181e+02 2.143261348858136728e+02 2.159153839751714941e+02 2.155940228033501285e+02 2.138371902293797291e+02 2.113440812866907379e+02 2.083986264206761518e+02 2.052128521357628301e+02 2.017805347979111161e+02 1.982294970373055492e+02 1.945908609466522989e+02 1.909137064602418548e+02 1.871425534994549764e+02 1.833244017701880466e+02 1.794697800580941305e+02 1.755089302848373620e+02 1.792597397072742069e+02 1.827470018622082932e+02 1.859850793077084177e+02 1.888968140171360801e+02 1.912535885188998179e+02 1.933705624643279748e+02 1.940920156808848560e+02 1.939821749068318297e+02 1.929869486670887682e+02 1.908701481755853990e+02 1.878421671194523412e+02 1.843191144799876895e+02 1.804384286682328877e+02 1.762873814741797105e+02 1.719253275773256462e+02
1.859494884891035156e+02 1.906633580833356518e+02 1.952500611638706971e+02 1.996628503015541867e+02 2.038476533077935073e+02 2.077141992308859528e+02 2.111055269929713631e+02 2.134740978982699744e+02 2.146728707704329224e+02 2.140017191646595904e+02 2.120498889883665470e+02 2.093573880881845923e+02 2.061906284713660114e+02 2.027683193381365072e+02 1.992737970892604267e+02 1.956470134860639973e+02 1.919323258169126234e+02 1.881642556346323545e+02 1.843941963865696607e+02 1.805684852085751970e+02 1.767117963697010623e+02 1.727340516961710364e+02 1.765264474009686069e+02 1.800357713981316010e+02 1.832799432929985244e+02 1.860791537948580583e+02 1.887390656368525015e+02 1.906768192177838159e+02 1.913033822259471322e+02 1.913616965777400196e+02 1.908773121366015744e+02 1.892725454737426105e+02 1.869985617432269009e+02 1.837526615491065627e+02 1.800535599182543649e+02 1.760204190803770814e+02 1.717372264871467848e+02
1.860066562931426972e+02 1.906299515318242470e+02 1.951249639200947001e+02 1.994067387534867635e+02 2.034314041100296890e+02 2.071533203504803566e+02 2.098854993805987021e+02 2.122628761507807553e+02 2.132268151696541736e+02 2.123088360265240340e+02 2.102949852450533399e+02 2.074906810715316965e+02 2.040521561486755502e+02 2.003437448235818295e+02 1.967519555631477886e+02 1.930637462490246605e+02 1.892644573110581234e+02 1.854151889791513952e+02 1.815598950411383896e+02 1.777606677232655841e+02 1.739439641992041174e+02 1.699962700758105996e+02 1.738143080837512002e+02 1.773221628963707417e+02 1.804452491245727117e+02 1.834688215957345676e+02 1.859522630674749735e+02 1.877608638581785385e+02 1.882488940752904512e+02 1.883902176795466801e+02 1.881536880397319180e+02 1.873214207502648208e+02 1.852763289706273042e+02 1.828695377047263548e+02 1.794380360559093788e+02 1.755862169360019323e+02 1.714198240895712502e+02
1.857601417672192952e+02 1.902629354732885645e+02 1.947296586494889539e+02 1.987978756525433255e+02 2.024484033426914777e+02 2.053279276737799819e+02 2.082953809851215681e+02 2.105992799115975913e+02 2.116052383343013616e+02 2.107038845011123840e+02 2.085247089783321996e+02 2.057485997121785317e+02 2.026832046472094362e+02 1.989030178445744355e+02 1.943001212012635222e+02 1.902350443564155285e+02 1.866207488272632986e+02 1.826377449823047527e+02 1.786748944142738651e+02 1.748078598468884195e+02 1.711072959248612051e+02 1.673182672267585644e+02 1.711380508553973527e+02 1.745198724143324966e+02 1.778085197879036343e+02 1.806605813317407865e+02 1.830332589626868298e+02 1.845668065723125153e+02 1.849280463658544704e+02 1.851214014385290341e+02 1.850798578725967332e+02 1.846774011340606876e+02 1.833461052957666482e+02 1.809939391543881300e+02 1.784841800632115962e+02 1.749816089730824729e+02 1.709148890431838481e+02
1.848715814365112067e+02 1.890729963404869522e+02 1.928608743934477729e+02 1.966223722857351675e+02 1.998833314830248469e+02 2.032952461567365674e+02 2.063011277657199400e+02 2.086050889306195302e+02 2.098516577482168941e+02 2.091764408771164767e+02 2.069019293713074319e+02 2.038138137675007044e+02 2.003100006539397668e+02 1.965187842225032853e+02 1.924991200348259213e+02 1.882441763946887932e+02 1.839246125536554928e+02 1.797752496503534871e+02 1.756725797806244316e+02 1.716886729955582496e+02 1.678928575612810903e+02 1.647418896565097270e+02 1.684255883668198805e+02 1.719150321714081144e+02 1.750181943405834204e+02 1.777352138238197483e+02 1.800346988458907731e+02 1.810181567115728285e+02 1.813517641329092385e+02 1.815926997146221140e+02 1.817039611853216456e+02 1.815645755701996222e+02 1.808936680644201829e+02 1.790738246241767797e+02 1.764392005564152726e+02 1.736252453541213470e+02 1.700723764179547288e+02
1.822272889936934064e+02 1.862179873379955666e+02 1.901769861585725891e+02 1.937367173289831896e+02 1.974850670281536225e+02 2.009751457271309789e+02 2.040331976019713238e+02 2.065387141827177402e+02 2.080173303940536584e+02 2.076237649739707081e+02 2.056121096004704611e+02 2.028043375579420342e+02 1.994603151560656613e+02 1.957422538944619248e+02 1.917845937761840958e+02 1.876751960725994479e+02 1.834888142537421629e+02 1.793118428774556605e+02 1.750754669725570807e+02 1.708670032284421723e+02 1.671275506845994414e+02 1.622096244070064870e+02 1.659215078129851690e+02 1.691897531279976477e+02 1.721239876070991954e+02 1.747542030368497308e+02 1.765738422541220700e+02 1.772782553164857404e+02 1.775623549262040228e+02 1.778416035773159365e+02 1.780706976834901809e+02 1.781351184528333249e+02 1.777960628239409004e+02 1.768935524183343944e+02 1.746466762576785641e+02 1.715470373897910008e+02 1.681185032418734977e+02
1.790329879581093451e+02 1.831779616456318820e+02 1.870071465155369026e+02 1.910327638171661135e+02 1.948887061019858322e+02 1.984621413229938582e+02 2.017123858990836425e+02 2.044001053427962518e+02 2.061118798698836088e+02 2.059826010888786527e+02 2.041765789649489022e+02 2.017415322219590621e+02 1.985689950790698788e+02 1.948621358230740270e+02 1.909305477152129527e+02 1.868351300633436836e+02 1.826554602146826483e+02 1.786784243964386292e+02 1.740304368321113486e+02 1.693094380159346883e+02 1.642565507644835918e+02 1.598674083491423517e+02 1.633163714274653273e+02 1.663514589098808756e+02 1.691312393592667718e+02 1.715474697196653153e+02 1.727085128419763862e+02 1.733196880245281193e+02 1.735857995238483511e+02 1.739013104435238120e+02 1.742216764771822852e+02 1.744497691363965544e+02 1.743859078967055609e+02 1.739377962633866161e+02 1.729505544556309076e+02 1.708500293258872773e+02 1.677929002417449169e+02
1.757167105067586590e+02 1.797810484268730704e+02 1.840496398735628247e+02 1.882053243160644627e+02 1.921699385809821194e+02 1.959342833397508628e+02 1.993519246330838826e+02 2.022203019326152855e+02 2.041530671938958221e+02 2.042412915912861706e+02 2.024805980253932205e+02 1.998724865237300889e+02 1.969047429736227741e+02 1.935476543456778415e+02 1.896830161636898708e+02 1.855564787574792831e+02 1.811657083782103257e+02 1.763269196544241595e+02 1.724785740838399590e+02 1.678025996123556070e+02 1.628948393456752797e+02 1.574520262166376767e+02 1.605952797982743334e+02 1.633615716799147890e+02 1.659122869003088283e+02 1.677880805710368861e+02 1.686543804484749387e+02 1.691857601377610365e+02 1.694535106412931498e+02 1.698039261013562680e+02 1.701944667771695379e+02 1.705477445595928714e+02 1.707020383896220039e+02 1.705970376685790200e+02 1.701257672063492521e+02 1.690980131285484163e+02 1.669630565739974770e+02
1.721261481600784862e+02 1.766115538948354242e+02 1.810267688319314914e+02 1.853125278495472799e+02 1.894724717031528769e+02 1.934045301815269511e+02 1.969889755714091848e+02 2.000354651816723219e+02 2.021818162250542059e+02 2.024918860935899829e+02 2.007722121531102175e+02 1.980625222075824183e+02 1.948020988620790774e+02 1.912821912791499130e+02 1.874439036007723303e+02 1.832484829370459920e+02 1.789008071739103229e+02 1.744986350135623354e+02 1.693785336548504858e+02 1.652794947200322611e+02 1.604185522454444310e+02 1.551908491562249424e+02 1.575462895710711564e+02 1.600519789072335186e+02 1.623407862757757414e+02 1.635853424896885144e+02 1.643956340557448925e+02 1.649077210691411608e+02 1.651974042217891281e+02 1.655807438940083784e+02 1.660219260077027457e+02 1.664654017805369506e+02 1.667838027392866991e+02 1.669448350892077713e+02 1.668712872683242665e+02 1.664316385746793685e+02 1.653855212412356934e+02
1.687701746742113187e+02 1.734166652745666113e+02 1.779799955985433542e+02 1.824686586441683858e+02 1.868041496210715025e+02 1.909045791382234540e+02 1.946554209496121075e+02 1.978761795562153907e+02 2.002305268389091566e+02 2.008132676361984181e+02 1.992078611298820761e+02 1.963528055561080237e+02 1.928776977280213885e+02 1.890190552399834871e+02 1.849174692105789291e+02 1.806268819642648111e+02 1.761790515988251968e+02 1.716124211002551476e+02 1.670042299828530190e+02 1.622818332905209218e+02 1.576502350387506795e+02 1.530158543382623293e+02 1.537067066812807354e+02 1.565077949293879271e+02 1.580742571310962603e+02 1.592139840233186874e+02 1.599901868138919099e+02 1.605220849788179578e+02 1.608500028244845055e+02 1.612622330990133719e+02 1.617339482878098522e+02 1.622339032215885481e+02 1.626685349630710107e+02 1.630337708468704818e+02 1.632774230272615910e+02 1.633022790575936654e+02 1.629953714991367804e+02
1.654200332527331909e+02 1.702287007062924147e+02 1.750023178404075281e+02 1.796765860010894471e+02 1.841887960358491227e+02 1.884586081124087400e+02 1.923744517480351419e+02 1.957607193327963842e+02 1.982953036848404338e+02 1.991960039768461002e+02 1.979880961191758217e+02 1.956124963359012270e+02 1.922734539110079197e+02 1.885512085021618702e+02 1.845431755863898218e+02 1.803231484738087147e+02 1.759451231753625393e+02 1.714547060915736836e+02 1.668962186528917755e+02 1.623064312311520894e+02 1.577613953481036333e+02 1.533414305223173812e+02 1.492940156769470263e+02 1.523599905527923681e+02 1.536604195973358742e+02 1.546970732514020881e+02 1.554727118242376207e+02 1.560626621067054316e+02 1.564430777052342023e+02 1.568776233406328799e+02 1.573580820415998289e+02 1.578802060089520296e+02 1.583876196740117450e+02 1.589072145940366170e+02 1.594021065285936913e+02 1.597891907610580233e+02 1.599526896684007795e+02
1.621090123284316462e+02 1.671322801707482029e+02 1.720991325071725271e+02 1.769592502022799749e+02 1.816491723331202479e+02 1.860883316805834511e+02 1.901664805565291374e+02 1.937149749746087366e+02 1.962667230067266360e+02 1.975576302369321979e+02 1.967996035775727250e+02 1.943623905690516267e+02 1.913407700250195376e+02 1.878252641036078501e+02 1.839669714982982498e+02 1.798594257092688906e+02 1.755666294835625934e+02 1.711337427893657548e+02 1.665910163440891836e+02 1.619529446037907690e+02 1.572135003854381239e+02 1.523225076728865020e+02 1.470474275011300165e+02 1.480032314545965448e+02 1.490687952646681254e+02 1.500469693187888254e+02 1.508637151278037720e+02 1.515608422434538625e+02 1.520073016689706265e+02 1.524544337570770551e+02 1.529196276495720781e+02 1.534274678655523871e+02 1.539653398519062932e+02 1.545995653530049481e+02 1.552996556101909391e+02 1.559861301846857486e+02 1.565657017057373253e+02
1.588914997809243346e+02 1.641169343339124964e+02 1.692808991306987707e+02 1.743334541820520371e+02 1.792060114689596730e+02 1.838174462042457549e+02 1.880430090751145826e+02 1.917148526032078735e+02 1.944117398299063666e+02 1.959180429849807581e+02 1.956515789703614985e+02 1.937563747663982667e+02 1.908783077652820452e+02 1.874909395413907589e+02 1.837373795765881255e+02 1.797143419513821812e+02 1.754898937285448142e+02 1.711132355364419197e+02 1.666198099610771806e+02 1.620341607961149748e+02 1.573742397287149402e+02 1.526569964848460188e+02 1.479113120837136819e+02 1.431133362902218664e+02 1.442875191586298911e+02 1.452715846510788253e+02 1.461741482358036137e+02 1.470502206424805252e+02 1.475729235145176119e+02 1.480180456278766314e+02 1.484416072159396265e+02 1.488948278645221990e+02 1.494185931497083004e+02 1.501363447062846035e+02 1.510093783839391790e+02 1.519572441478220242e+02 1.529173295544164830e+02
1.596473779028623596e+02 1.646738298094528261e+02 1.696108394435047160e+02 1.744135072157689876e+02 1.790325139555418161e+02 1.833839476822515167e+02 1.872960961721449280e+02 1.901102474616996290e+02 1.925291800274135880e+02 1.941380060785032242e+02 1.942678546594758302e+02 1.927311933690982073e+02 1.902069960286742116e+02 1.870360213880759659e+02 1.834386925606344789e+02 1.795349148289716084e+02 1.754046514448558298e+02 1.711063515906996031e+02 1.666845852073906542e+02 1.621742980824699885e+02 1.576054354469375198e+02 1.530074045452732889e+02 1.484123907886420000e+02 1.438535376909986780e+02 1.392405332091329342e+02 1.403799980756118657e+02 1.414043403527319640e+02 1.425756531818963708e+02 1.431705135335435273e+02 1.435911203557091937e+02 1.439451291970019042e+02 1.442972034204529734e+02 1.447552342598347650e+02 1.455356208971817864e+02 1.465593305100352950e+02 1.477403258433483018e+02 1.490973518496553254e+02
1.601099552410312583e+02 1.649551351913438850e+02 1.696786357711434903e+02 1.742474868275083963e+02 1.786245615072877513e+02 1.823575263042713743e+02 1.852206086454108060e+02 1.880274615814277581e+02 1.903954779091624516e+02 1.921032768914936355e+02 1.925986295305017393e+02 1.916828996859769347e+02 1.896729684044604198e+02 1.866865156794895597e+02 1.832462357748750605e+02 1.794661544207809527e+02 1.754329231199973549e+02 1.712120309870126107e+02 1.668535515175811383e+02 1.623978044565956509e+02 1.578789834522638102e+02 1.533281242564579543e+02 1.487754389903152799e+02 1.442503822261493553e+02 1.397773700102835619e+02 1.352622122407377390e+02 1.365302496756256403e+02 1.382076666780731102e+02 1.388294361451968086e+02 1.391923580939846374e+02 1.394508771553954318e+02 1.396459912276159230e+02 1.399709733738882562e+02 1.408097483862115382e+02 1.419694620252822119e+02 1.433360629683907348e+02 1.453267946450527006e+02
1.601518449297334428e+02 1.647965069208582634e+02 1.692548920228720135e+02 1.735414513452849974e+02 1.770210438356609188e+02 1.799813911952990679e+02 1.829485857432786702e+02 1.856399312412017935e+02 1.879587531716178717e+02 1.897291331820519247e+02 1.905275840352161083e+02 1.903163257379793265e+02 1.886090624446114816e+02 1.860497390881774322e+02 1.828737628247789644e+02 1.792771471234180751e+02 1.753734486777189545e+02 1.712438023074966793e+02 1.669472986971914850e+02 1.625297907304409080e+02 1.580279805608008417e+02 1.534730705756938676e+02 1.488942449158308534e+02 1.443226532057863665e+02 1.397983730081808744e+02 1.353880070593673679e+02 1.313636182062075761e+02 1.345323265749948689e+02 1.345679188474490502e+02 1.348340229955207974e+02 1.349827814883828410e+02 1.349519582343036461e+02 1.350437168699115205e+02 1.359688536385170607e+02 1.372162260243807737e+02 1.394633345534037971e+02 1.405228562211567009e+02
1.597454391020900459e+02 1.642153124707963059e+02 1.682440906567510410e+02 1.714703447883021568e+02 1.744824546318223497e+02 1.775256899852329013e+02 1.803529800302227386e+02 1.829319247364492185e+02 1.851988162636771449e+02 1.868827933631405074e+02 1.882742517778044373e+02 1.884605620989281647e+02 1.877091140068393429e+02 1.856511079837722775e+02 1.827053091279719013e+02 1.792864299937139947e+02 1.755159392829818898e+02 1.714775280984850667e+02 1.672341162019051524e+02 1.628340253244555527e+02 1.583140369375898047e+02 1.537017635772600386e+02 1.490168856060604980e+02 1.442685263294440290e+02 1.394311834787321516e+02 1.344319950706685063e+02 1.290018820582805006e+02 1.299670274741723688e+02 1.302413200063884062e+02 1.305187651932194512e+02 1.305755537822312817e+02 1.302323741507948398e+02 1.299219074224550070e+02 1.309709469246360527e+02 1.334651244683822142e+02 1.340318400901483926e+02 1.353425053209352313e+02
