output_new_topo_ddd_5/finaltopo_soil_production__rate.asc
ncols 300
nrows 100
xllcorner 0.0
yllcorner 0.0
cellsize 10.0
[rows 68 to 84 of 100, columns 37 to 73 of 300]
4.333353114531305494e-05 4.299989625950554890e-05 4.283232402235394369e-05 4.291332498659192548e-05 4.349593903321369136e-05 4.239479149743603412e-05 7.176837550330396906e-05 1.852437993032441857e-05 3.354069949244905792e-05 3.300226740065858872e-05 4.274096577663835021e-05 4.445864780387532780e-05 4.584469634585503888e-05 4.719514965218805989e-05 4.860475519300411028e-05 5.013830707165748963e-05 5.185129588070572806e-05 5.381358012829916016e-05 5.613879133311019482e-05 5.898344280807425976e-05 6.276384638786995554e-05 6.788839133573908028e-05 5.835606854200113059e-05 6.114280041448071253e-05 6.929647104082263466e-05 6.615262710318517555e-05 6.758330692288427703e-05 6.104481315430213288e-05 5.637197272293492103e-05 5.063464435855395094e-05 5.223332956050276128e-05 4.971693991766518666e-05 2.756759188792020900e-05 3.961858693538397461e-05 2.425194997878968593e-05 4.277164258109641346e-05 4.238876399832979127e-05
4.389574371623630641e-05 4.350499951767711649e-05 4.325317076579945094e-05 4.313090918765230455e-05 4.310707505835910397e-05 4.310499075998978918e-05 4.389039369727984978e-05 1.865180269667307474e-05 4.530513994103733559e-05 4.517878134243994006e-05 4.571814079763543046e-05 4.672487371460116534e-05 4.800915852530122398e-05 4.953367948118345821e-05 5.130455828795764107e-05 5.335189537831836143e-05 5.575200232593718338e-05 5.863775450060781231e-05 6.241018190537694487e-05 6.755038493236980820e-05 6.766081643008557819e-05 5.493117973418067015e-05 5.744606247570939174e-05 6.368663995551600190e-05 6.930830377492743465e-05 6.931018212826944164e-05 5.923003172913836008e-05 6.090631446403186358e-05 5.627348907042275877e-05 5.277421833133091292e-05 4.818596425645643375e-05 4.973121982484731237e-05 2.751166096632372797e-05 3.827741939328654447e-05 2.150884439611103110e-05 4.382209590832376487e-05 4.421202921856935296e-05
4.437735320310334677e-05 4.386120612381903485e-05 4.346367637120087578e-05 4.315919002290599795e-05 4.290810639240588161e-05 4.271170895103230464e-05 4.338203197076819493e-05 1.817104424893589153e-05 4.661603147139653600e-05 4.674584821782703159e-05 4.785547447183878680e-05 4.924048610549825746e-05 5.092634550572317301e-05 5.298113039449997975e-05 5.545042080967821314e-05 5.843603497459352116e-05 6.232860490360371888e-05 6.757795964810450534e-05 6.749676344784111119e-05 6.194070634844595384e-05 5.224323773787092841e-05 5.430443911169854785e-05 5.937422788011866270e-05 6.346015454052869511e-05 6.959208965704592775e-05 6.871383997854143882e-05 6.207576052771847028e-05 5.463928329801364552e-05 5.624479181610260675e-05 5.279892393935422916e-05 5.018428584014854695e-05 4.681139815476693104e-05 2.793691280135223980e-05 2.322418871493316927e-05 4.237183541405775380e-05 4.361314185138972192e-05 4.423268577738445005e-05
4.488848933121287305e-05 4.423704200420389740e-05 4.370560922416660718e-05 4.326855333448891222e-05 4.289213539308790388e-05 4.259510071192588109e-05 4.321078792165019460e-05 1.787147528235017086e-05 4.847680185441022391e-05 4.901309900398801811e-05 5.065005485848231764e-05 5.265238158958491870e-05 5.511117108550369595e-05 5.832186956615652713e-05 6.238411538642462198e-05 6.784324136581904908e-05 6.754478886924462921e-05 6.166490169648233019e-05 5.801903490459037524e-05 4.991177321377995358e-05 5.171651325829744651e-05 5.593878560420473500e-05 5.906909444809563188e-05 6.330821484632748034e-05 7.027905348484987267e-05 6.830309676221152436e-05 6.182817461227741449e-05 5.714580059259431023e-05 5.131790029459070551e-05 5.285664178196302607e-05 5.026153521183168699e-05 4.850195153611634795e-05 2.768826281681060491e-05 2.387228742525865054e-05 4.257313507824763289e-05 4.334901290794605517e-05 4.437357630276987294e-05
4.551109177354298037e-05 4.471802797860679823e-05 4.405473507804991118e-05 4.349518572881285919e-05 4.300847774661104229e-05 4.261907035882466215e-05 4.315889050407914306e-05 1.794861490507073122e-05 5.300055737170707095e-05 5.459986192543624686e-05 5.771442198596478374e-05 6.182232071589431773e-05 6.760566246295958426e-05 6.790220533158821369e-05 6.730881544131959787e-05 6.143318148473824098e-05 5.768684208177392910e-05 5.486825289253816589e-05 4.794766629426039991e-05 4.953318558897978690e-05 5.316345939687232855e-05 5.568642881565141257e-05 5.892123167868228845e-05 6.788781471742454208e-05 6.654429733225838831e-05 6.808184872057195880e-05 6.170135562896037330e-05 5.710370926319998909e-05 5.354424380890751220e-05 4.885545676931950362e-05 5.029445470977884604e-05 4.854528186320477022e-05 2.708306476429602914e-05 2.453945902746804413e-05 4.243822811154612757e-05 4.381467468987150114e-05 4.479785963687418104e-05
4.632915814405347911e-05 4.537872667089460499e-05 4.456683965510176116e-05 4.386549073665273104e-05 4.324814438128346224e-05 4.275007764228061442e-05 4.318936779838658465e-05 1.877649987242615084e-05 6.204304957626806036e-05 6.709657239107667099e-05 6.754502544877954940e-05 6.699670482455182484e-05 6.111480578767417265e-05 6.115158700510454264e-05 5.730424673844595785e-05 5.446120953917785786e-05 5.225673419340578769e-05 4.622821751648045259e-05 4.765682031517087206e-05 5.084261711253013619e-05 5.296028705181837851e-05 5.555797882883358938e-05 6.217455388333458801e-05 6.804290793288597520e-05 6.339674057253424661e-05 6.809497885931005716e-05 6.168617995882321207e-05 5.713975420439916595e-05 5.366130333507808435e-05 5.091037146916246284e-05 4.695881899827199219e-05 4.805499416390851563e-05 2.608294603881776129e-05 2.120977661237300881e-05 4.510039591852378063e-05 4.512308671718830898e-05 4.510908983101994665e-05
4.051078387835589900e-05 3.989084670686331288e-05 3.933649545613772316e-05 3.882697454189115249e-05 3.835928104180438803e-05 3.802040496593355433e-05 3.871761927775767737e-05 1.936429184894295467e-05 6.866497547207111164e-05 6.114374790215902102e-05 6.027922471078238115e-05 5.654619767235824918e-05 5.676889000986423792e-05 5.403656296382117208e-05 5.183274650722528572e-05 5.002226009679507058e-05 4.471148286636174903e-05 4.600594055249970538e-05 4.884335459856485286e-05 5.067405494405407027e-05 5.285276075926531819e-05 5.813375234255355206e-05 6.225301060580169332e-05 6.825019122546388171e-05 7.009195951328400244e-05 5.743279320045474910e-05 6.174679732011906848e-05 5.721586875350489869e-05 5.382630017465299968e-05 5.121878347572016968e-05 4.914774720740232479e-05 4.657985340125535929e-05 2.004808047535058775e-05 6.680630210161555757e-05 4.312401317293083403e-05 4.423622183234843767e-05 4.498415273012992957e-05
4.728529107332989345e-05 4.610220588131744692e-05 4.504239337926239884e-05 4.403560872390973989e-05 4.296498009966625176e-05 4.170913400675145213e-05 4.077887301926948758e-05 1.694598631192918164e-05 6.042209956266719121e-05 5.341473823836768807e-05 5.265065350693265639e-05 5.363474020294933071e-05 5.154864654448243694e-05 4.970993870753112755e-05 4.814753483888589881e-05 4.338639844143149461e-05 4.454656411347017301e-05 4.708603988922518589e-05 4.869513769633476290e-05 5.057625722204698470e-05 5.498850251102495437e-05 5.819114332858688597e-05 6.241703073004019851e-05 6.854769677355492961e-05 6.991702168553794270e-05 6.299229405890672357e-05 5.339953295961698547e-05 5.727144853976082217e-05 5.396185379257562080e-05 5.150649116738664724e-05 4.962952008917452193e-05 4.861645183095488339e-05 2.027784894776383213e-05 4.369457874236362216e-05 4.336922831637766952e-05 4.410111425109751172e-05 4.496515729188475851e-05
4.866062155172154794e-05 4.738654718133166100e-05 4.634212871678490233e-05 4.554016132915435526e-05 4.504235773801627308e-05 4.508053128745479431e-05 4.351844664596880543e-05 7.009408132232571476e-05 1.726666521164908083e-05 5.167065772773205191e-05 5.284324669175661734e-05 5.015012385347098964e-05 4.818551039987189658e-05 4.666735575138397093e-05 4.228604886585357820e-05 4.328130784127506218e-05 4.553777918921489420e-05 4.695136825089593445e-05 4.859874792140903466e-05 5.238792147380745340e-05 5.502540431642074587e-05 5.832134522154384232e-05 6.264965363317369839e-05 6.890615497237945967e-05 6.973361771077501840e-05 6.283620274391885476e-05 5.804738294687783684e-05 5.041425960885868418e-05 5.398532232988079616e-05 5.169134450742358917e-05 5.006631847954533948e-05 4.924113479463895678e-05 2.018801629066487946e-05 4.315690610340937685e-05 4.330883377843277010e-05 4.411638458729038838e-05 4.504936899726974639e-05
5.027170811468932191e-05 4.879248308218283399e-05 4.754880799850012460e-05 4.651078935327184686e-05 4.563719039142750120e-05 4.487373960671260734e-05 4.418029141279092558e-05 4.431297923274373217e-05 1.930043260007493488e-05 5.446160975488712478e-05 4.987066919425422502e-05 4.705884364142541825e-05 4.557098683516134304e-05 4.144497312510468591e-05 4.223174407936801502e-05 4.419669797202492535e-05 4.541317659345148476e-05 4.685281811493597650e-05 5.015828202038401858e-05 5.240672372420763077e-05 5.513177046718322860e-05 5.852063099815219579e-05 6.294574656699721612e-05 6.932072754965822178e-05 6.956171549985109247e-05 6.268636811457338563e-05 5.787130057516371226e-05 5.425820185876881007e-05 4.809320715048402391e-05 5.161894537041624022e-05 5.041705393739385311e-05 5.002361043266369148e-05 2.020884589490939934e-05 4.304017478516147701e-05 4.336063997473223023e-05 4.426722132485972673e-05 4.524128135193228745e-05
5.217207642180960987e-05 5.044625964568138398e-05 4.896511873573270183e-05 4.765909422437484953e-05 4.643627839584020170e-05 4.515266207136414017e-05 4.365052521848309563e-05 4.245115990890841834e-05 1.730771813195925224e-05 5.236338912269712431e-05 4.428847619388008409e-05 4.466164071614146992e-05 4.090365101710614752e-05 4.139416201145055076e-05 4.305178911454816515e-05 4.406637463159170716e-05 4.530658247291877746e-05 4.820868265388467025e-05 5.016081294978230813e-05 5.249744445471171136e-05 5.531942262122826597e-05 5.880185282509960398e-05 6.331087335164592802e-05 6.979962833896016783e-05 6.941091135567125541e-05 6.256099260793318247e-05 5.769941393263799403e-05 5.399473933520990745e-05 5.117358512283907588e-05 4.617766801978598069e-05 5.014705045711566475e-05 5.145791301822174847e-05 2.051230578766475063e-05 4.309815513078104379e-05 4.361463205573939782e-05 4.461249468848005209e-05 4.665925983574698894e-05
5.446040551175827040e-05 5.252574465136528503e-05 5.090097404454368215e-05 4.955101611656645584e-05 4.846335461121182751e-05 4.766993048594465632e-05 4.736341049170982422e-05 4.525464853560853465e-05 7.010916917149892828e-05 1.828221869856965244e-05 4.697833157040104851e-05 4.145134256629647625e-05 4.071046202159406008e-05 4.201475988511795158e-05 4.286419760502339677e-05 4.393143834350662387e-05 4.648565096697358274e-05 4.818943606095916034e-05 5.023461175808605663e-05 5.268135499883092211e-05 5.563217506314495505e-05 5.920261067763006645e-05 6.374003354177593388e-05 7.039151149239337307e-05 6.929997221113068091e-05 6.249031576924360442e-05 5.759597514626874651e-05 5.379548151575515460e-05 5.075537601039163021e-05 4.831381146171886054e-05 4.415128525347000591e-05 5.136254309420740341e-05 2.142603773147881428e-05 4.337169626852418862e-05 4.434336511887754093e-05 4.622635780472677283e-05 4.697495360747004905e-05
6.365681870194789857e-05 6.008411839467779918e-05 5.733850271262364376e-05 5.516507889337880685e-05 5.342441497674560897e-05 5.197753071266753185e-05 5.061767571974576889e-05 4.900415249567278742e-05 4.710496980997337099e-05 1.838002612532353355e-05 4.561694854273447535e-05 3.955166557071694279e-05 4.097236718209544521e-05 4.181503302520083842e-05 4.281033901199557125e-05 4.502261293126425256e-05 4.648843277391343236e-05 4.826553068031958648e-05 5.042357294380698282e-05 5.297839165460026473e-05 5.626440019394319208e-05 5.975566504103188066e-05 6.405642682289163067e-05 7.141844541317849434e-05 6.926318807908934841e-05 6.250730627687583953e-05 5.761825264970571811e-05 5.379191672629267596e-05 5.064141316261601601e-05 4.773889604419762387e-05 4.430891002369804989e-05 4.035266492287034704e-05 1.966161293424323699e-05 4.565772420087648646e-05 4.698052997716326392e-05 4.660759546555921529e-05 4.710317246358605497e-05
3.878566833092968348e-05 3.810937759257998947e-05 3.758010089771990321e-05 3.720512310416697701e-05 3.699671310406324909e-05 3.698168343612627903e-05 3.722949117223381800e-05 3.800588370887597307e-05 3.719631095622857468e-05 7.133319846992944530e-05 1.711943741770834363e-05 2.843087066017692724e-05 2.857081730062444177e-05 2.963864986387395293e-05 3.128932134240589578e-05 3.337195074246931324e-05 3.618076804876980241e-05 4.005755589718808999e-05 4.575363443851928534e-05 5.453242397972600096e-05 5.775011334656700334e-05 6.017431200539109738e-05 6.896251957444624666e-05 6.739669016929702809e-05 6.934535799779977460e-05 6.263057678018135710e-05 5.778280754678956024e-05 5.401653087409578105e-05 5.098461395228178026e-05 4.842892911479557583e-05 4.666127255984230316e-05 1.819425986313248633e-05 6.872637663507198582e-05 4.522774859320791548e-05 4.605099918668431396e-05 4.642711414656425185e-05 4.701214955360196823e-05
5.886059189980847234e-05 5.628056402937111751e-05 5.416065907284561869e-05 5.242214586566745240e-05 5.101546342183829654e-05 4.990142662500112315e-05 4.903534990043135637e-05 4.835147164637739484e-05 4.775346724509101532e-05 4.759713140215643401e-05 1.919338355880454046e-05 5.139922516971012794e-05 5.251779599696601228e-05 5.433628142065720026e-05 5.645284230255288854e-05 5.912218233928515104e-05 6.283140092628507287e-05 6.819888069714051342e-05 6.856008669576297589e-05 5.461653988172897664e-05 5.705415033303536039e-05 6.337015042735888112e-05 6.902691987764780800e-05 6.424250314988106563e-05 6.949493951757236500e-05 6.284715578523490795e-05 5.806095520767575705e-05 5.437979475365815028e-05 5.148823295830040847e-05 4.919558266926539502e-05 4.793537034320768725e-05 1.936266347969942253e-05 4.601896710459133432e-05 4.553258115885158968e-05 4.588261730487765762e-05 4.623289502421446505e-05 4.804262868288937638e-05
6.187388161699281072e-05 5.856166767595823326e-05 5.588174850592591024e-05 5.367599146111467486e-05 5.184449769753268224e-05 5.032127175519224407e-05 4.904718987517212394e-05 4.795283216089026295e-05 4.701344102644783638e-05 4.691667377666528237e-05 1.886777753758699653e-05 5.401609331203573010e-05 5.578832701523134274e-05 5.889027033093508016e-05 6.281302762318203138e-05 6.822317585471722261e-05 6.832309223831411690e-05 6.254329304322716319e-05 5.226118655532403833e-05 5.418028847835416672e-05 5.927141644029772113e-05 6.319442054579236840e-05 6.904674342859741271e-05 6.144156900722256176e-05 6.975135301809802014e-05 6.315942251721215874e-05 5.842652118259911186e-05 5.481021585830542453e-05 5.200151681163523424e-05 4.980497392433602124e-05 4.860479029016011993e-05 1.973201171947119848e-05 4.594101944690744913e-05 4.573725981951447429e-05 4.579866150453275499e-05 4.706161364164943879e-05 4.770089468398868609e-05
7.052056916129498070e-05 6.492092811015658094e-05 6.081011463690692332e-05 5.755628096079402076e-05 5.490302092913043055e-05 5.270694378219823952e-05 5.086035903979658227e-05 4.928010982446505607e-05 4.794420797940477611e-05 4.754652953649656286e-05 1.935668952047096873e-05 6.265462260241908335e-05 6.773013828112434782e-05 6.813715891056459982e-05 6.751428567873822475e-05 6.185422535633013520e-05 5.827338281897384337e-05 4.994203351595668334e-05 5.171666932058847314e-05 5.595673199109535943e-05 5.899406744861105924e-05 6.307029024563291146e-05 6.910359494560598345e-05 5.877230443288901244e-05 7.025297731286429424e-05 6.358906714427248641e-05 5.887792855693673697e-05 5.528947986526164753e-05 5.251250301624730215e-05 5.032817161180718596e-05 4.905471865139392261e-05 2.005714268583030186e-05 4.671658655341491307e-05 4.607985148764850769e-05 4.653138018001596004e-05 4.655322040854232852e-05 4.862189910911944639e-05
