output_new_topo_ddd_5/finaltopo_soil__depth.asc
ncols 300
nrows 100
xllcorner 0.0
yllcorner 0.0
cellsize 10.0
[rows 51 to 67 of 100, columns 111 to 147 of 300]
3.685230802645788478e-02 3.769725607396057221e-02 4.762427206270520436e-02 4.782829280138605615e-02 4.813401166392713981e-02 4.828880699934220977e-02 5.455634004534984371e-02 6.676541700840617211e-02 6.202297403418331051e-02 5.688384486417650404e-02 5.100004491375398352e-02 4.387494824989449094e-02 3.462019311590555648e-02 3.752707748316336939e-02 4.682842147041919867e-02 5.388366095786251142e-02 5.956979328417083552e-02 6.426663500238764815e-02 6.818267501478438020e-02 7.078557018153183722e-02 1.413197906858816577e-01 3.136307296108556408e-02 1.002519391230105861e-01 4.592055166258871002e-02 1.138169797402365790e-01 3.656576993837886563e-02 9.792947187228924488e-02 3.526063024617021729e-02 3.806256070937857200e-02 4.782976862346377533e-02 5.468410628806128632e-02 5.815711686108934741e-02 5.787510885364980512e-02 1.562637943277505326e-01 1.101147918007509968e-01 8.613792540824020960e-02 8.380266654540644011e-02
4.630606066915046726e-02 5.475473614755682616e-02 5.574381665869276858e-02 5.623284085742089045e-02 5.657153190619827049e-02 6.171453865285651125e-02 7.175863303311905139e-02 6.713106529241805176e-02 6.225363746495343742e-02 5.690622522523208771e-02 5.079131627542893268e-02 4.339215146053837513e-02 3.359304621417771169e-02 3.741569290140087101e-02 4.666837095416520587e-02 5.372093436537198063e-02 5.940489825636346283e-02 6.407906983366923326e-02 6.795785739841056494e-02 7.054860158821167626e-02 1.406556124007862507e-01 3.630859780317183261e-02 1.005661233884113381e-01 4.804444755138817524e-02 1.126698894511104082e-01 3.622842889678647843e-02 9.756870765851601013e-02 3.480479836085617618e-02 3.808685643726810593e-02 4.838938054862490512e-02 5.636487604857501332e-02 6.174982681111933908e-02 5.567688297459816305e-02 1.465872397440164121e-01 4.120861465854517430e-02 4.213176993922300440e-02 4.231470866837625661e-02
1.126515442053716010e-01 1.143363203673739004e-01 1.138337508727950420e-01 1.124343208283320322e-01 1.103644357532312104e-01 1.069120312622944269e-01 9.976310012419913054e-02 9.106880388506743973e-02 8.122906300550200576e-02 6.994853324947730711e-02 5.698631678281203261e-02 4.207260142256030733e-02 3.099365540845182634e-02 3.716305295992730628e-02 4.651794812770906201e-02 5.361237497283365822e-02 5.932113604094270409e-02 6.397086587291511695e-02 6.773387003168306053e-02 7.022603402541743867e-02 1.395103092093335773e-01 4.045152070167432057e-02 1.013497713723279792e-01 4.981986968029105539e-02 1.120009422729776188e-01 3.597632000658120693e-02 9.684212709270906272e-02 3.430284006453532958e-02 3.789021180932443389e-02 4.841894940475738318e-02 5.728619206058348928e-02 6.665729199092694512e-02 7.414168696683957893e-02 1.668952655620178360e-01 8.980555277118140722e-02 8.833200543832811502e-02 8.433820807241526607e-02
7.453585424300061824e-02 7.353342211275208651e-02 7.225034833211438356e-02 7.058774251578908698e-02 6.847407786269654739e-02 6.588800939024708203e-02 6.280462375923082097e-02 5.911598732532320766e-02 5.476555192321676258e-02 4.958115092727096579e-02 4.319930870365190634e-02 3.471977428921961539e-02 3.127315701326163072e-02 4.317645866155111339e-02 4.658848827898010719e-02 5.358784411031028427e-02 5.931203087616046532e-02 6.396560826125995136e-02 6.760825954947238814e-02 6.940635522035960847e-02 1.365000185025807278e-01 4.472764544737194148e-02 1.026403838991098993e-01 5.101956824963198994e-02 1.114094849338335413e-01 3.564067764351858819e-02 9.557406560471959356e-02 3.389449767998276714e-02 3.744301699884339946e-02 4.765423332208079676e-02 5.561067783314017909e-02 6.115710498365103942e-02 1.690506681101541508e-01 6.653752937608230222e-02 6.484680346762501657e-02 6.281920145405138489e-02 5.902072644608059859e-02
7.536615442871529014e-02 7.364116059673524173e-02 7.164724389227709878e-02 6.931657421103869232e-02 6.654789782231640416e-02 6.328724620384117150e-02 5.949919806394772526e-02 5.511541226613658750e-02 5.001050115550381703e-02 4.393366209363230857e-02 3.636500791336048227e-02 3.393014177635149398e-02 3.076314094888218942e-02 4.174526045044359840e-02 5.663840586864329896e-02 6.782898551613650295e-02 7.816372019858416897e-02 8.736448882935438087e-02 9.517300181967650041e-02 9.998021179950430937e-02 1.584008712126907525e-01 5.110042561939449890e-02 1.044522684169338494e-01 5.563841818871478190e-02 1.101564096457672837e-01 3.464542623497870316e-02 1.083929767535776190e-01 3.130555782007232030e-02 3.677094121862855419e-02 4.668583941333896703e-02 5.394439684079306574e-02 5.819785789905112389e-02 1.607102332801737532e-01 4.136588542117961009e-02 4.182990346177968555e-02 4.148657577787120271e-02 4.116660886710718503e-02
8.160466143581618370e-02 7.975782737547260082e-02 7.765516146115095109e-02 7.532997466666811748e-02 7.270244549161705705e-02 6.972190137421215017e-02 6.636091525951372250e-02 6.257468468914265114e-02 5.826166895909680454e-02 5.322937143017823086e-02 4.705068734993742008e-02 3.458742409204972751e-02 3.046748728913832582e-02 4.049237232761736249e-02 4.829171657024391995e-02 5.439874892282114960e-02 5.924719759234688132e-02 6.306669575321439958e-02 6.601335150177982392e-02 6.818975429317168657e-02 6.894934788153518623e-02 1.494994497828881219e-01 1.057090407934271614e-01 3.381247595497675895e-02 1.115589947373594182e-01 1.047494405101927345e-01 3.351767954695122204e-02 3.200568745348886940e-02 4.312697678304183713e-02 4.591212572587430318e-02 5.286429204798512999e-02 5.692037892506636443e-02 1.602345992418269249e-01 5.022379415031263256e-02 5.115498897082317031e-02 5.091379333411490127e-02 5.046151524102249208e-02
8.194586899760888943e-02 7.886974673973387584e-02 7.610618631106667864e-02 7.335167714259190064e-02 7.037737982532334124e-02 6.707135360886244679e-02 6.337723402184662624e-02 5.923018410966281178e-02 5.451379002489895043e-02 4.902374984060429292e-02 4.240014437239073009e-02 3.398026934982411457e-02 3.064747606978786287e-02 4.019702539186548879e-02 4.785387041314290157e-02 5.384183863823608501e-02 5.861469595680143807e-02 6.237255472495199099e-02 6.518669823085740389e-02 6.701874758504727803e-02 6.761174928215250846e-02 6.978397191826071766e-02 1.430580667524873617e-01 3.116903367593845328e-02 1.181181760967618538e-01 3.583834608001897071e-02 3.428215429244210050e-02 3.247514626835450169e-02 4.292625257853073528e-02 5.072565175628204748e-02 5.217282393328633028e-02 5.626462638007623251e-02 1.605949091727431610e-01 5.609788952577279830e-02 5.730867806012332477e-02 5.726045218055098029e-02 5.688148393486208015e-02
7.753414820490045489e-02 7.674584037545860438e-02 7.511869560189531059e-02 7.290148306780554199e-02 7.018193659534435747e-02 6.700599107963428613e-02 6.338764432156994422e-02 5.928825301477540916e-02 5.459698422937547813e-02 4.910221805446936955e-02 4.240935120862341506e-02 3.374221701606381491e-02 3.133298464791525739e-02 3.991149117595445966e-02 4.769914436415596121e-02 5.374962352965034079e-02 5.863371291318647538e-02 6.260787964341084366e-02 6.579425681811487681e-02 6.816056797604808093e-02 7.537603211096118028e-02 3.951328157845905575e-02 1.368186885252244966e-01 2.946414088078385188e-02 1.170993074910709197e-01 4.283533862635829220e-02 3.438410599846630777e-02 3.260669221271731560e-02 4.275317445244525283e-02 5.027030665527452286e-02 5.607014014569675769e-02 5.580272869183116463e-02 1.604488133172621567e-01 6.025508323746708167e-02 6.176536615871091457e-02 6.204602036643384194e-02 6.602058395787986644e-02
7.834977250818300765e-02 7.687328873753095093e-02 7.502765891672355525e-02 7.276202959279901017e-02 7.006189855222232088e-02 6.693691373032949199e-02 6.338147926564298429e-02 5.934119414872188192e-02 5.469165136690160717e-02 4.920293903417453235e-02 4.242849215351780084e-02 3.335057691083307546e-02 3.249701421316189554e-02 4.303799772380505900e-02 3.931391996051635668e-02 4.027588550554150187e-02 4.086941320232818226e-02 4.123862070007219827e-02 4.140378256827190184e-02 4.116681908583887106e-02 4.069775696695708544e-02 7.296190106525006491e-02 1.369820575425754750e-01 2.836089055263773737e-02 1.172747314746333536e-01 4.300126108620074689e-02 3.432986091272426793e-02 3.268847302367172691e-02 4.266133484887511124e-02 4.991848092464806763e-02 5.542423995494163980e-02 5.872016975408694828e-02 1.596782350331704403e-01 6.310461909041727158e-02 6.527398677256238124e-02 6.982903416498587035e-02 7.305053069006339772e-02
7.733454040723856948e-02 7.501052401883512299e-02 7.267177935515953258e-02 7.007329776276058353e-02 6.710575371400492872e-02 6.372368700071472103e-02 5.987587040939752747e-02 5.546064273536193551e-02 5.030180076514134679e-02 4.409646322945520724e-02 3.625529203534975931e-02 3.282190833787616835e-02 3.256829657673853545e-02 4.240035143340256663e-02 5.635653358592106893e-02 6.459436027561597793e-02 7.120146988800368781e-02 7.657630505898728457e-02 8.088887416004211794e-02 8.409679461410769774e-02 8.563829602355259307e-02 8.601343780081710522e-02 1.395165076343740373e-01 2.816947138516830498e-02 1.174882776283261987e-01 4.302691095425323353e-02 3.408528603113727268e-02 3.289670774088329641e-02 4.278653076800955496e-02 4.977218453564353356e-02 5.489706981102357441e-02 5.785718671179505140e-02 1.567293321039587850e-01 6.410140998821857450e-02 7.255166425024257848e-02 7.631761575721310309e-02 7.333669638152055803e-02
7.923986305543312403e-02 7.830067740164582679e-02 7.677880989862646832e-02 7.478247888787166453e-02 7.237348720217855191e-02 6.958137459320588858e-02 6.638514187323640847e-02 6.269818021366031779e-02 5.835764043910508792e-02 5.307524868573559179e-02 4.627259001736143407e-02 3.298210331054429040e-02 3.205145409320336869e-02 4.569001367061611973e-02 5.315069345230147985e-02 5.880895735364847360e-02 6.347359139014503715e-02 6.740554301316352415e-02 7.073238231521725150e-02 7.354063357569370907e-02 7.587143500982046485e-02 7.769018969965241217e-02 1.408622344734903054e-01 3.495222282253138135e-02 1.169051069604531978e-01 4.314025496087636052e-02 3.333510383101508795e-02 3.336173807479751729e-02 4.330493235664045065e-02 5.008304114746604807e-02 5.452318802962383137e-02 5.696702069498656151e-02 1.568278377445146421e-01 1.109935110564932298e-01 1.105405481182411553e-01 1.070050531067895244e-01 1.010139083296346940e-01
7.570671881735624442e-02 7.421426724109012052e-02 7.224604363917716543e-02 6.982842153078108738e-02 6.699638430551142776e-02 6.375406131992791825e-02 6.003689237408355028e-02 5.569097333311127246e-02 5.052842530954692463e-02 4.418637935853328425e-02 3.583851561944770281e-02 3.244501747689104015e-02 3.343493314670308025e-02 3.664178542557335744e-02 3.813103854687491245e-02 4.598679264334011585e-02 5.228503388093096865e-02 5.755300700022051436e-02 6.211895116523244442e-02 6.628164831766607257e-02 7.042824584249705866e-02 7.404342942546593420e-02 1.625821526128784500e-01 4.391347303832792565e-02 1.326197520120938889e-01 4.075285107275841701e-02 3.114381568328673799e-02 3.410447135853973688e-02 4.425957780879077874e-02 5.133729709726687906e-02 5.490605233879258806e-02 5.511991143406361898e-02 1.560667494262615584e-01 6.482005222930896371e-02 6.192736272632548555e-02 5.806579784787300330e-02 5.342173006719844186e-02
7.474084055936952575e-02 7.255049465691894295e-02 7.003071753757993123e-02 6.717717757852528782e-02 6.399039514157146835e-02 6.043294472534321837e-02 5.635938574568945258e-02 5.128484745377828724e-02 4.515866206857623716e-02 3.740870755505542461e-02 4.170990373825249342e-02 3.351475166464319699e-02 3.237424142496599100e-02 4.633783519676986512e-02 5.649515796165725107e-02 6.197463131084712806e-02 6.645502069711653470e-02 7.012363158149370612e-02 7.322408281468782698e-02 7.574241861880677551e-02 7.747478710979056882e-02 7.777808034430346018e-02 7.494923806735920291e-02 1.460466416357451835e-01 3.347289089677703972e-02 3.964535638152095337e-02 3.102349918619438235e-02 3.487146497877535029e-02 4.527639703281971517e-02 5.338109484857411074e-02 5.888854099354471489e-02 5.228374758966825020e-02 1.462466556278773921e-01 4.032019411536803821e-02 4.105229280992758745e-02 4.164196986142104651e-02 4.181956134760778793e-02
6.775758625272952640e-02 6.420079508885598307e-02 6.036592316734721436e-02 5.611563056710464764e-02 5.126805529355688007e-02 4.548491996764136847e-02 3.804770682230738943e-02 3.838532222872338695e-02 3.883873625894390669e-02 5.044785237934184402e-02 4.333490925119724835e-02 3.439458295943299132e-02 3.327013504366516800e-02 3.677783604210991403e-02 3.797156352294028814e-02 4.550391821987137542e-02 5.200220211555870581e-02 5.688890665682885817e-02 6.134626824093636355e-02 6.521310356136035546e-02 6.844982320754282312e-02 7.112158939438122107e-02 7.268894348840153341e-02 1.521925737671475654e-01 4.544925354132737377e-02 3.951998020793547756e-02 3.056792474008731761e-02 3.526159349328621823e-02 4.563820195217175441e-02 5.453089190904025080e-02 6.409337250616976844e-02 7.087240170720242316e-02 1.661313236500895352e-01 9.497303566141057640e-02 9.482295977328518422e-02 9.229063697220853124e-02 8.914708613877804499e-02
3.820824832121318126e-02 3.866479646831158523e-02 3.900931627187671780e-02 3.934624663449529797e-02 3.968317659157476890e-02 4.002723827394296524e-02 4.872443818327071297e-02 4.812540823855535749e-02 5.751679173626016855e-02 5.133898276704922797e-02 4.400918544387540793e-02 3.470016843122231132e-02 3.301104100838576916e-02 4.110714407965049277e-02 5.163209835699522632e-02 6.116695601119415127e-02 4.162568001990268884e-02 4.014891584151689119e-02 4.081681048072534346e-02 4.129757497226858171e-02 4.141579933799913182e-02 4.095251777170384050e-02 3.962418766068471349e-02 1.471012133760786211e-01 4.509834616629350423e-02 3.951820487562615614e-02 2.957761781980354499e-02 3.501954192584762204e-02 4.503200552164238202e-02 5.285613419010372349e-02 5.836815402019106952e-02 1.674161676248611119e-01 7.374869482525266140e-02 7.354020396077123878e-02 7.405081162994436861e-02 7.301518398809452026e-02 7.095037886439010955e-02
4.899382187183042026e-02 4.966967921526291296e-02 5.000570769840111812e-02 5.017572312591087047e-02 5.040338320770705594e-02 5.650229249177000229e-02 5.606200048134393765e-02 6.341545381768048939e-02 5.773082556691101763e-02 5.141698940329798850e-02 4.390434296006760079e-02 3.436374072775241068e-02 3.336425561775169940e-02 4.296075997412870245e-02 3.748918732564465034e-02 3.925319856052020273e-02 6.576931424681677074e-02 7.298636221149550074e-02 7.874918873239238060e-02 8.337830875207948023e-02 8.696269423392422038e-02 8.929886425875784017e-02 8.934360002425027758e-02 1.536340842185462130e-01 4.512353181142451236e-02 3.296858316496991542e-02 3.003851777967933567e-02 4.140898091293671035e-02 4.419705257326337483e-02 5.127056248220014656e-02 5.529006379525776282e-02 1.582687233793107495e-01 4.006590057345922606e-02 7.538381357153389750e-02 7.034505008501053258e-02 6.851402738087795929e-02 6.561096857761226919e-02
1.066304310083803220e-01 1.059163961526486397e-01 1.043302571636181980e-01 1.021171195967833234e-01 9.932620899505188727e-02 9.505012426450418217e-02 8.955073930430294815e-02 8.036354582462965079e-02 6.953798117637786935e-02 5.730878176753832071e-02 4.284179830304501307e-02 3.258810877798045541e-02 3.341590053433568519e-02 4.330041341780768716e-02 5.112138345116823412e-02 4.787997954107833104e-02 4.043856716333302931e-02 4.027429109502608795e-02 3.867171850297931868e-02 4.759066945315587605e-02 5.415502491189026074e-02 5.957214877873751036e-02 6.320635255952324061e-02 1.534441630624074904e-01 3.996196968630042617e-02 3.272753264615364116e-02 3.612098527280307309e-02 3.426927489499547591e-02 4.870529241942123111e-02 5.018859408868926730e-02 5.448142519708847747e-02 1.636104269535747502e-01 8.964710146544280223e-02 7.543416764830580823e-02 7.141930804966080404e-02 6.749630383309586368e-02 6.319708091101296221e-02
