output_new_topo_ddd_5/finaltopo_drainage_area.asc
ncols 300
nrows 100
xllcorner 0.0
yllcorner 0.0
cellsize 10.0
[rows 68 to 84 of 100, columns 185 to 221 of 300]
3.000000000000000000e+02 2.000000000000000000e+02 3.000000000000000000e+02 4.000000000000000000e+02 7.000000000000000000e+02 1.810000000000000000e+04 1.200000000000000000e+03 1.000000000000000000e+03 9.000000000000000000e+02 1.000000000000000000e+03 8.000000000000000000e+02 7.000000000000000000e+02 8.000000000000000000e+02 6.000000000000000000e+02 5.000000000000000000e+02 4.000000000000000000e+02 2.000000000000000000e+02 1.000000000000000000e+02 3.000000000000000000e+02 6.000000000000000000e+02 4.000000000000000000e+02 3.000000000000000000e+02 2.000000000000000000e+02 1.000000000000000000e+02 5.000000000000000000e+02 1.000000000000000000e+02 2.000000000000000000e+02 3.000000000000000000e+02 4.000000000000000000e+02 5.000000000000000000e+02 1.000000000000000000e+02 1.000000000000000000e+02 1.100000000000000000e+03 1.000000000000000000e+02 2.000000000000000000e+02 1.300000000000000000e+03 1.000000000000000000e+02
2.000000000000000000e+02 4.000000000000000000e+02 3.000000000000000000e+02 4.000000000000000000e+02 5.000000000000000000e+02 2.010000000000000000e+04 1.100000000000000000e+03 1.000000000000000000e+03 1.100000000000000000e+03 9.000000000000000000e+02 8.000000000000000000e+02 9.000000000000000000e+02 7.000000000000000000e+02 6.000000000000000000e+02 5.000000000000000000e+02 3.000000000000000000e+02 2.000000000000000000e+02 1.000000000000000000e+02 4.000000000000000000e+02 7.000000000000000000e+02 5.000000000000000000e+02 4.000000000000000000e+02 3.000000000000000000e+02 2.000000000000000000e+02 1.000000000000000000e+02 6.000000000000000000e+02 1.000000000000000000e+02 2.000000000000000000e+02 3.000000000000000000e+02 4.000000000000000000e+02 5.000000000000000000e+02 9.000000000000000000e+02 1.000000000000000000e+02 2.000000000000000000e+02 1.000000000000000000e+03 1.000000000000000000e+02 1.000000000000000000e+03
2.000000000000000000e+02 3.000000000000000000e+02 5.000000000000000000e+02 4.000000000000000000e+02 5.000000000000000000e+02 2.180000000000000000e+04 1.100000000000000000e+03 1.200000000000000000e+03 1.000000000000000000e+03 9.000000000000000000e+02 1.000000000000000000e+03 8.000000000000000000e+02 7.000000000000000000e+02 6.000000000000000000e+02 4.000000000000000000e+02 3.000000000000000000e+02 2.000000000000000000e+02 1.000000000000000000e+02 5.000000000000000000e+02 8.000000000000000000e+02 6.000000000000000000e+02 5.000000000000000000e+02 4.000000000000000000e+02 3.000000000000000000e+02 2.000000000000000000e+02 1.000000000000000000e+02 7.000000000000000000e+02 1.000000000000000000e+02 1.000000000000000000e+02 2.000000000000000000e+02 3.000000000000000000e+02 1.000000000000000000e+02 2.000000000000000000e+02 7.000000000000000000e+02 1.000000000000000000e+02 8.000000000000000000e+02 1.000000000000000000e+02
2.000000000000000000e+02 3.000000000000000000e+02 4.000000000000000000e+02 6.000000000000000000e+02 5.000000000000000000e+02 2.350000000000000000e+04 1.300000000000000000e+03 1.100000000000000000e+03 1.000000000000000000e+03 1.100000000000000000e+03 9.000000000000000000e+02 8.000000000000000000e+02 7.000000000000000000e+02 5.000000000000000000e+02 4.000000000000000000e+02 3.000000000000000000e+02 2.000000000000000000e+02 1.000000000000000000e+02 6.000000000000000000e+02 9.000000000000000000e+02 7.000000000000000000e+02 6.000000000000000000e+02 5.000000000000000000e+02 4.000000000000000000e+02 3.000000000000000000e+02 2.000000000000000000e+02 1.000000000000000000e+02 8.000000000000000000e+02 2.000000000000000000e+02 1.000000000000000000e+02 2.000000000000000000e+02 3.000000000000000000e+02 4.000000000000000000e+02 1.000000000000000000e+02 6.000000000000000000e+02 1.000000000000000000e+02 7.000000000000000000e+02
3.000000000000000000e+02 3.000000000000000000e+02 4.000000000000000000e+02 5.000000000000000000e+02 7.000000000000000000e+02 2.540000000000000000e+04 1.200000000000000000e+03 1.100000000000000000e+03 1.200000000000000000e+03 1.000000000000000000e+03 9.000000000000000000e+02 8.000000000000000000e+02 6.000000000000000000e+02 5.000000000000000000e+02 4.000000000000000000e+02 3.000000000000000000e+02 1.000000000000000000e+02 2.000000000000000000e+02 7.000000000000000000e+02 1.000000000000000000e+03 8.000000000000000000e+02 7.000000000000000000e+02 6.000000000000000000e+02 5.000000000000000000e+02 4.000000000000000000e+02 3.000000000000000000e+02 2.000000000000000000e+02 1.000000000000000000e+02 9.000000000000000000e+02 3.000000000000000000e+02 1.000000000000000000e+02 2.000000000000000000e+02 3.000000000000000000e+02 4.000000000000000000e+02 1.000000000000000000e+02 5.000000000000000000e+02 1.000000000000000000e+02
3.000000000000000000e+02 4.000000000000000000e+02 4.000000000000000000e+02 5.000000000000000000e+02 6.000000000000000000e+02 2.740000000000000000e+04 1.200000000000000000e+03 1.300000000000000000e+03 1.100000000000000000e+03 1.000000000000000000e+03 9.000000000000000000e+02 7.000000000000000000e+02 6.000000000000000000e+02 5.000000000000000000e+02 4.000000000000000000e+02 2.000000000000000000e+02 1.000000000000000000e+02 3.000000000000000000e+02 8.000000000000000000e+02 1.100000000000000000e+03 9.000000000000000000e+02 8.000000000000000000e+02 7.000000000000000000e+02 6.000000000000000000e+02 5.000000000000000000e+02 4.000000000000000000e+02 3.000000000000000000e+02 2.000000000000000000e+02 1.000000000000000000e+02 1.300000000000000000e+03 1.000000000000000000e+02 1.000000000000000000e+02 1.000000000000000000e+02 2.000000000000000000e+02 3.000000000000000000e+02 1.000000000000000000e+02 5.000000000000000000e+02
3.000000000000000000e+02 4.000000000000000000e+02 5.000000000000000000e+02 5.000000000000000000e+02 6.000000000000000000e+02 2.930000000000000000e+04 1.400000000000000000e+03 1.200000000000000000e+03 1.100000000000000000e+03 1.000000000000000000e+03 8.000000000000000000e+02 7.000000000000000000e+02 6.000000000000000000e+02 5.000000000000000000e+02 3.000000000000000000e+02 2.000000000000000000e+02 1.000000000000000000e+02 4.000000000000000000e+02 9.000000000000000000e+02 1.200000000000000000e+03 1.000000000000000000e+03 9.000000000000000000e+02 8.000000000000000000e+02 7.000000000000000000e+02 6.000000000000000000e+02 5.000000000000000000e+02 4.000000000000000000e+02 3.000000000000000000e+02 2.000000000000000000e+02 1.400000000000000000e+03 2.000000000000000000e+02 1.000000000000000000e+02 2.000000000000000000e+02 1.000000000000000000e+02 2.000000000000000000e+02 3.000000000000000000e+02 1.000000000000000000e+02
3.000000000000000000e+02 4.000000000000000000e+02 5.000000000000000000e+02 6.000000000000000000e+02 6.000000000000000000e+02 3.140000000000000000e+04 1.300000000000000000e+03 1.200000000000000000e+03 1.100000000000000000e+03 9.000000000000000000e+02 8.000000000000000000e+02 7.000000000000000000e+02 6.000000000000000000e+02 4.000000000000000000e+02 3.000000000000000000e+02 1.000000000000000000e+02 2.000000000000000000e+02 5.000000000000000000e+02 1.000000000000000000e+03 1.300000000000000000e+03 1.100000000000000000e+03 1.000000000000000000e+03 9.000000000000000000e+02 8.000000000000000000e+02 7.000000000000000000e+02 6.000000000000000000e+02 5.000000000000000000e+02 4.000000000000000000e+02 3.000000000000000000e+02 1.500000000000000000e+03 3.000000000000000000e+02 2.000000000000000000e+02 1.000000000000000000e+02 3.000000000000000000e+02 1.000000000000000000e+02 1.000000000000000000e+02 2.000000000000000000e+02
3.000000000000000000e+02 4.000000000000000000e+02 5.000000000000000000e+02 6.000000000000000000e+02 7.000000000000000000e+02 3.340000000000000000e+04 1.300000000000000000e+03 1.200000000000000000e+03 1.000000000000000000e+03 9.000000000000000000e+02 8.000000000000000000e+02 7.000000000000000000e+02 5.000000000000000000e+02 4.000000000000000000e+02 2.000000000000000000e+02 1.000000000000000000e+02 3.000000000000000000e+02 6.000000000000000000e+02 1.100000000000000000e+03 1.400000000000000000e+03 1.200000000000000000e+03 1.100000000000000000e+03 1.000000000000000000e+03 9.000000000000000000e+02 8.000000000000000000e+02 7.000000000000000000e+02 6.000000000000000000e+02 5.000000000000000000e+02 4.000000000000000000e+02 1.600000000000000000e+03 4.000000000000000000e+02 3.000000000000000000e+02 2.000000000000000000e+02 1.000000000000000000e+02 5.000000000000000000e+02 1.000000000000000000e+02 1.000000000000000000e+02
3.000000000000000000e+02 4.000000000000000000e+02 5.000000000000000000e+02 6.000000000000000000e+02 7.000000000000000000e+02 3.550000000000000000e+04 1.300000000000000000e+03 1.100000000000000000e+03 1.000000000000000000e+03 9.000000000000000000e+02 8.000000000000000000e+02 6.000000000000000000e+02 5.000000000000000000e+02 3.000000000000000000e+02 2.000000000000000000e+02 1.000000000000000000e+02 4.000000000000000000e+02 7.000000000000000000e+02 1.200000000000000000e+03 1.500000000000000000e+03 1.300000000000000000e+03 1.200000000000000000e+03 1.100000000000000000e+03 1.000000000000000000e+03 9.000000000000000000e+02 8.000000000000000000e+02 7.000000000000000000e+02 6.000000000000000000e+02 5.000000000000000000e+02 1.700000000000000000e+03 5.000000000000000000e+02 4.000000000000000000e+02 3.000000000000000000e+02 2.000000000000000000e+02 6.000000000000000000e+02 1.000000000000000000e+02 2.000000000000000000e+02
5.000000000000000000e+02 4.000000000000000000e+02 5.000000000000000000e+02 6.000000000000000000e+02 7.000000000000000000e+02 3.760000000000000000e+04 1.200000000000000000e+03 1.100000000000000000e+03 1.000000000000000000e+03 9.000000000000000000e+02 7.000000000000000000e+02 6.000000000000000000e+02 4.000000000000000000e+02 3.000000000000000000e+02 1.000000000000000000e+02 2.000000000000000000e+02 5.000000000000000000e+02 8.000000000000000000e+02 1.300000000000000000e+03 1.600000000000000000e+03 1.400000000000000000e+03 1.300000000000000000e+03 1.200000000000000000e+03 1.100000000000000000e+03 1.000000000000000000e+03 9.000000000000000000e+02 8.000000000000000000e+02 7.000000000000000000e+02 6.000000000000000000e+02 1.800000000000000000e+03 6.000000000000000000e+02 5.000000000000000000e+02 4.000000000000000000e+02 3.000000000000000000e+02 7.000000000000000000e+02 2.000000000000000000e+02 1.000000000000000000e+02
4.000000000000000000e+02 6.000000000000000000e+02 5.000000000000000000e+02 6.000000000000000000e+02 7.000000000000000000e+02 3.960000000000000000e+04 1.200000000000000000e+03 1.100000000000000000e+03 1.000000000000000000e+03 8.000000000000000000e+02 7.000000000000000000e+02 5.000000000000000000e+02 4.000000000000000000e+02 2.000000000000000000e+02 1.000000000000000000e+02 3.000000000000000000e+02 6.000000000000000000e+02 9.000000000000000000e+02 1.400000000000000000e+03 1.700000000000000000e+03 1.500000000000000000e+03 1.400000000000000000e+03 1.300000000000000000e+03 1.200000000000000000e+03 1.100000000000000000e+03 1.000000000000000000e+03 9.000000000000000000e+02 8.000000000000000000e+02 7.000000000000000000e+02 1.900000000000000000e+03 7.000000000000000000e+02 6.000000000000000000e+02 5.000000000000000000e+02 4.000000000000000000e+02 8.000000000000000000e+02 3.000000000000000000e+02 2.000000000000000000e+02
4.000000000000000000e+02 5.000000000000000000e+02 7.000000000000000000e+02 6.000000000000000000e+02 7.000000000000000000e+02 4.160000000000000000e+04 1.200000000000000000e+03 1.100000000000000000e+03 9.000000000000000000e+02 8.000000000000000000e+02 6.000000000000000000e+02 5.000000000000000000e+02 3.000000000000000000e+02 2.000000000000000000e+02 1.000000000000000000e+02 4.000000000000000000e+02 7.000000000000000000e+02 1.000000000000000000e+03 1.500000000000000000e+03 1.800000000000000000e+03 1.600000000000000000e+03 1.500000000000000000e+03 1.400000000000000000e+03 1.300000000000000000e+03 1.200000000000000000e+03 1.100000000000000000e+03 1.000000000000000000e+03 9.000000000000000000e+02 8.000000000000000000e+02 2.000000000000000000e+03 8.000000000000000000e+02 7.000000000000000000e+02 6.000000000000000000e+02 5.000000000000000000e+02 9.000000000000000000e+02 4.000000000000000000e+02 3.000000000000000000e+02
4.000000000000000000e+02 5.000000000000000000e+02 6.000000000000000000e+02 8.000000000000000000e+02 7.000000000000000000e+02 4.360000000000000000e+04 1.200000000000000000e+03 1.000000000000000000e+03 9.000000000000000000e+02 7.000000000000000000e+02 6.000000000000000000e+02 4.000000000000000000e+02 3.000000000000000000e+02 1.000000000000000000e+02 2.000000000000000000e+02 5.000000000000000000e+02 8.000000000000000000e+02 1.100000000000000000e+03 1.600000000000000000e+03 1.900000000000000000e+03 1.700000000000000000e+03 1.600000000000000000e+03 1.500000000000000000e+03 1.400000000000000000e+03 1.300000000000000000e+03 1.200000000000000000e+03 1.100000000000000000e+03 1.000000000000000000e+03 9.000000000000000000e+02 2.100000000000000000e+03 9.000000000000000000e+02 8.000000000000000000e+02 7.000000000000000000e+02 6.000000000000000000e+02 1.000000000000000000e+03 5.000000000000000000e+02 4.000000000000000000e+02
4.000000000000000000e+02 5.000000000000000000e+02 6.000000000000000000e+02 7.000000000000000000e+02 9.000000000000000000e+02 4.560000000000000000e+04 1.100000000000000000e+03 1.000000000000000000e+03 8.000000000000000000e+02 7.000000000000000000e+02 5.000000000000000000e+02 4.000000000000000000e+02 2.000000000000000000e+02 1.000000000000000000e+02 3.000000000000000000e+02 6.000000000000000000e+02 9.000000000000000000e+02 1.200000000000000000e+03 1.700000000000000000e+03 2.000000000000000000e+03 1.800000000000000000e+03 1.700000000000000000e+03 1.600000000000000000e+03 1.500000000000000000e+03 1.400000000000000000e+03 1.300000000000000000e+03 1.200000000000000000e+03 1.100000000000000000e+03 1.000000000000000000e+03 2.200000000000000000e+03 1.000000000000000000e+03 9.000000000000000000e+02 8.000000000000000000e+02 7.000000000000000000e+02 1.100000000000000000e+03 6.000000000000000000e+02 5.000000000000000000e+02
6.000000000000000000e+02 5.000000000000000000e+02 6.000000000000000000e+02 7.000000000000000000e+02 8.000000000000000000e+02 4.770000000000000000e+04 3.900000000000000000e+03 2.800000000000000000e+03 1.900000000000000000e+03 1.100000000000000000e+03 5.000000000000000000e+02 3.000000000000000000e+02 2.000000000000000000e+02 1.000000000000000000e+02 4.000000000000000000e+02 7.000000000000000000e+02 1.000000000000000000e+03 1.300000000000000000e+03 1.800000000000000000e+03 2.100000000000000000e+03 1.900000000000000000e+03 1.800000000000000000e+03 1.700000000000000000e+03 1.600000000000000000e+03 1.500000000000000000e+03 1.400000000000000000e+03 1.300000000000000000e+03 1.200000000000000000e+03 1.100000000000000000e+03 2.300000000000000000e+03 1.100000000000000000e+03 1.000000000000000000e+03 9.000000000000000000e+02 8.000000000000000000e+02 1.200000000000000000e+03 7.000000000000000000e+02 6.000000000000000000e+02
5.000000000000000000e+02 7.000000000000000000e+02 6.000000000000000000e+02 7.000000000000000000e+02 1.600000000000000000e+03 5.190000000000000000e+04 2.000000000000000000e+02 1.000000000000000000e+02 1.000000000000000000e+02 1.000000000000000000e+02 4.000000000000000000e+02 3.000000000000000000e+02 1.000000000000000000e+02 2.000000000000000000e+02 5.000000000000000000e+02 8.000000000000000000e+02 1.100000000000000000e+03 1.400000000000000000e+03 1.900000000000000000e+03 2.200000000000000000e+03 2.000000000000000000e+03 1.900000000000000000e+03 1.800000000000000000e+03 1.700000000000000000e+03 1.600000000000000000e+03 1.500000000000000000e+03 1.400000000000000000e+03 1.300000000000000000e+03 1.200000000000000000e+03 2.400000000000000000e+03 1.200000000000000000e+03 1.100000000000000000e+03 1.000000000000000000e+03 9.000000000000000000e+02 1.300000000000000000e+03 8.000000000000000000e+02 7.000000000000000000e+02
