output_new_topo_ddd_5/finaltopo_flow__link_to_receiver_node.asc
ncols 300
nrows 100
xllcorner 0.0
yllcorner 0.0
cellsize 10.0
[rows 51 to 67 of 100, columns 148 to 184 of 300]
2.889900000000000000e+04 2.890000000000000000e+04 2.890100000000000000e+04 2.890200000000000000e+04 2.890300000000000000e+04 8.801000000000000000e+04 8.801500000000000000e+04 2.890700000000000000e+04 2.890800000000000000e+04 2.890900000000000000e+04 2.891000000000000000e+04 2.891100000000000000e+04 2.891200000000000000e+04 2.891300000000000000e+04 2.891400000000000000e+04 2.891500000000000000e+04 2.891600000000000000e+04 2.891700000000000000e+04 2.891800000000000000e+04 2.861900000000000000e+04 2.891900000000000000e+04 8.804200000000000000e+04 2.892100000000000000e+04 2.892200000000000000e+04 2.892300000000000000e+04 2.892400000000000000e+04 2.892500000000000000e+04 2.892600000000000000e+04 2.892700000000000000e+04 2.892800000000000000e+04 2.892900000000000000e+04 2.893000000000000000e+04 2.893100000000000000e+04 2.893200000000000000e+04 2.893300000000000000e+04 8.807000000000000000e+04 8.807200000000000000e+04
8.740200000000000000e+04 8.740400000000000000e+04 8.740600000000000000e+04 8.740800000000000000e+04 8.741000000000000000e+04 8.741200000000000000e+04 8.741700000000000000e+04 8.741900000000000000e+04 2.830900000000000000e+04 2.831000000000000000e+04 2.831100000000000000e+04 2.831200000000000000e+04 2.831300000000000000e+04 2.831400000000000000e+04 2.831500000000000000e+04 2.831600000000000000e+04 2.831700000000000000e+04 8.743900000000000000e+04 2.831900000000000000e+04 2.802000000000000000e+04 2.832000000000000000e+04 2.832100000000000000e+04 2.832200000000000000e+04 2.832300000000000000e+04 2.832400000000000000e+04 2.832500000000000000e+04 8.745400000000000000e+04 8.745600000000000000e+04 8.745800000000000000e+04 8.746000000000000000e+04 8.746200000000000000e+04 8.746400000000000000e+04 8.746600000000000000e+04 8.746800000000000000e+04 8.747000000000000000e+04 8.747200000000000000e+04 8.747400000000000000e+04
2.770100000000000000e+04 2.770200000000000000e+04 2.770300000000000000e+04 2.770400000000000000e+04 2.770500000000000000e+04 8.681400000000000000e+04 8.681900000000000000e+04 8.682100000000000000e+04 8.682300000000000000e+04 2.771100000000000000e+04 2.771200000000000000e+04 2.771300000000000000e+04 2.771400000000000000e+04 2.771500000000000000e+04 2.771600000000000000e+04 2.771700000000000000e+04 2.771800000000000000e+04 2.771900000000000000e+04 2.772000000000000000e+04 2.742100000000000000e+04 2.772100000000000000e+04 2.772200000000000000e+04 8.684800000000000000e+04 8.685000000000000000e+04 8.685200000000000000e+04 8.685400000000000000e+04 8.685600000000000000e+04 8.685800000000000000e+04 8.686000000000000000e+04 8.686200000000000000e+04 8.686400000000000000e+04 8.686600000000000000e+04 8.686800000000000000e+04 8.687000000000000000e+04 8.687200000000000000e+04 8.687400000000000000e+04 8.687600000000000000e+04
2.710200000000000000e+04 2.710300000000000000e+04 2.710400000000000000e+04 8.621200000000000000e+04 8.621400000000000000e+04 8.621600000000000000e+04 8.622100000000000000e+04 8.622300000000000000e+04 8.622500000000000000e+04 8.622700000000000000e+04 8.622900000000000000e+04 2.711400000000000000e+04 2.711500000000000000e+04 2.711600000000000000e+04 2.711700000000000000e+04 8.623900000000000000e+04 2.711900000000000000e+04 2.712000000000000000e+04 2.712100000000000000e+04 2.682200000000000000e+04 2.712200000000000000e+04 8.624800000000000000e+04 8.625000000000000000e+04 8.625200000000000000e+04 8.625400000000000000e+04 8.625600000000000000e+04 8.625800000000000000e+04 8.626000000000000000e+04 8.626200000000000000e+04 8.626400000000000000e+04 8.626600000000000000e+04 8.626800000000000000e+04 8.627000000000000000e+04 8.627200000000000000e+04 8.627400000000000000e+04 8.627600000000000000e+04 8.627800000000000000e+04
8.560800000000000000e+04 8.561000000000000000e+04 8.561200000000000000e+04 8.561400000000000000e+04 8.561600000000000000e+04 8.561800000000000000e+04 8.562300000000000000e+04 8.562500000000000000e+04 8.562700000000000000e+04 8.562900000000000000e+04 8.563100000000000000e+04 8.563300000000000000e+04 8.563500000000000000e+04 8.563700000000000000e+04 8.563900000000000000e+04 2.651900000000000000e+04 8.564300000000000000e+04 2.652100000000000000e+04 2.652200000000000000e+04 2.622300000000000000e+04 2.652300000000000000e+04 8.565000000000000000e+04 8.565200000000000000e+04 8.565400000000000000e+04 8.565600000000000000e+04 8.565800000000000000e+04 8.566000000000000000e+04 8.566200000000000000e+04 8.566400000000000000e+04 8.566600000000000000e+04 8.566800000000000000e+04 8.567000000000000000e+04 8.567200000000000000e+04 8.567400000000000000e+04 8.567600000000000000e+04 8.567800000000000000e+04 8.568000000000000000e+04
8.501000000000000000e+04 8.501200000000000000e+04 8.501400000000000000e+04 8.501600000000000000e+04 8.501800000000000000e+04 8.502000000000000000e+04 8.502500000000000000e+04 8.502700000000000000e+04 8.502900000000000000e+04 8.503100000000000000e+04 8.503300000000000000e+04 8.503500000000000000e+04 8.503700000000000000e+04 8.503900000000000000e+04 8.504100000000000000e+04 8.504300000000000000e+04 2.592100000000000000e+04 8.504700000000000000e+04 2.592300000000000000e+04 2.562400000000000000e+04 8.505000000000000000e+04 2.592500000000000000e+04 2.592600000000000000e+04 2.592700000000000000e+04 2.592800000000000000e+04 2.592900000000000000e+04 2.593000000000000000e+04 2.593100000000000000e+04 2.593200000000000000e+04 2.593300000000000000e+04 2.593400000000000000e+04 2.593500000000000000e+04 2.593600000000000000e+04 2.593700000000000000e+04 2.593800000000000000e+04 2.593900000000000000e+04 2.594000000000000000e+04
8.441200000000000000e+04 8.441400000000000000e+04 8.441600000000000000e+04 8.441800000000000000e+04 8.442000000000000000e+04 8.442200000000000000e+04 8.442700000000000000e+04 8.442900000000000000e+04 8.443100000000000000e+04 8.443300000000000000e+04 8.443500000000000000e+04 8.443700000000000000e+04 8.443900000000000000e+04 8.444100000000000000e+04 8.444300000000000000e+04 8.444500000000000000e+04 8.444700000000000000e+04 2.532300000000000000e+04 2.532400000000000000e+04 2.502500000000000000e+04 2.532500000000000000e+04 8.445400000000000000e+04 2.532700000000000000e+04 2.532800000000000000e+04 2.532900000000000000e+04 2.533000000000000000e+04 2.533100000000000000e+04 2.533200000000000000e+04 2.533300000000000000e+04 2.533400000000000000e+04 2.533500000000000000e+04 2.533600000000000000e+04 2.533700000000000000e+04 2.533800000000000000e+04 2.533900000000000000e+04 2.534000000000000000e+04 2.534100000000000000e+04
8.381400000000000000e+04 8.381600000000000000e+04 8.381800000000000000e+04 8.382000000000000000e+04 8.382200000000000000e+04 8.382400000000000000e+04 8.382900000000000000e+04 2.471400000000000000e+04 2.471500000000000000e+04 2.471600000000000000e+04 2.471700000000000000e+04 2.471800000000000000e+04 2.471900000000000000e+04 2.472000000000000000e+04 2.472100000000000000e+04 2.472200000000000000e+04 2.472300000000000000e+04 2.472400000000000000e+04 2.472500000000000000e+04 2.442600000000000000e+04 2.472600000000000000e+04 2.472700000000000000e+04 2.472800000000000000e+04 2.472900000000000000e+04 2.473000000000000000e+04 2.473100000000000000e+04 2.473200000000000000e+04 2.473300000000000000e+04 2.473400000000000000e+04 2.473500000000000000e+04 2.473600000000000000e+04 2.473700000000000000e+04 2.473800000000000000e+04 2.473900000000000000e+04 2.474000000000000000e+04 2.474100000000000000e+04 2.474200000000000000e+04
8.321600000000000000e+04 8.321800000000000000e+04 8.322000000000000000e+04 8.322200000000000000e+04 8.322400000000000000e+04 8.322600000000000000e+04 8.323100000000000000e+04 8.323300000000000000e+04 2.411600000000000000e+04 2.411700000000000000e+04 2.411800000000000000e+04 2.411900000000000000e+04 2.412000000000000000e+04 2.412100000000000000e+04 2.412200000000000000e+04 2.412300000000000000e+04 2.412400000000000000e+04 2.412500000000000000e+04 2.412600000000000000e+04 2.382700000000000000e+04 2.412700000000000000e+04 8.325800000000000000e+04 8.326000000000000000e+04 8.326200000000000000e+04 8.326400000000000000e+04 8.326600000000000000e+04 8.326800000000000000e+04 8.327000000000000000e+04 8.327200000000000000e+04 8.327400000000000000e+04 8.327600000000000000e+04 2.413800000000000000e+04 2.413900000000000000e+04 2.414000000000000000e+04 2.414100000000000000e+04 2.414200000000000000e+04 2.414300000000000000e+04
8.261800000000000000e+04 8.262000000000000000e+04 8.262200000000000000e+04 8.262400000000000000e+04 8.262600000000000000e+04 8.262800000000000000e+04 8.263300000000000000e+04 8.263500000000000000e+04 8.263700000000000000e+04 2.351800000000000000e+04 2.351900000000000000e+04 2.352000000000000000e+04 2.352100000000000000e+04 2.352200000000000000e+04 2.352300000000000000e+04 2.352400000000000000e+04 2.352500000000000000e+04 2.352600000000000000e+04 2.352700000000000000e+04 2.322800000000000000e+04 2.352800000000000000e+04 2.352900000000000000e+04 2.353000000000000000e+04 2.353100000000000000e+04 2.353200000000000000e+04 2.353300000000000000e+04 2.353400000000000000e+04 2.353500000000000000e+04 2.353600000000000000e+04 2.353700000000000000e+04 2.353800000000000000e+04 2.353900000000000000e+04 2.354000000000000000e+04 2.354100000000000000e+04 2.354200000000000000e+04 2.354300000000000000e+04 2.354400000000000000e+04
2.290900000000000000e+04 2.291000000000000000e+04 2.291100000000000000e+04 2.291200000000000000e+04 2.291300000000000000e+04 8.203000000000000000e+04 8.203500000000000000e+04 8.203700000000000000e+04 8.203900000000000000e+04 8.204100000000000000e+04 8.204300000000000000e+04 8.204500000000000000e+04 8.204700000000000000e+04 8.204900000000000000e+04 8.205100000000000000e+04 8.205300000000000000e+04 8.205500000000000000e+04 8.205700000000000000e+04 2.292800000000000000e+04 2.262900000000000000e+04 2.292900000000000000e+04 8.206200000000000000e+04 8.206400000000000000e+04 2.293200000000000000e+04 2.293300000000000000e+04 2.293400000000000000e+04 2.293500000000000000e+04 2.293600000000000000e+04 2.293700000000000000e+04 2.293800000000000000e+04 2.293900000000000000e+04 2.294000000000000000e+04 2.294100000000000000e+04 2.294200000000000000e+04 2.294300000000000000e+04 2.294400000000000000e+04 8.209200000000000000e+04
2.231000000000000000e+04 2.231100000000000000e+04 8.142600000000000000e+04 8.142800000000000000e+04 8.143000000000000000e+04 8.143200000000000000e+04 8.143700000000000000e+04 2.231800000000000000e+04 2.231900000000000000e+04 2.232000000000000000e+04 2.232100000000000000e+04 2.232200000000000000e+04 2.232300000000000000e+04 2.232400000000000000e+04 2.232500000000000000e+04 2.232600000000000000e+04 2.232700000000000000e+04 2.232800000000000000e+04 2.232900000000000000e+04 2.203000000000000000e+04 2.233000000000000000e+04 2.233100000000000000e+04 2.233200000000000000e+04 2.233300000000000000e+04 2.233400000000000000e+04 2.233500000000000000e+04 2.233600000000000000e+04 2.233700000000000000e+04 2.233800000000000000e+04 2.233900000000000000e+04 2.234000000000000000e+04 2.234100000000000000e+04 2.234200000000000000e+04 2.234300000000000000e+04 8.149000000000000000e+04 8.149200000000000000e+04 8.149400000000000000e+04
8.082400000000000000e+04 8.082600000000000000e+04 2.171300000000000000e+04 2.171400000000000000e+04 2.171500000000000000e+04 2.171600000000000000e+04 8.083900000000000000e+04 8.084100000000000000e+04 2.172000000000000000e+04 2.172100000000000000e+04 2.172200000000000000e+04 2.172300000000000000e+04 2.172400000000000000e+04 2.172500000000000000e+04 2.172600000000000000e+04 2.172700000000000000e+04 2.172800000000000000e+04 8.086100000000000000e+04 2.173000000000000000e+04 2.143100000000000000e+04 2.173100000000000000e+04 2.173200000000000000e+04 2.173300000000000000e+04 2.173400000000000000e+04 8.087200000000000000e+04 8.087400000000000000e+04 8.087600000000000000e+04 8.087800000000000000e+04 8.088000000000000000e+04 8.088200000000000000e+04 8.088400000000000000e+04 8.088600000000000000e+04 8.088800000000000000e+04 8.089000000000000000e+04 8.089200000000000000e+04 8.089400000000000000e+04 8.089600000000000000e+04
2.111200000000000000e+04 2.111300000000000000e+04 2.111400000000000000e+04 2.111500000000000000e+04 2.111600000000000000e+04 8.023600000000000000e+04 8.024100000000000000e+04 8.024300000000000000e+04 8.024500000000000000e+04 8.024700000000000000e+04 8.024900000000000000e+04 8.025100000000000000e+04 8.025300000000000000e+04 2.112600000000000000e+04 2.112700000000000000e+04 2.112800000000000000e+04 2.112900000000000000e+04 2.113000000000000000e+04 2.113100000000000000e+04 2.083200000000000000e+04 2.113200000000000000e+04 8.026800000000000000e+04 8.027000000000000000e+04 8.027200000000000000e+04 8.027400000000000000e+04 8.027600000000000000e+04 8.027800000000000000e+04 8.028000000000000000e+04 8.028200000000000000e+04 8.028400000000000000e+04 8.028600000000000000e+04 8.028800000000000000e+04 8.029000000000000000e+04 8.029200000000000000e+04 8.029400000000000000e+04 8.029600000000000000e+04 8.029800000000000000e+04
2.051300000000000000e+04 2.051400000000000000e+04 2.051500000000000000e+04 2.051600000000000000e+04 2.051700000000000000e+04 2.051800000000000000e+04 7.964300000000000000e+04 7.964500000000000000e+04 7.964700000000000000e+04 7.964900000000000000e+04 7.965100000000000000e+04 7.965300000000000000e+04 7.965500000000000000e+04 7.965700000000000000e+04 7.965900000000000000e+04 7.966100000000000000e+04 7.966300000000000000e+04 7.966500000000000000e+04 2.053200000000000000e+04 2.023300000000000000e+04 2.053300000000000000e+04 2.053400000000000000e+04 2.053500000000000000e+04 2.053600000000000000e+04 2.053700000000000000e+04 2.053800000000000000e+04 2.053900000000000000e+04 2.054000000000000000e+04 2.054100000000000000e+04 2.054200000000000000e+04 2.054300000000000000e+04 2.054400000000000000e+04 2.054500000000000000e+04 2.054600000000000000e+04 2.054700000000000000e+04 7.969800000000000000e+04 7.970000000000000000e+04
1.991400000000000000e+04 1.991500000000000000e+04 1.991600000000000000e+04 1.991700000000000000e+04 1.991800000000000000e+04 7.904000000000000000e+04 7.904500000000000000e+04 1.992200000000000000e+04 1.992300000000000000e+04 1.992400000000000000e+04 1.992500000000000000e+04 1.992600000000000000e+04 1.992700000000000000e+04 1.992800000000000000e+04 1.992900000000000000e+04 1.993000000000000000e+04 1.993100000000000000e+04 1.993200000000000000e+04 1.993300000000000000e+04 1.963400000000000000e+04 1.993400000000000000e+04 1.993500000000000000e+04 7.907400000000000000e+04 1.993700000000000000e+04 1.993800000000000000e+04 1.993900000000000000e+04 1.994000000000000000e+04 1.994100000000000000e+04 1.994200000000000000e+04 1.994300000000000000e+04 1.994400000000000000e+04 1.994500000000000000e+04 1.994600000000000000e+04 1.994700000000000000e+04 7.909800000000000000e+04 7.910000000000000000e+04 1.965100000000000000e+04
1.931500000000000000e+04 1.931600000000000000e+04 1.931700000000000000e+04 1.931800000000000000e+04 7.844000000000000000e+04 7.844200000000000000e+04 7.844700000000000000e+04 7.844900000000000000e+04 1.932400000000000000e+04 1.932500000000000000e+04 1.932600000000000000e+04 1.932700000000000000e+04 1.932800000000000000e+04 1.932900000000000000e+04 1.933000000000000000e+04 1.933100000000000000e+04 1.933200000000000000e+04 7.846900000000000000e+04 1.933400000000000000e+04 1.903500000000000000e+04 1.933500000000000000e+04 7.847400000000000000e+04 1.933700000000000000e+04 1.933800000000000000e+04 1.933900000000000000e+04 1.934000000000000000e+04 1.934100000000000000e+04 1.934200000000000000e+04 1.934300000000000000e+04 1.934400000000000000e+04 1.934500000000000000e+04 1.934600000000000000e+04 1.934700000000000000e+04 7.849800000000000000e+04 7.850000000000000000e+04 7.850200000000000000e+04 7.850700000000000000e+04
