output_new_topo_ddd_5/finaltopo_surface_water__discharge.asc
ncols 300
nrows 100
xllcorner 0.0
yllcorner 0.0
cellsize 10.0
[rows 68 to 84 of 100, columns 185 to 221 of 300]
1.500000000000000000e+02 1.000000000000000000e+02 1.500000000000000000e+02 2.000000000000000000e+02 3.500000000000000000e+02 9.050000000000000000e+03 6.000000000000000000e+02 5.000000000000000000e+02 4.500000000000000000e+02 5.000000000000000000e+02 4.000000000000000000e+02 3.500000000000000000e+02 4.000000000000000000e+02 3.000000000000000000e+02 2.500000000000000000e+02 2.000000000000000000e+02 1.000000000000000000e+02 5.000000000000000000e+01 1.500000000000000000e+02 3.000000000000000000e+02 2.000000000000000000e+02 1.500000000000000000e+02 1.000000000000000000e+02 5.000000000000000000e+01 2.500000000000000000e+02 5.000000000000000000e+01 1.000000000000000000e+02 1.500000000000000000e+02 2.000000000000000000e+02 2.500000000000000000e+02 5.000000000000000000e+01 5.000000000000000000e+01 5.500000000000000000e+02 5.000000000000000000e+01 1.000000000000000000e+02 6.500000000000000000e+02 5.000000000000000000e+01
1.000000000000000000e+02 2.000000000000000000e+02 1.500000000000000000e+02 2.000000000000000000e+02 2.500000000000000000e+02 1.005000000000000000e+04 5.500000000000000000e+02 5.000000000000000000e+02 5.500000000000000000e+02 4.500000000000000000e+02 4.000000000000000000e+02 4.500000000000000000e+02 3.500000000000000000e+02 3.000000000000000000e+02 2.500000000000000000e+02 1.500000000000000000e+02 1.000000000000000000e+02 5.000000000000000000e+01 2.000000000000000000e+02 3.500000000000000000e+02 2.500000000000000000e+02 2.000000000000000000e+02 1.500000000000000000e+02 1.000000000000000000e+02 5.000000000000000000e+01 3.000000000000000000e+02 5.000000000000000000e+01 1.000000000000000000e+02 1.500000000000000000e+02 2.000000000000000000e+02 2.500000000000000000e+02 4.500000000000000000e+02 5.000000000000000000e+01 1.000000000000000000e+02 5.000000000000000000e+02 5.000000000000000000e+01 5.000000000000000000e+02
1.000000000000000000e+02 1.500000000000000000e+02 2.500000000000000000e+02 2.000000000000000000e+02 2.500000000000000000e+02 1.090000000000000000e+04 5.500000000000000000e+02 6.000000000000000000e+02 5.000000000000000000e+02 4.500000000000000000e+02 5.000000000000000000e+02 4.000000000000000000e+02 3.500000000000000000e+02 3.000000000000000000e+02 2.000000000000000000e+02 1.500000000000000000e+02 1.000000000000000000e+02 5.000000000000000000e+01 2.500000000000000000e+02 4.000000000000000000e+02 3.000000000000000000e+02 2.500000000000000000e+02 2.000000000000000000e+02 1.500000000000000000e+02 1.000000000000000000e+02 5.000000000000000000e+01 3.500000000000000000e+02 5.000000000000000000e+01 5.000000000000000000e+01 1.000000000000000000e+02 1.500000000000000000e+02 5.000000000000000000e+01 1.000000000000000000e+02 3.500000000000000000e+02 5.000000000000000000e+01 4.000000000000000000e+02 5.000000000000000000e+01
1.000000000000000000e+02 1.500000000000000000e+02 2.000000000000000000e+02 3.000000000000000000e+02 2.500000000000000000e+02 1.175000000000000000e+04 6.500000000000000000e+02 5.500000000000000000e+02 5.000000000000000000e+02 5.500000000000000000e+02 4.500000000000000000e+02 4.000000000000000000e+02 3.500000000000000000e+02 2.500000000000000000e+02 2.000000000000000000e+02 1.500000000000000000e+02 1.000000000000000000e+02 5.000000000000000000e+01 3.000000000000000000e+02 4.500000000000000000e+02 3.500000000000000000e+02 3.000000000000000000e+02 2.500000000000000000e+02 2.000000000000000000e+02 1.500000000000000000e+02 1.000000000000000000e+02 5.000000000000000000e+01 4.000000000000000000e+02 1.000000000000000000e+02 5.000000000000000000e+01 1.000000000000000000e+02 1.500000000000000000e+02 2.000000000000000000e+02 5.000000000000000000e+01 3.000000000000000000e+02 5.000000000000000000e+01 3.500000000000000000e+02
1.500000000000000000e+02 1.500000000000000000e+02 2.000000000000000000e+02 2.500000000000000000e+02 3.500000000000000000e+02 1.270000000000000000e+04 6.000000000000000000e+02 5.500000000000000000e+02 6.000000000000000000e+02 5.000000000000000000e+02 4.500000000000000000e+02 4.000000000000000000e+02 3.000000000000000000e+02 2.500000000000000000e+02 2.000000000000000000e+02 1.500000000000000000e+02 5.000000000000000000e+01 1.000000000000000000e+02 3.500000000000000000e+02 5.000000000000000000e+02 4.000000000000000000e+02 3.500000000000000000e+02 3.000000000000000000e+02 2.500000000000000000e+02 2.000000000000000000e+02 1.500000000000000000e+02 1.000000000000000000e+02 5.000000000000000000e+01 4.500000000000000000e+02 1.500000000000000000e+02 5.000000000000000000e+01 1.000000000000000000e+02 1.500000000000000000e+02 2.000000000000000000e+02 5.000000000000000000e+01 2.500000000000000000e+02 5.000000000000000000e+01
1.500000000000000000e+02 2.000000000000000000e+02 2.000000000000000000e+02 2.500000000000000000e+02 3.000000000000000000e+02 1.370000000000000000e+04 6.000000000000000000e+02 6.500000000000000000e+02 5.500000000000000000e+02 5.000000000000000000e+02 4.500000000000000000e+02 3.500000000000000000e+02 3.000000000000000000e+02 2.500000000000000000e+02 2.000000000000000000e+02 1.000000000000000000e+02 5.000000000000000000e+01 1.500000000000000000e+02 4.000000000000000000e+02 5.500000000000000000e+02 4.500000000000000000e+02 4.000000000000000000e+02 3.500000000000000000e+02 3.000000000000000000e+02 2.500000000000000000e+02 2.000000000000000000e+02 1.500000000000000000e+02 1.000000000000000000e+02 5.000000000000000000e+01 6.500000000000000000e+02 5.000000000000000000e+01 5.000000000000000000e+01 5.000000000000000000e+01 1.000000000000000000e+02 1.500000000000000000e+02 5.000000000000000000e+01 2.500000000000000000e+02
1.500000000000000000e+02 2.000000000000000000e+02 2.500000000000000000e+02 2.500000000000000000e+02 3.000000000000000000e+02 1.465000000000000000e+04 7.000000000000000000e+02 6.000000000000000000e+02 5.500000000000000000e+02 5.000000000000000000e+02 4.000000000000000000e+02 3.500000000000000000e+02 3.000000000000000000e+02 2.500000000000000000e+02 1.500000000000000000e+02 1.000000000000000000e+02 5.000000000000000000e+01 2.000000000000000000e+02 4.500000000000000000e+02 6.000000000000000000e+02 5.000000000000000000e+02 4.500000000000000000e+02 4.000000000000000000e+02 3.500000000000000000e+02 3.000000000000000000e+02 2.500000000000000000e+02 2.000000000000000000e+02 1.500000000000000000e+02 1.000000000000000000e+02 7.000000000000000000e+02 1.000000000000000000e+02 5.000000000000000000e+01 1.000000000000000000e+02 5.000000000000000000e+01 1.000000000000000000e+02 1.500000000000000000e+02 5.000000000000000000e+01
1.500000000000000000e+02 2.000000000000000000e+02 2.500000000000000000e+02 3.000000000000000000e+02 3.000000000000000000e+02 1.570000000000000000e+04 6.500000000000000000e+02 6.000000000000000000e+02 5.500000000000000000e+02 4.500000000000000000e+02 4.000000000000000000e+02 3.500000000000000000e+02 3.000000000000000000e+02 2.000000000000000000e+02 1.500000000000000000e+02 5.000000000000000000e+01 1.000000000000000000e+02 2.500000000000000000e+02 5.000000000000000000e+02 6.500000000000000000e+02 5.500000000000000000e+02 5.000000000000000000e+02 4.500000000000000000e+02 4.000000000000000000e+02 3.500000000000000000e+02 3.000000000000000000e+02 2.500000000000000000e+02 2.000000000000000000e+02 1.500000000000000000e+02 7.500000000000000000e+02 1.500000000000000000e+02 1.000000000000000000e+02 5.000000000000000000e+01 1.500000000000000000e+02 5.000000000000000000e+01 5.000000000000000000e+01 1.000000000000000000e+02
1.500000000000000000e+02 2.000000000000000000e+02 2.500000000000000000e+02 3.000000000000000000e+02 3.500000000000000000e+02 1.670000000000000000e+04 6.500000000000000000e+02 6.000000000000000000e+02 5.000000000000000000e+02 4.500000000000000000e+02 4.000000000000000000e+02 3.500000000000000000e+02 2.500000000000000000e+02 2.000000000000000000e+02 1.000000000000000000e+02 5.000000000000000000e+01 1.500000000000000000e+02 3.000000000000000000e+02 5.500000000000000000e+02 7.000000000000000000e+02 6.000000000000000000e+02 5.500000000000000000e+02 5.000000000000000000e+02 4.500000000000000000e+02 4.000000000000000000e+02 3.500000000000000000e+02 3.000000000000000000e+02 2.500000000000000000e+02 2.000000000000000000e+02 8.000000000000000000e+02 2.000000000000000000e+02 1.500000000000000000e+02 1.000000000000000000e+02 5.000000000000000000e+01 2.500000000000000000e+02 5.000000000000000000e+01 5.000000000000000000e+01
1.500000000000000000e+02 2.000000000000000000e+02 2.500000000000000000e+02 3.000000000000000000e+02 3.500000000000000000e+02 1.775000000000000000e+04 6.500000000000000000e+02 5.500000000000000000e+02 5.000000000000000000e+02 4.500000000000000000e+02 4.000000000000000000e+02 3.000000000000000000e+02 2.500000000000000000e+02 1.500000000000000000e+02 1.000000000000000000e+02 5.000000000000000000e+01 2.000000000000000000e+02 3.500000000000000000e+02 6.000000000000000000e+02 7.500000000000000000e+02 6.500000000000000000e+02 6.000000000000000000e+02 5.500000000000000000e+02 5.000000000000000000e+02 4.500000000000000000e+02 4.000000000000000000e+02 3.500000000000000000e+02 3.000000000000000000e+02 2.500000000000000000e+02 8.500000000000000000e+02 2.500000000000000000e+02 2.000000000000000000e+02 1.500000000000000000e+02 1.000000000000000000e+02 3.000000000000000000e+02 5.000000000000000000e+01 1.000000000000000000e+02
2.500000000000000000e+02 2.000000000000000000e+02 2.500000000000000000e+02 3.000000000000000000e+02 3.500000000000000000e+02 1.880000000000000000e+04 6.000000000000000000e+02 5.500000000000000000e+02 5.000000000000000000e+02 4.500000000000000000e+02 3.500000000000000000e+02 3.000000000000000000e+02 2.000000000000000000e+02 1.500000000000000000e+02 5.000000000000000000e+01 1.000000000000000000e+02 2.500000000000000000e+02 4.000000000000000000e+02 6.500000000000000000e+02 8.000000000000000000e+02 7.000000000000000000e+02 6.500000000000000000e+02 6.000000000000000000e+02 5.500000000000000000e+02 5.000000000000000000e+02 4.500000000000000000e+02 4.000000000000000000e+02 3.500000000000000000e+02 3.000000000000000000e+02 9.000000000000000000e+02 3.000000000000000000e+02 2.500000000000000000e+02 2.000000000000000000e+02 1.500000000000000000e+02 3.500000000000000000e+02 1.000000000000000000e+02 5.000000000000000000e+01
2.000000000000000000e+02 3.000000000000000000e+02 2.500000000000000000e+02 3.000000000000000000e+02 3.500000000000000000e+02 1.980000000000000000e+04 6.000000000000000000e+02 5.500000000000000000e+02 5.000000000000000000e+02 4.000000000000000000e+02 3.500000000000000000e+02 2.500000000000000000e+02 2.000000000000000000e+02 1.000000000000000000e+02 5.000000000000000000e+01 1.500000000000000000e+02 3.000000000000000000e+02 4.500000000000000000e+02 7.000000000000000000e+02 8.500000000000000000e+02 7.500000000000000000e+02 7.000000000000000000e+02 6.500000000000000000e+02 6.000000000000000000e+02 5.500000000000000000e+02 5.000000000000000000e+02 4.500000000000000000e+02 4.000000000000000000e+02 3.500000000000000000e+02 9.500000000000000000e+02 3.500000000000000000e+02 3.000000000000000000e+02 2.500000000000000000e+02 2.000000000000000000e+02 4.000000000000000000e+02 1.500000000000000000e+02 1.000000000000000000e+02
2.000000000000000000e+02 2.500000000000000000e+02 3.500000000000000000e+02 3.000000000000000000e+02 3.500000000000000000e+02 2.080000000000000000e+04 6.000000000000000000e+02 5.500000000000000000e+02 4.500000000000000000e+02 4.000000000000000000e+02 3.000000000000000000e+02 2.500000000000000000e+02 1.500000000000000000e+02 1.000000000000000000e+02 5.000000000000000000e+01 2.000000000000000000e+02 3.500000000000000000e+02 5.000000000000000000e+02 7.500000000000000000e+02 9.000000000000000000e+02 8.000000000000000000e+02 7.500000000000000000e+02 7.000000000000000000e+02 6.500000000000000000e+02 6.000000000000000000e+02 5.500000000000000000e+02 5.000000000000000000e+02 4.500000000000000000e+02 4.000000000000000000e+02 1.000000000000000000e+03 4.000000000000000000e+02 3.500000000000000000e+02 3.000000000000000000e+02 2.500000000000000000e+02 4.500000000000000000e+02 2.000000000000000000e+02 1.500000000000000000e+02
2.000000000000000000e+02 2.500000000000000000e+02 3.000000000000000000e+02 4.000000000000000000e+02 3.500000000000000000e+02 2.180000000000000000e+04 6.000000000000000000e+02 5.000000000000000000e+02 4.500000000000000000e+02 3.500000000000000000e+02 3.000000000000000000e+02 2.000000000000000000e+02 1.500000000000000000e+02 5.000000000000000000e+01 1.000000000000000000e+02 2.500000000000000000e+02 4.000000000000000000e+02 5.500000000000000000e+02 8.000000000000000000e+02 9.500000000000000000e+02 8.500000000000000000e+02 8.000000000000000000e+02 7.500000000000000000e+02 7.000000000000000000e+02 6.500000000000000000e+02 6.000000000000000000e+02 5.500000000000000000e+02 5.000000000000000000e+02 4.500000000000000000e+02 1.050000000000000000e+03 4.500000000000000000e+02 4.000000000000000000e+02 3.500000000000000000e+02 3.000000000000000000e+02 5.000000000000000000e+02 2.500000000000000000e+02 2.000000000000000000e+02
2.000000000000000000e+02 2.500000000000000000e+02 3.000000000000000000e+02 3.500000000000000000e+02 4.500000000000000000e+02 2.280000000000000000e+04 5.500000000000000000e+02 5.000000000000000000e+02 4.000000000000000000e+02 3.500000000000000000e+02 2.500000000000000000e+02 2.000000000000000000e+02 1.000000000000000000e+02 5.000000000000000000e+01 1.500000000000000000e+02 3.000000000000000000e+02 4.500000000000000000e+02 6.000000000000000000e+02 8.500000000000000000e+02 1.000000000000000000e+03 9.000000000000000000e+02 8.500000000000000000e+02 8.000000000000000000e+02 7.500000000000000000e+02 7.000000000000000000e+02 6.500000000000000000e+02 6.000000000000000000e+02 5.500000000000000000e+02 5.000000000000000000e+02 1.100000000000000000e+03 5.000000000000000000e+02 4.500000000000000000e+02 4.000000000000000000e+02 3.500000000000000000e+02 5.500000000000000000e+02 3.000000000000000000e+02 2.500000000000000000e+02
3.000000000000000000e+02 2.500000000000000000e+02 3.000000000000000000e+02 3.500000000000000000e+02 4.000000000000000000e+02 2.385000000000000000e+04 1.950000000000000000e+03 1.400000000000000000e+03 9.500000000000000000e+02 5.500000000000000000e+02 2.500000000000000000e+02 1.500000000000000000e+02 1.000000000000000000e+02 5.000000000000000000e+01 2.000000000000000000e+02 3.500000000000000000e+02 5.000000000000000000e+02 6.500000000000000000e+02 9.000000000000000000e+02 1.050000000000000000e+03 9.500000000000000000e+02 9.000000000000000000e+02 8.500000000000000000e+02 8.000000000000000000e+02 7.500000000000000000e+02 7.000000000000000000e+02 6.500000000000000000e+02 6.000000000000000000e+02 5.500000000000000000e+02 1.150000000000000000e+03 5.500000000000000000e+02 5.000000000000000000e+02 4.500000000000000000e+02 4.000000000000000000e+02 6.000000000000000000e+02 3.500000000000000000e+02 3.000000000000000000e+02
2.500000000000000000e+02 3.500000000000000000e+02 3.000000000000000000e+02 3.500000000000000000e+02 8.000000000000000000e+02 2.595000000000000000e+04 1.000000000000000000e+02 5.000000000000000000e+01 5.000000000000000000e+01 5.000000000000000000e+01 2.000000000000000000e+02 1.500000000000000000e+02 5.000000000000000000e+01 1.000000000000000000e+02 2.500000000000000000e+02 4.000000000000000000e+02 5.500000000000000000e+02 7.000000000000000000e+02 9.500000000000000000e+02 1.100000000000000000e+03 1.000000000000000000e+03 9.500000000000000000e+02 9.000000000000000000e+02 8.500000000000000000e+02 8.000000000000000000e+02 7.500000000000000000e+02 7.000000000000000000e+02 6.500000000000000000e+02 6.000000000000000000e+02 1.200000000000000000e+03 6.000000000000000000e+02 5.500000000000000000e+02 5.000000000000000000e+02 4.500000000000000000e+02 6.500000000000000000e+02 4.000000000000000000e+02 3.500000000000000000e+02
