output_new_topo_ddd_5/finaltopo_soil_production__rate.asc
ncols 300
nrows 100
xllcorner 0.0
yllcorner 0.0
cellsize 10.0
[rows 0 to 16 of 100, columns 259 to 295 of 300]
0.000000000000000000e+00 0.000000000000000000e+00 0.000000000000000000e+00 0.000000000000000000e+00 0.000000000000000000e+00 0.000000000000000000e+00 0.000000000000000000e+00 0.000000000000000000e+00 0.000000000000000000e+00 0.000000000000000000e+00 0.000000000000000000e+00 0.000000000000000000e+00 0.000000000000000000e+00 0.000000000000000000e+00 0.000000000000000000e+00 0.000000000000000000e+00 0.000000000000000000e+00 0.000000000000000000e+00 0.000000000000000000e+00 0.000000000000000000e+00 0.000000000000000000e+00 0.000000000000000000e+00 0.000000000000000000e+00 0.000000000000000000e+00 0.000000000000000000e+00 0.000000000000000000e+00 0.000000000000000000e+00 0.000000000000000000e+00 0.000000000000000000e+00 0.000000000000000000e+00 0.000000000000000000e+00 0.000000000000000000e+00 0.000000000000000000e+00 0.000000000000000000e+00 0.000000000000000000e+00 0.000000000000000000e+00 0.000000000000000000e+00
6.315757886948022808e-05 6.206518462108129059e-05 6.104305336094987319e-05 6.026724583032233671e-05 5.964409443513776294e-05 5.910234924016370250e-05 5.862312834253210868e-05 5.819929357606042379e-05 5.782872784034156789e-05 5.751286791404874995e-05 5.725667279647613943e-05 5.706945323168528773e-05 5.696654292107290935e-05 5.697118528755578640e-05 5.711855568102704178e-05 5.746348655244515899e-05 5.810074647060922535e-05 5.920721294913692525e-05 6.113274850769939500e-05 6.156160109092577459e-05 6.150068772615977018e-05 6.169181691800915308e-05 6.199422473384374728e-05 6.235454847742696166e-05 6.275371331076936557e-05 6.318642216258609943e-05 6.365314176041003290e-05 6.415702175709642543e-05 6.470338444680946374e-05 6.530174458511791766e-05 6.597579175506152859e-05 6.683191414548531300e-05 6.809314450804137035e-05 6.892114762647217642e-05 6.925989981032002667e-05 6.962382737732086498e-05 6.968486858552317320e-05
5.565827742045034222e-05 5.704461340852591647e-05 5.562022545420874117e-05 5.510522900409743874e-05 5.463233860392431276e-05 5.421440006548248461e-05 5.384776247594984499e-05 5.353041295863047094e-05 5.326397281653970052e-05 5.305333273371743178e-05 5.290653376325287372e-05 5.283548737515557847e-05 5.285742669159217361e-05 5.299850053560097322e-05 5.329760609891112639e-05 5.381614620489461411e-05 5.466172985155981468e-05 5.604223756365971944e-05 6.034362128682935764e-05 6.048491426973062778e-05 5.772476124801818583e-05 5.753718160226110325e-05 5.752646232746601545e-05 5.762717253515720452e-05 5.780747449675738709e-05 5.805038120424451628e-05 5.834572768437671568e-05 5.868683198600794013e-05 5.906980091586002036e-05 5.949436162083209813e-05 5.996243282013065357e-05 6.045091692348943227e-05 6.195103960594012681e-05 6.291178720932009050e-05 6.058104082482981248e-05 6.330795148874621353e-05 6.336804510271822543e-05
5.197533772531154610e-05 4.968165560583300997e-05 5.174063389035284902e-05 5.134360469598893276e-05 5.099013347264031392e-05 5.067625577994517807e-05 5.040012322661370568e-05 5.016290748308948623e-05 4.996988900337552184e-05 4.982943050367108257e-05 4.975235040117002817e-05 4.975229747802651303e-05 4.984762101618932484e-05 5.006360975771983243e-05 5.043776980403911543e-05 5.102872501690273549e-05 5.193345703180344690e-05 5.513010071475131984e-05 6.032000027627167977e-05 6.004602507279154742e-05 5.693339937042691168e-05 5.440060033106529624e-05 5.423420210680674353e-05 5.419908068818715051e-05 5.426023388825723740e-05 5.439466571490408849e-05 5.458529296730693534e-05 5.481794105171967040e-05 5.508077377495739153e-05 5.536616016696620875e-05 5.567251832805976554e-05 5.600265727055684560e-05 5.351465862526334636e-05 5.841860525391296972e-05 5.634446193506349818e-05 5.876384123402005858e-05 5.887694432725308234e-05
4.930408255432042273e-05 4.403897761368342736e-05 4.876304231575703227e-05 4.845781165918220746e-05 4.820614870359032027e-05 4.798028188720848572e-05 4.777693633058305956e-05 4.760027136901268135e-05 4.745942325662672864e-05 4.736604600813245752e-05 4.733319780370523456e-05 4.737567328514406063e-05 4.751096680304756981e-05 4.776190870402659543e-05 4.816023856533714213e-05 4.875223763282421542e-05 5.125197621343577972e-05 5.643378984894922536e-05 5.850443834675277691e-05 6.001329408576558969e-05 5.653105082206826535e-05 5.383169022102227098e-05 5.161146502750106222e-05 5.150932964320879110e-05 5.150705040211673859e-05 5.157919393939670963e-05 5.170473447834255087e-05 5.186435148416381949e-05 5.203912971410508582e-05 5.221273232166421412e-05 5.238065172090710281e-05 5.257882242844028867e-05 4.712826408378420527e-05 5.501939061531669966e-05 5.316051360711195853e-05 5.530234319950731302e-05 5.548374294856644133e-05
4.728543464303713650e-05 3.972231310878222529e-05 4.639427068830949164e-05 4.617922701752906950e-05 4.602288681539521412e-05 4.587181306874505072e-05 4.572404978956129965e-05 4.558989876238951053e-05 4.548335502528725639e-05 4.541888777852150477e-05 4.541084106695758972e-05 4.547358176744453805e-05 4.562251772055620901e-05 4.587530479107988399e-05 4.625337860794845839e-05 4.825950480560693608e-05 5.223615953949191398e-05 5.790335058773765121e-05 5.619835163510491740e-05 6.000145885564173257e-05 5.629151477157219786e-05 5.346225409197573553e-05 5.118241125613750810e-05 4.928882383169202628e-05 4.926288476085302523e-05 4.930487431474846980e-05 4.939404256749642484e-05 4.950970882081224265e-05 4.962828585863997472e-05 4.972036339256492545e-05 4.976344277991890172e-05 4.981965797563939869e-05 4.226811201009576764e-05 5.231112503553332659e-05 5.061670432575018631e-05 5.255782542203979896e-05 5.282032242770037588e-05
4.569801840739710235e-05 3.643516798032106534e-05 4.447090424808406367e-05 4.436136933298980066e-05 4.430051415990369845e-05 4.420729868195241317e-05 4.409394493979511178e-05 4.398310168766234821e-05 4.389378346615334403e-05 4.384184134564396743e-05 4.384111873323368318e-05 4.390409412592326770e-05 4.404209877699746210e-05 4.426530529541967919e-05 4.590790287289590584e-05 4.913555369750104645e-05 5.331708293463702041e-05 5.839743245615606679e-05 5.437924248895005774e-05 6.001771060242820969e-05 5.612295259677767950e-05 5.320397970182834228e-05 5.088273666403781993e-05 4.897866159263276708e-05 4.737232824448009232e-05 4.740814261539128205e-05 4.748225006831667761e-05 4.757767536608416541e-05 4.767306023455797841e-05 4.773180394076806366e-05 4.767793280808060630e-05 4.754702186328336387e-05 3.859396244513323506e-05 5.000647711632750711e-05 4.848863527107866221e-05 5.031856886237410522e-05 5.067718907598006814e-05
4.435241303106740801e-05 3.397184400184746620e-05 4.289027851384222208e-05 4.294067001700856894e-05 4.296667219429704549e-05 4.289561653184155232e-05 4.278917971188613283e-05 4.268156763344381602e-05 4.259289038979480050e-05 4.253760186708536149e-05 4.252717461348953521e-05 4.257048927321763795e-05 4.267331618259590951e-05 4.403306472494690217e-05 4.673082366948371434e-05 5.001696861969000707e-05 5.368484963694671833e-05 5.893193445591413912e-05 5.289265593826582198e-05 6.006665230811029531e-05 5.600800853370661533e-05 5.302806281182892721e-05 5.068093078669067242e-05 4.876839885838775597e-05 4.716689258500796924e-05 4.578910840589578304e-05 4.586357332313411651e-05 4.595500573120037515e-05 4.605200610426534645e-05 4.613530273889600227e-05 4.613949567227952056e-05 4.567960923903933860e-05 3.593711562497533824e-05 4.782406065710661770e-05 4.664130811653960948e-05 4.845824310328580229e-05 4.892645544247246464e-05
4.302440673449802421e-05 3.224945139964718963e-05 4.158700760572567394e-05 4.198107108764786343e-05 4.196625999283442205e-05 4.186083252637616179e-05 4.173477787509389793e-05 4.161285239492795089e-05 4.150964287227714610e-05 4.143566247388232298e-05 4.139849543895374374e-05 4.140233432334055138e-05 4.253189451224570451e-05 4.482381241828780922e-05 4.748391838276429255e-05 5.033707846778942487e-05 5.407910746182647394e-05 5.950818811228426067e-05 5.167544116350964985e-05 6.017609330473099451e-05 5.597249875197620725e-05 5.293624534599506240e-05 5.056678014164041275e-05 4.864399213120144814e-05 4.704018651245366495e-05 4.566848406270032081e-05 4.446608407814743651e-05 4.456247980844352366e-05 4.466842324383802780e-05 4.478837220039922316e-05 4.495834874910250542e-05 4.555879124318637480e-05 3.148639591468681411e-05 4.538048558386396025e-05 4.502722205174218155e-05 4.690845193186349939e-05 4.748405095877106523e-05
4.136794530263942788e-05 2.848508785738580119e-05 4.196373437155926842e-05 4.138181055629608260e-05 4.118952056379727680e-05 4.102667287105693088e-05 4.086811264376482872e-05 4.071965847401792733e-05 4.058887766489160102e-05 4.048164803949816289e-05 4.040113049179936100e-05 4.133776744075208189e-05 4.330254769149369264e-05 4.548811326063971331e-05 4.778229783947655619e-05 5.066654461660375345e-05 5.449657758969020231e-05 6.012109195949502086e-05 5.068598793741812544e-05 6.037341433293698471e-05 5.603754605655359051e-05 5.293511381680500748e-05 5.053575910984859878e-05 4.859685686717438294e-05 4.698342783394963772e-05 4.560822360408127652e-05 4.441007201859915654e-05 4.334497531747674167e-05 4.345753060720247728e-05 4.358691767574494945e-05 4.375798392717637596e-05 4.398581453350490787e-05 4.353865161479651295e-05 3.138049429235670730e-05 4.365047713494355169e-05 4.564152338766010148e-05 4.628998810460558012e-05
2.897069908956779229e-05 4.047155874674974085e-05 4.093184484528627760e-05 4.074182005454032765e-05 4.053343981616659968e-05 4.033259334236235019e-05 4.013901380504025752e-05 3.995570372632944024e-05 3.978608542718058307e-05 3.963205246427372539e-05 4.040431085134150172e-05 4.209737256647695761e-05 4.390566786275387046e-05 4.577851661415249308e-05 4.807849261786971683e-05 5.100313266539783174e-05 5.492503648877501433e-05 6.070179334486921677e-05 4.992706824001427767e-05 6.067242373414082459e-05 5.620337527164907311e-05 5.302715868045924041e-05 5.058532752237651344e-05 4.862105593430473519e-05 4.699027698888808658e-05 4.560345897101081834e-05 4.440002792791114517e-05 4.333706318574753649e-05 4.238433020429028153e-05 4.251177665720056771e-05 4.267169763742233049e-05 4.294381879028525290e-05 4.382654541378696634e-05 2.840671248070092465e-05 4.169254938292452881e-05 4.466161775944823545e-05 4.528806859776129842e-05
2.604355187213175501e-05 4.123386264905951548e-05 4.051521684705371488e-05 4.022298705060414238e-05 3.997716333475928547e-05 3.974020650602018558e-05 3.950867669282416621e-05 3.928329467765053623e-05 3.906461003660916990e-05 3.969566346380086480e-05 4.115941114823444639e-05 4.265952146173482165e-05 4.419707979519968757e-05 4.605932430001058632e-05 4.837291560368366122e-05 5.134965381339216513e-05 5.537547024852870607e-05 6.134528929459426457e-05 4.930456385239724858e-05 6.106586788423156191e-05 5.647444583636800861e-05 5.321630066922804718e-05 5.071826516374721284e-05 4.871514461566655251e-05 4.705728856297803069e-05 4.565120377623191870e-05 4.443522694001609966e-05 4.336642766325729688e-05 4.241359585736806679e-05 4.155350416994591780e-05 4.168406255403336706e-05 4.184558088465784915e-05 4.210547926368818816e-05 4.222280533416403734e-05 2.739849230012056491e-05 4.433248928750583125e-05 4.439954193764538727e-05
3.977982350836126803e-05 4.028620470600859370e-05 4.004352066864041407e-05 3.976636400838034151e-05 3.949253822043648140e-05 3.921944088401072828e-05 3.894588916365046441e-05 3.867121148384407791e-05 3.918097598477880857e-05 4.044978195600959221e-05 4.169445569998330684e-05 4.295711942140617682e-05 4.447223708398099796e-05 4.632842888871366158e-05 4.866372379222685528e-05 5.169845332417212416e-05 5.583751649257653931e-05 6.203843263318927436e-05 4.881915997552202074e-05 6.159867414704565741e-05 5.689203171849738640e-05 5.352535685023278750e-05 5.094485203288424773e-05 4.888291929395262449e-05 4.718404676156729582e-05 4.574981490743452648e-05 4.451518225215412683e-05 4.343580485062509814e-05 4.247972999837265449e-05 4.162067678386032930e-05 4.083115757434623331e-05 4.092634028811712290e-05 4.099685796167106683e-05 4.118112942316667999e-05 2.674673361480801886e-05 4.381150609157648799e-05 4.339893695123718401e-05
4.087163045371512829e-05 4.003637966600370811e-05 3.967598106413258355e-05 3.936575204685012122e-05 3.905855699475000993e-05 3.874582442481896288e-05 3.842473688117028260e-05 3.883147962668708218e-05 3.993454179036212736e-05 4.096606194537968693e-05 4.200010172982055579e-05 4.323198565904826329e-05 4.472678762507433095e-05 4.658163967033919923e-05 4.893869104591123378e-05 5.202590118662265146e-05 5.627015711604527333e-05 6.271980371838612226e-05 4.851671929094910328e-05 6.245474096104174522e-05 5.754010883866009105e-05 5.398375099720538321e-05 5.127318336123535647e-05 4.912506083085430513e-05 4.736903735443766505e-05 4.589694972134600234e-05 4.463798899159772973e-05 4.354482247860721572e-05 4.258505220052369523e-05 4.173381914207537947e-05 4.096353571054257733e-05 4.022520508025381985e-05 4.021821679181014403e-05 4.030584158477418775e-05 2.627538028236718907e-05 4.310025528361915840e-05 4.196443579486806066e-05
3.998406253831355975e-05 3.966889230574237031e-05 3.933144295715275553e-05 3.899796336475088674e-05 3.865558640773239215e-05 3.829835708078019199e-05 3.861939863282498896e-05 3.958255478186194459e-05 4.043612843420215400e-05 4.127889692991652164e-05 4.227650456539138721e-05 4.347812995660467429e-05 4.495499425624266160e-05 4.680502583262340403e-05 4.917065237327575321e-05 5.228132861035912816e-05 5.657600314948091520e-05 6.324770579774575475e-05 4.519836449335007004e-05 6.398644055117395826e-05 5.841710188522345669e-05 5.456206235238292453e-05 5.168123815506630106e-05 4.942784725086092656e-05 4.760381443534211554e-05 4.608729262772572901e-05 4.479983482771629711e-05 4.369011495617287346e-05 4.272493481178200539e-05 4.188305278927607542e-05 4.114877095277426296e-05 4.050071828963372017e-05 3.986248889294335317e-05 3.961183348066579611e-05 2.606906892282775926e-05 4.219555665228451368e-05 3.594594503888771692e-05
3.978278038821764267e-05 3.936139335303722678e-05 3.901043606705467909e-05 3.864988325844881812e-05 3.826695889544725986e-05 3.851827866489669264e-05 3.936472688831140100e-05 4.007071218695925534e-05 4.075372908966020112e-05 4.155671166059540328e-05 4.251785237920122464e-05 4.369071547262319452e-05 4.514490685556963510e-05 4.697384626247184079e-05 4.930986037986065054e-05 5.235289264815843691e-05 5.641331877052178250e-05 6.336574795606477383e-05 6.199180415533133716e-05 4.370282824150021413e-05 5.933528093539717211e-05 5.517694313455203867e-05 5.212789864856852727e-05 4.976945969606066071e-05 4.787619078088621328e-05 4.631382318295429180e-05 4.499652617069671519e-05 4.386840723935383921e-05 4.289413765355509198e-05 4.205367673359631755e-05 4.133957892713727275e-05 4.076372127348222715e-05 4.042088544694752271e-05 4.105058207866479723e-05 2.375380385667019440e-05 4.049425229718361518e-05 3.585800424116858837e-05
3.936388616260665574e-05 3.905902317384806719e-05 3.870566567835408313e-05 3.830883043769152624e-05 3.850399632940984437e-05 3.925370606150799171e-05 3.983853773012069213e-05 4.038939593792677507e-05 4.103139914048437042e-05 4.179527271004346018e-05 4.272290929510100195e-05 4.386581221839054091e-05 4.528867316141451348e-05 4.707638034502879549e-05 4.934442083354377421e-05 5.226153607523500403e-05 5.806200638642700540e-05 6.274558804008412486e-05 6.327991620830043231e-05 5.774584868408814508e-05 4.194280284957992768e-05 5.578284376951242576e-05 5.259611376851824975e-05 5.013789194930017679e-05 4.817863493935389336e-05 4.657190948511275534e-05 4.522580736606196696e-05 4.407931840529434109e-05 4.309326183968750079e-05 4.224464026544910895e-05 4.152295489259691239e-05 4.093020885986667389e-05 4.049573555325960858e-05 4.032779768408088658e-05 4.030302557362643137e-05 2.396865735140132732e-05 3.669378485064306994e-05
