output_new_topo_ddd_5/finaltopo_surface_water__discharge.asc
ncols 300
nrows 100
xllcorner 0.0
yllcorner 0.0
cellsize 10.0
[rows 34 to 50 of 100, columns 148 to 184 of 300]
2.500000000000000000e+02 2.000000000000000000e+02 1.500000000000000000e+02 1.000000000000000000e+02 5.000000000000000000e+01 5.000000000000000000e+01 1.000000000000000000e+02 1.500000000000000000e+02 2.000000000000000000e+02 2.500000000000000000e+02 3.000000000000000000e+02 1.500000000000000000e+02 1.500000000000000000e+02 1.000000000000000000e+02 1.000000000000000000e+02 1.000000000000000000e+02 5.000000000000000000e+01 5.000000000000000000e+01 5.000000000000000000e+01 6.975000000000000000e+04 1.250000000000000000e+03 1.200000000000000000e+03 1.150000000000000000e+03 1.100000000000000000e+03 1.050000000000000000e+03 1.000000000000000000e+03 9.500000000000000000e+02 9.000000000000000000e+02 8.500000000000000000e+02 8.000000000000000000e+02 7.500000000000000000e+02 7.000000000000000000e+02 6.500000000000000000e+02 6.000000000000000000e+02 5.500000000000000000e+02 5.000000000000000000e+02 4.500000000000000000e+02
2.500000000000000000e+02 2.000000000000000000e+02 1.500000000000000000e+02 1.000000000000000000e+02 5.000000000000000000e+01 5.000000000000000000e+01 1.000000000000000000e+02 1.500000000000000000e+02 2.000000000000000000e+02 2.500000000000000000e+02 3.000000000000000000e+02 3.500000000000000000e+02 2.000000000000000000e+02 2.000000000000000000e+02 1.500000000000000000e+02 1.500000000000000000e+02 1.500000000000000000e+02 1.000000000000000000e+02 2.000000000000000000e+02 7.130000000000000000e+04 5.000000000000000000e+01 1.150000000000000000e+03 1.100000000000000000e+03 1.050000000000000000e+03 1.000000000000000000e+03 9.500000000000000000e+02 9.000000000000000000e+02 8.500000000000000000e+02 8.000000000000000000e+02 7.500000000000000000e+02 7.000000000000000000e+02 6.500000000000000000e+02 6.000000000000000000e+02 5.500000000000000000e+02 5.000000000000000000e+02 4.500000000000000000e+02 4.000000000000000000e+02
2.500000000000000000e+02 2.000000000000000000e+02 1.500000000000000000e+02 1.000000000000000000e+02 5.000000000000000000e+01 5.000000000000000000e+01 1.000000000000000000e+02 2.500000000000000000e+02 4.500000000000000000e+02 7.000000000000000000e+02 1.000000000000000000e+03 1.350000000000000000e+03 1.750000000000000000e+03 2.000000000000000000e+03 2.250000000000000000e+03 2.450000000000000000e+03 2.650000000000000000e+03 2.850000000000000000e+03 5.000000000000000000e+01 7.140000000000000000e+04 2.300000000000000000e+03 1.100000000000000000e+03 1.050000000000000000e+03 1.000000000000000000e+03 9.500000000000000000e+02 9.000000000000000000e+02 8.500000000000000000e+02 8.000000000000000000e+02 7.500000000000000000e+02 7.000000000000000000e+02 6.500000000000000000e+02 6.000000000000000000e+02 5.500000000000000000e+02 5.000000000000000000e+02 4.500000000000000000e+02 4.000000000000000000e+02 3.500000000000000000e+02
2.500000000000000000e+02 2.000000000000000000e+02 1.500000000000000000e+02 1.000000000000000000e+02 5.000000000000000000e+01 5.000000000000000000e+01 1.000000000000000000e+02 5.000000000000000000e+01 5.000000000000000000e+01 1.000000000000000000e+02 1.500000000000000000e+02 2.000000000000000000e+02 2.500000000000000000e+02 3.000000000000000000e+02 3.500000000000000000e+02 4.000000000000000000e+02 4.500000000000000000e+02 5.000000000000000000e+02 3.400000000000000000e+03 7.385000000000000000e+04 1.000000000000000000e+02 5.000000000000000000e+01 9.000000000000000000e+02 8.500000000000000000e+02 8.000000000000000000e+02 7.500000000000000000e+02 7.000000000000000000e+02 6.500000000000000000e+02 6.000000000000000000e+02 5.500000000000000000e+02 5.000000000000000000e+02 4.500000000000000000e+02 4.000000000000000000e+02 3.500000000000000000e+02 3.000000000000000000e+02 2.500000000000000000e+02 2.000000000000000000e+02
2.500000000000000000e+02 2.000000000000000000e+02 1.500000000000000000e+02 1.000000000000000000e+02 5.000000000000000000e+01 5.000000000000000000e+01 1.000000000000000000e+02 1.500000000000000000e+02 1.000000000000000000e+02 5.000000000000000000e+01 1.000000000000000000e+02 1.500000000000000000e+02 2.000000000000000000e+02 2.500000000000000000e+02 3.000000000000000000e+02 3.500000000000000000e+02 5.000000000000000000e+01 1.000000000000000000e+02 1.500000000000000000e+02 7.750000000000000000e+04 5.000000000000000000e+01 1.550000000000000000e+03 6.000000000000000000e+02 5.500000000000000000e+02 5.000000000000000000e+02 4.500000000000000000e+02 4.000000000000000000e+02 3.500000000000000000e+02 3.000000000000000000e+02 2.500000000000000000e+02 2.000000000000000000e+02 1.500000000000000000e+02 1.000000000000000000e+02 5.000000000000000000e+01 5.000000000000000000e+01 5.000000000000000000e+01 5.000000000000000000e+01
2.500000000000000000e+02 2.000000000000000000e+02 1.500000000000000000e+02 1.000000000000000000e+02 5.000000000000000000e+01 5.000000000000000000e+01 1.000000000000000000e+02 1.500000000000000000e+02 2.000000000000000000e+02 1.500000000000000000e+02 5.000000000000000000e+01 5.000000000000000000e+01 1.000000000000000000e+02 1.500000000000000000e+02 2.000000000000000000e+02 2.500000000000000000e+02 6.500000000000000000e+02 5.000000000000000000e+01 1.000000000000000000e+02 7.765000000000000000e+04 1.950000000000000000e+03 3.500000000000000000e+02 3.000000000000000000e+02 2.500000000000000000e+02 2.000000000000000000e+02 1.500000000000000000e+02 1.000000000000000000e+02 5.000000000000000000e+01 5.000000000000000000e+01 5.000000000000000000e+01 5.000000000000000000e+01 5.000000000000000000e+01 5.000000000000000000e+01 1.000000000000000000e+02 1.000000000000000000e+02 1.000000000000000000e+02 1.000000000000000000e+02
2.500000000000000000e+02 2.000000000000000000e+02 1.500000000000000000e+02 1.000000000000000000e+02 5.000000000000000000e+01 5.000000000000000000e+01 1.000000000000000000e+02 1.500000000000000000e+02 2.000000000000000000e+02 2.500000000000000000e+02 2.000000000000000000e+02 1.000000000000000000e+02 5.000000000000000000e+01 5.000000000000000000e+01 5.000000000000000000e+01 1.000000000000000000e+02 1.500000000000000000e+02 8.500000000000000000e+02 5.000000000000000000e+01 7.995000000000000000e+04 2.500000000000000000e+02 2.000000000000000000e+02 1.500000000000000000e+02 1.000000000000000000e+02 5.000000000000000000e+01 5.000000000000000000e+01 5.000000000000000000e+01 1.000000000000000000e+02 1.000000000000000000e+02 1.000000000000000000e+02 1.000000000000000000e+02 1.000000000000000000e+02 1.500000000000000000e+02 1.500000000000000000e+02 1.500000000000000000e+02 1.500000000000000000e+02 1.500000000000000000e+02
2.500000000000000000e+02 2.000000000000000000e+02 1.500000000000000000e+02 1.000000000000000000e+02 5.000000000000000000e+01 5.000000000000000000e+01 1.000000000000000000e+02 1.500000000000000000e+02 2.000000000000000000e+02 2.500000000000000000e+02 3.000000000000000000e+02 2.500000000000000000e+02 1.500000000000000000e+02 1.000000000000000000e+02 1.000000000000000000e+02 5.000000000000000000e+01 1.000000000000000000e+02 1.500000000000000000e+02 1.050000000000000000e+03 8.015000000000000000e+04 1.500000000000000000e+02 1.000000000000000000e+02 5.000000000000000000e+01 5.000000000000000000e+01 1.000000000000000000e+02 1.000000000000000000e+02 1.500000000000000000e+02 1.500000000000000000e+02 1.500000000000000000e+02 1.500000000000000000e+02 1.500000000000000000e+02 2.000000000000000000e+02 2.000000000000000000e+02 2.000000000000000000e+02 2.000000000000000000e+02 2.000000000000000000e+02 2.500000000000000000e+02
2.500000000000000000e+02 2.000000000000000000e+02 1.500000000000000000e+02 1.000000000000000000e+02 5.000000000000000000e+01 5.000000000000000000e+01 1.000000000000000000e+02 1.500000000000000000e+02 2.000000000000000000e+02 2.500000000000000000e+02 3.000000000000000000e+02 3.500000000000000000e+02 3.000000000000000000e+02 2.000000000000000000e+02 1.500000000000000000e+02 1.500000000000000000e+02 5.000000000000000000e+01 1.000000000000000000e+02 1.500000000000000000e+02 8.150000000000000000e+04 1.000000000000000000e+02 5.000000000000000000e+01 1.000000000000000000e+02 1.500000000000000000e+02 1.500000000000000000e+02 2.000000000000000000e+02 2.000000000000000000e+02 2.000000000000000000e+02 2.000000000000000000e+02 2.000000000000000000e+02 2.500000000000000000e+02 2.500000000000000000e+02 2.500000000000000000e+02 2.500000000000000000e+02 2.500000000000000000e+02 3.000000000000000000e+02 3.000000000000000000e+02
2.500000000000000000e+02 2.000000000000000000e+02 1.500000000000000000e+02 1.000000000000000000e+02 5.000000000000000000e+01 5.000000000000000000e+01 1.000000000000000000e+02 1.500000000000000000e+02 2.000000000000000000e+02 2.500000000000000000e+02 3.000000000000000000e+02 3.500000000000000000e+02 4.000000000000000000e+02 3.500000000000000000e+02 2.500000000000000000e+02 2.000000000000000000e+02 2.000000000000000000e+02 5.000000000000000000e+01 5.000000000000000000e+01 8.165000000000000000e+04 5.000000000000000000e+01 1.500000000000000000e+02 2.000000000000000000e+02 2.000000000000000000e+02 2.500000000000000000e+02 2.500000000000000000e+02 2.500000000000000000e+02 2.500000000000000000e+02 2.500000000000000000e+02 3.000000000000000000e+02 3.000000000000000000e+02 3.000000000000000000e+02 3.000000000000000000e+02 3.000000000000000000e+02 3.500000000000000000e+02 3.500000000000000000e+02 5.000000000000000000e+02
2.500000000000000000e+02 2.000000000000000000e+02 1.500000000000000000e+02 1.000000000000000000e+02 1.000000000000000000e+02 5.000000000000000000e+01 5.000000000000000000e+01 1.500000000000000000e+02 2.000000000000000000e+02 2.500000000000000000e+02 3.000000000000000000e+02 3.500000000000000000e+02 4.000000000000000000e+02 4.500000000000000000e+02 4.000000000000000000e+02 3.000000000000000000e+02 2.500000000000000000e+02 2.500000000000000000e+02 1.000000000000000000e+02 8.200000000000000000e+04 2.000000000000000000e+02 2.500000000000000000e+02 2.500000000000000000e+02 3.000000000000000000e+02 3.000000000000000000e+02 3.000000000000000000e+02 3.000000000000000000e+02 3.000000000000000000e+02 3.500000000000000000e+02 3.500000000000000000e+02 3.500000000000000000e+02 3.500000000000000000e+02 3.500000000000000000e+02 4.000000000000000000e+02 4.000000000000000000e+02 5.500000000000000000e+02 5.000000000000000000e+02
2.500000000000000000e+02 2.000000000000000000e+02 1.500000000000000000e+02 1.500000000000000000e+02 1.000000000000000000e+02 5.000000000000000000e+01 5.000000000000000000e+01 1.500000000000000000e+02 3.500000000000000000e+02 6.000000000000000000e+02 9.000000000000000000e+02 1.250000000000000000e+03 1.650000000000000000e+03 2.100000000000000000e+03 2.600000000000000000e+03 3.050000000000000000e+03 3.400000000000000000e+03 3.700000000000000000e+03 4.000000000000000000e+03 8.235000000000000000e+04 3.000000000000000000e+02 3.000000000000000000e+02 3.500000000000000000e+02 3.500000000000000000e+02 3.500000000000000000e+02 3.500000000000000000e+02 3.500000000000000000e+02 4.000000000000000000e+02 4.000000000000000000e+02 4.000000000000000000e+02 4.000000000000000000e+02 4.000000000000000000e+02 4.500000000000000000e+02 4.500000000000000000e+02 6.000000000000000000e+02 5.500000000000000000e+02 5.000000000000000000e+02
2.500000000000000000e+02 2.000000000000000000e+02 2.000000000000000000e+02 1.500000000000000000e+02 1.000000000000000000e+02 5.000000000000000000e+01 5.000000000000000000e+01 5.000000000000000000e+01 1.000000000000000000e+02 1.500000000000000000e+02 2.000000000000000000e+02 2.500000000000000000e+02 3.000000000000000000e+02 3.500000000000000000e+02 4.000000000000000000e+02 4.500000000000000000e+02 5.000000000000000000e+02 5.000000000000000000e+01 1.000000000000000000e+02 8.685000000000000000e+04 3.500000000000000000e+02 4.000000000000000000e+02 4.000000000000000000e+02 4.000000000000000000e+02 4.000000000000000000e+02 8.200000000000000000e+03 7.800000000000000000e+03 7.350000000000000000e+03 6.900000000000000000e+03 6.450000000000000000e+03 6.000000000000000000e+03 5.550000000000000000e+03 5.050000000000000000e+03 4.550000000000000000e+03 3.900000000000000000e+03 3.300000000000000000e+03 2.750000000000000000e+03
2.500000000000000000e+02 2.500000000000000000e+02 2.000000000000000000e+02 1.500000000000000000e+02 1.000000000000000000e+02 5.000000000000000000e+01 5.000000000000000000e+01 1.000000000000000000e+02 5.000000000000000000e+01 5.000000000000000000e+01 1.000000000000000000e+02 1.500000000000000000e+02 2.000000000000000000e+02 2.500000000000000000e+02 3.000000000000000000e+02 3.500000000000000000e+02 4.000000000000000000e+02 9.500000000000000000e+02 5.000000000000000000e+01 8.695000000000000000e+04 1.100000000000000000e+04 1.055000000000000000e+04 1.010000000000000000e+04 9.650000000000000000e+03 9.200000000000000000e+03 9.500000000000000000e+02 9.000000000000000000e+02 8.500000000000000000e+02 8.000000000000000000e+02 7.500000000000000000e+02 7.000000000000000000e+02 6.500000000000000000e+02 6.000000000000000000e+02 5.500000000000000000e+02 5.000000000000000000e+02 4.500000000000000000e+02 4.000000000000000000e+02
3.000000000000000000e+02 2.500000000000000000e+02 2.000000000000000000e+02 1.500000000000000000e+02 1.000000000000000000e+02 5.000000000000000000e+01 5.000000000000000000e+01 1.000000000000000000e+02 1.500000000000000000e+02 1.000000000000000000e+02 5.000000000000000000e+01 1.000000000000000000e+02 1.500000000000000000e+02 2.000000000000000000e+02 2.500000000000000000e+02 5.000000000000000000e+01 1.000000000000000000e+02 1.500000000000000000e+02 1.150000000000000000e+03 9.915000000000000000e+04 1.100000000000000000e+03 1.050000000000000000e+03 1.000000000000000000e+03 9.500000000000000000e+02 9.000000000000000000e+02 8.500000000000000000e+02 8.000000000000000000e+02 7.500000000000000000e+02 7.000000000000000000e+02 6.500000000000000000e+02 6.000000000000000000e+02 5.500000000000000000e+02 5.000000000000000000e+02 4.500000000000000000e+02 4.000000000000000000e+02 3.500000000000000000e+02 3.000000000000000000e+02
1.000000000000000000e+03 7.000000000000000000e+02 4.500000000000000000e+02 2.500000000000000000e+02 1.000000000000000000e+02 5.000000000000000000e+01 5.000000000000000000e+01 1.000000000000000000e+02 1.500000000000000000e+02 2.000000000000000000e+02 1.500000000000000000e+02 5.000000000000000000e+01 5.000000000000000000e+01 5.000000000000000000e+01 5.000000000000000000e+01 3.500000000000000000e+02 5.000000000000000000e+01 1.000000000000000000e+02 1.500000000000000000e+02 1.005000000000000000e+05 5.000000000000000000e+01 1.000000000000000000e+03 9.500000000000000000e+02 9.000000000000000000e+02 8.500000000000000000e+02 8.000000000000000000e+02 7.500000000000000000e+02 7.000000000000000000e+02 6.500000000000000000e+02 6.000000000000000000e+02 5.500000000000000000e+02 5.000000000000000000e+02 4.500000000000000000e+02 4.000000000000000000e+02 3.500000000000000000e+02 3.000000000000000000e+02 2.500000000000000000e+02
5.000000000000000000e+01 5.000000000000000000e+01 5.000000000000000000e+01 5.000000000000000000e+01 1.000000000000000000e+02 5.000000000000000000e+01 5.000000000000000000e+01 1.000000000000000000e+02 1.500000000000000000e+02 2.000000000000000000e+02 2.500000000000000000e+02 2.000000000000000000e+02 1.000000000000000000e+02 1.000000000000000000e+02 1.000000000000000000e+02 5.000000000000000000e+01 4.000000000000000000e+02 5.000000000000000000e+01 5.000000000000000000e+01 1.025500000000000000e+05 1.950000000000000000e+03 9.000000000000000000e+02 8.500000000000000000e+02 8.000000000000000000e+02 7.500000000000000000e+02 7.000000000000000000e+02 6.500000000000000000e+02 6.000000000000000000e+02 5.500000000000000000e+02 5.000000000000000000e+02 4.500000000000000000e+02 4.000000000000000000e+02 3.500000000000000000e+02 3.000000000000000000e+02 2.500000000000000000e+02 2.000000000000000000e+02 1.500000000000000000e+02
