output_new_topo_ddd_5/finaltopo_soil_production__rate.asc
ncols 300
nrows 100
xllcorner 0.0
yllcorner 0.0
cellsize 10.0
[rows 0 to 16 of 100, columns 74 to 110 of 300]
0.000000000000000000e+00 0.000000000000000000e+00 0.000000000000000000e+00 0.000000000000000000e+00 0.000000000000000000e+00 0.000000000000000000e+00 0.000000000000000000e+00 0.000000000000000000e+00 0.000000000000000000e+00 0.000000000000000000e+00 0.000000000000000000e+00 0.000000000000000000e+00 0.000000000000000000e+00 0.000000000000000000e+00 0.000000000000000000e+00 0.000000000000000000e+00 0.000000000000000000e+00 0.000000000000000000e+00 0.000000000000000000e+00 0.000000000000000000e+00 0.000000000000000000e+00 0.000000000000000000e+00 0.000000000000000000e+00 0.000000000000000000e+00 0.000000000000000000e+00 0.000000000000000000e+00 0.000000000000000000e+00 0.000000000000000000e+00 0.000000000000000000e+00 0.000000000000000000e+00 0.000000000000000000e+00 0.000000000000000000e+00 0.000000000000000000e+00 0.000000000000000000e+00 0.000000000000000000e+00 0.000000000000000000e+00 0.000000000000000000e+00
6.032956547497212948e-05 6.009705115033155343e-05 5.981252674211963763e-05 5.940385224221917223e-05 5.885632749759384314e-05 5.806994814667966795e-05 5.736545241726700382e-05 5.676227448755038146e-05 5.627138340656255165e-05 5.588884402456850876e-05 5.563025728583629334e-05 5.553366386588901065e-05 5.566597638608825575e-05 5.614258368474068947e-05 5.716837297705571977e-05 5.848958533873147968e-05 5.795724502796757553e-05 5.778493116398400085e-05 5.779824078129717433e-05 5.792212893080242090e-05 5.811582235905680250e-05 5.835556168778776562e-05 5.862836215420280748e-05 5.892879956134108854e-05 5.925693350232875793e-05 5.961668419174533264e-05 6.001442075488424709e-05 6.045779536377524874e-05 6.095506121366172503e-05 6.151520342805811355e-05 6.214894578080701251e-05 6.286929814472694874e-05 6.368569425091924257e-05 6.501310943713303032e-05 6.553522561691106055e-05 6.568217263201927430e-05 6.565688558858102019e-05
5.404548434623908192e-05 5.566933883679751264e-05 5.542634112781752963e-05 5.513058842199290276e-05 5.449654177485635628e-05 5.381089608673451951e-05 5.302350431867127996e-05 5.250981234700138824e-05 5.216763564635742588e-05 5.194633614261357478e-05 5.186258413402080892e-05 5.195980933144492205e-05 5.231241210498853130e-05 5.304607056522397929e-05 5.623788726770119543e-05 5.763419675567416257e-05 5.500378995305980179e-05 5.445346359780788356e-05 5.415805568309578776e-05 5.402309452409291991e-05 5.399731964758435311e-05 5.405084985264724593e-05 5.416643901417514075e-05 5.433491978235836231e-05 5.455232523196441565e-05 5.481781136441681544e-05 5.513206139561816979e-05 5.549615365443786571e-05 5.591111286765382228e-05 5.637853725456317918e-05 5.690242516970841873e-05 5.749056635874650868e-05 5.815384611226818420e-05 5.660802688000060991e-05 5.969503039944889193e-05 5.985128383792476221e-05 5.988608056312920880e-05
5.075031335548423387e-05 5.222468156176468806e-05 5.199840558233624941e-05 5.175758555354107891e-05 4.843170530165915558e-05 5.057585098191219825e-05 4.949750956704129676e-05 4.924783505345751181e-05 4.904841386242896886e-05 4.894887405510167899e-05 4.898387089459147722e-05 4.920155907167022359e-05 4.967731220746428024e-05 5.228714470825673264e-05 5.583658944972529585e-05 5.512150972603986284e-05 5.661750939369952058e-05 5.183355686095225749e-05 5.138022595392894041e-05 5.110607008938129482e-05 5.095909544277900339e-05 5.090863678011270361e-05 5.093641263673013859e-05 5.103150489437460649e-05 5.118726582006806122e-05 5.139917857612288346e-05 5.166329002932349779e-05 5.197511054375905209e-05 5.232912594717131869e-05 5.271945197778012116e-05 5.314255795539314452e-05 5.360204365362238976e-05 5.412421376610235913e-05 4.971475628044428767e-05 5.558638311745071377e-05 5.569986072958859247e-05 5.575340272190999855e-05
4.829532708494942768e-05 4.960572737277271413e-05 4.940312324031718348e-05 4.919817615818355234e-05 4.621143752881974240e-05 4.439856716764282475e-05 4.688485903396241977e-05 4.670721562014700694e-05 4.660078114156456647e-05 4.658942064102270945e-05 4.670607215368573927e-05 4.699596385245419607e-05 4.912679822571175599e-05 5.190128432297955153e-05 5.574388625920932244e-05 5.306705060656502547e-05 5.647891027650311745e-05 5.333709618598325160e-05 4.912987669944728823e-05 4.878848531416933923e-05 4.857859723349926306e-05 4.847296067852005090e-05 4.845381101173943983e-05 4.850927013630686391e-05 4.863070195009756272e-05 4.881083739587327371e-05 4.904237914418229299e-05 4.931690640738918162e-05 4.962399828246614076e-05 4.995081876887707368e-05 5.028403663678461798e-05 5.061913339639072614e-05 5.100104577894136947e-05 4.427713044822300037e-05 5.251886513966889627e-05 5.256558583287072167e-05 5.264305471134823531e-05
4.640962953988619298e-05 4.757509903881506307e-05 4.739503578739647296e-05 4.722654008644139480e-05 4.459449921988399188e-05 3.988411364151233095e-05 4.481446281844590919e-05 4.467646784314213324e-05 4.463693742364316337e-05 4.468865388173211544e-05 4.485545019137310920e-05 4.662194997812727664e-05 4.884049384381936037e-05 5.175412922948454834e-05 5.583505673716680046e-05 5.139313438068510132e-05 5.652091548669726823e-05 5.313651778240429448e-05 5.053830617751648948e-05 4.686769865881058449e-05 4.663710406917769447e-05 4.650975206204038120e-05 4.647067013571246590e-05 4.650813877113945934e-05 4.661240146084720499e-05 4.677447583213721806e-05 4.698510878225445634e-05 4.723380744864672225e-05 4.750762589410600440e-05 4.778895208925271686e-05 4.805205179667862024e-05 4.827093248869810494e-05 4.850178499289969821e-05 4.006872589882737871e-05 5.010728949845731086e-05 5.009445933940350740e-05 5.021312851630754250e-05
4.493452742132224021e-05 4.597706842232850290e-05 4.581558826883082492e-05 4.568061264834448693e-05 4.337840301753963945e-05 3.649121898269134167e-05 4.312488896687311841e-05 4.302160349917060682e-05 4.303668334550231426e-05 4.312946793194527350e-05 4.462548902830353628e-05 4.644281024731139712e-05 4.873657359597792098e-05 5.176497163523258638e-05 5.603899810085978192e-05 5.002995468013188252e-05 5.667493679829466494e-05 5.307766667276025047e-05 5.035895512735749587e-05 4.818806387973967347e-05 4.500141421370159207e-05 4.487899139313540468e-05 4.483990466126669064e-05 4.487459414489425812e-05 4.497361033874904142e-05 4.512741104195148973e-05 4.532602453306724103e-05 4.555850169143487561e-05 4.581202126055482768e-05 4.606940338741201066e-05 4.630018053143453545e-05 4.643407713054132317e-05 4.648391302464158383e-05 3.688457868868186133e-05 4.807158914158670597e-05 4.807974107312035494e-05 4.826362728949145026e-05
4.376852537954430437e-05 4.470714406734687605e-05 4.455829954711619268e-05 4.444237014220020748e-05 4.241499439718416736e-05 3.391739495547276668e-05 4.171264442508422124e-05 4.165602090203435101e-05 4.172098900800466371e-05 4.302361543868534995e-05 4.454914881322587830e-05 4.640845522001005026e-05 4.876351085525663660e-05 5.188375728970333540e-05 5.631268848712652793e-05 4.892175619609567203e-05 5.690108841221368994e-05 5.311575293929316426e-05 5.028949654780475804e-05 4.805940278207026508e-05 4.625009442160192487e-05 4.348687849517461916e-05 4.346528022052229429e-05 4.350973868369118668e-05 4.361290771527061240e-05 4.376614134045384084e-05 4.395979555713423899e-05 4.418352637647319803e-05 4.442632585458512713e-05 4.467612734154102267e-05 4.491707175002424040e-05 4.510418797361261442e-05 4.490416548687182796e-05 3.463601947069648362e-05 4.612445853646591197e-05 4.640607926494555517e-05 4.667739935011488062e-05
4.284266427008333024e-05 4.369292702535485748e-05 4.355085724097869062e-05 4.342610345459551756e-05 4.154546564323472103e-05 3.197532268402272928e-05 4.049662432554102659e-05 4.053771560314628069e-05 4.173664839628272533e-05 4.305085911139910264e-05 4.459378951136282616e-05 4.648426538756933967e-05 4.888622148264439835e-05 5.207748660405782523e-05 5.662832567026059618e-05 4.802723540443843439e-05 5.717657788589690035e-05 5.322421112097788169e-05 5.030159790437616107e-05 4.801788365593141132e-05 4.618249109522040388e-05 4.467982083195887796e-05 4.227806509913614854e-05 4.234479869603261014e-05 4.246114530436431050e-05 4.262065756029826004e-05 4.281517300129592224e-05 4.303557440764458117e-05 4.327299152901863453e-05 4.352014685267231926e-05 4.377525733646883888e-05 4.407359221137530585e-05 4.485065712581411650e-05 3.131127360900218688e-05 4.392084830182131817e-05 4.505847573150876693e-05 4.540222705382709146e-05
4.210767687380775128e-05 4.288263969339940052e-05 4.274760965544720844e-05 4.258862028713030710e-05 4.054861099093839082e-05 3.059336460886283304e-05 3.940799662240971842e-05 4.074212754913799674e-05 4.188992023016771348e-05 4.318166332226638931e-05 4.473081914874826295e-05 4.664314765541561158e-05 4.907940660988067570e-05 5.232290224668883089e-05 5.696575696385630964e-05 4.731863623345826180e-05 5.748890661259912431e-05 5.338683696136470265e-05 5.037700734855801661e-05 4.804401879560981964e-05 4.618400699369630232e-05 4.467312002281809076e-05 4.342711065008364869e-05 4.132832355659558682e-05 4.146780421233266125e-05 4.164092992046026397e-05 4.184172145664435944e-05 4.206302756169701134e-05 4.229805054874975008e-05 4.254254085342250042e-05 4.279616282305750150e-05 4.306047068501637814e-05 4.331455640775883504e-05 4.322190895933266573e-05 3.016742208716713608e-05 4.424427041218243129e-05 4.447369312124843801e-05
4.152670055769899131e-05 4.223681688375043535e-05 4.212489020842148923e-05 4.198873527192516469e-05 3.907982223284894212e-05 2.709612712829400917e-05 4.077843327524452108e-05 4.110990500473063621e-05 4.210378906964995212e-05 4.337736441246714970e-05 4.493460370538111679e-05 4.686397800872970829e-05 4.932431843086843563e-05 5.260259165039437614e-05 5.730694038147381836e-05 4.678389204271268928e-05 5.783065715419514232e-05 5.359270425564717814e-05 5.050297354564926009e-05 4.812414449536748937e-05 4.624058321163647335e-05 4.472096708383157312e-05 4.347635205190762713e-05 4.244195952973941192e-05 4.059359647948367365e-05 4.078880630115961801e-05 4.100213428488238583e-05 4.122857945767067453e-05 4.146374708098298645e-05 4.170611227032739707e-05 4.195943729581167229e-05 4.223070477952161565e-05 4.249074828830619761e-05 4.230265488038798482e-05 2.930904243160130314e-05 4.306956345819652721e-05 4.404856357569781038e-05
4.107106881503889972e-05 4.171977385215551052e-05 4.166096765908986453e-05 4.196864370400865002e-05 2.735963564514768971e-05 3.962607872430462552e-05 4.035682335030484356e-05 4.122536626954441727e-05 4.231535989040446222e-05 4.361677915581328420e-05 4.518826629287317742e-05 4.713109988271905928e-05 4.960729926511833683e-05 5.290401578734889299e-05 5.763281081807765675e-05 4.643956118140676442e-05 5.819518199003450036e-05 5.383302258803951624e-05 5.066991671924788777e-05 4.824839983590628958e-05 4.634215400748907136e-05 4.481340002977515313e-05 4.356880637065717766e-05 4.254092358102576788e-05 4.167807082744154400e-05 4.003368498312726790e-05 4.026707073309110249e-05 4.050428492647210909e-05 4.074296350901998224e-05 4.098375958428853122e-05 4.123295571863591196e-05 4.150991896247054416e-05 4.189239052592151510e-05 4.297246585158937454e-05 2.730988942862470312e-05 4.125125503103703494e-05 4.337186808158583710e-05
4.071896456865676427e-05 4.129136282407979618e-05 4.121283245934291838e-05 4.165657072033017590e-05 2.690305531670166524e-05 3.941948768537082277e-05 4.033172437129169954e-05 4.143026922873285561e-05 4.258586628185055402e-05 4.390236332602120647e-05 4.547999897346552287e-05 4.743099985588023111e-05 4.991820651355621379e-05 5.322236241774648850e-05 5.793204143312174505e-05 4.638387159147006500e-05 5.857256905772439151e-05 5.409994712252549312e-05 5.087091992393695208e-05 4.841004356087508698e-05 4.648186846128708093e-05 4.494334213026170925e-05 4.369758208048926917e-05 4.267444422716459341e-05 4.182061204475281317e-05 4.109349714167817374e-05 3.961241442986570931e-05 3.986766585389328604e-05 4.011562960194308162e-05 4.035783590554404269e-05 4.059912741106715893e-05 4.084944386665486515e-05 4.113872013989698585e-05 4.156402485749150985e-05 4.184386810540723306e-05 2.621164212542364112e-05 4.262706044356347456e-05
4.045843396770829032e-05 4.093540188996932908e-05 4.073770175136095265e-05 4.093020956711095493e-05 2.669081549957270683e-05 3.928620588359020186e-05 4.072401936656942236e-05 4.181194806398934446e-05 4.292665211888593157e-05 4.422067692610004680e-05 4.579115313510506973e-05 4.774623426024180643e-05 5.024515991804770081e-05 5.356269838422776094e-05 5.827592463768128809e-05 4.581313439537895038e-05 5.894912313345298583e-05 5.438998802305865579e-05 5.110365796510372158e-05 4.860599810144437545e-05 4.665578169942843982e-05 4.510619728057198324e-05 4.385759955198639674e-05 4.283760113195016303e-05 4.199091652857217625e-05 4.127383744096087221e-05 4.065092692249360666e-05 3.929946195079406186e-05 3.956475207074734924e-05 3.981595903833290374e-05 4.005571425533556288e-05 4.028369603024545026e-05 4.049341435380179882e-05 4.068895367796458246e-05 4.111316767808424457e-05 2.606223701327198356e-05 2.796161602179363649e-05
4.028669408900504163e-05 4.066378589452577375e-05 4.029526899890554750e-05 3.955022311987748556e-05 2.348316060876403912e-05 4.147340856053079888e-05 4.149795764277352411e-05 4.226530999335475960e-05 4.328061362259795014e-05 4.453608893886185164e-05 4.609503895267428209e-05 4.805406501936383944e-05 5.056451255997771620e-05 5.389637423301022915e-05 4.197915845226863902e-05 6.084754069477127961e-05 5.936877317629001894e-05 5.471983206219046511e-05 5.137430931040314329e-05 4.883719171257959517e-05 4.686222411820180014e-05 4.529898030414086075e-05 4.404516762060697237e-05 4.302624868787411759e-05 4.218508713476613501e-05 4.147636419720190416e-05 4.086402366010550500e-05 4.031994018849226387e-05 3.907388218766320165e-05 3.934430231809884674e-05 3.959595828693660214e-05 3.982465550940884875e-05 4.001132900162140428e-05 4.011653767864872903e-05 4.025359799010793402e-05 2.550224907801836358e-05 2.610968032765158557e-05
4.020538072257396966e-05 4.050795825291348491e-05 4.014691881060792440e-05 2.542358646307139779e-05 4.008862061397829203e-05 4.124831312541402752e-05 4.186062948959705409e-05 4.261539206704262057e-05 4.358291303800323905e-05 4.481272801212802983e-05 4.637055614325865440e-05 4.834560864466280549e-05 5.088475932413430013e-05 3.972732110202809909e-05 5.698193090657479567e-05 5.987946211498049176e-05 5.995643020710928243e-05 5.512116877148896116e-05 5.169022914363295018e-05 4.910406365840714140e-05 4.709928480839038371e-05 4.551888778976295578e-05 4.425706351877389268e-05 4.323689121600620333e-05 4.239933972676592980e-05 4.169756762160364789e-05 4.109440929587318455e-05 4.056182715897630267e-05 4.008003704070374511e-05 3.892570237106636851e-05 3.920254878039079456e-05 3.945472264658272265e-05 3.966957170875962753e-05 3.984232235159080969e-05 4.036789783140165420e-05 2.151626405639745347e-05 4.217229003101182985e-05
4.021334578318481643e-05 4.046211204588138230e-05 3.897269914425495338e-05 2.296866837934502506e-05 4.212261203895363749e-05 4.174205904445910857e-05 4.218922320643645970e-05 4.288411485667579723e-05 4.380738041754336196e-05 4.502864877864694515e-05 4.661288904234518835e-05 4.863464630307041736e-05 3.823252939119620657e-05 5.317943188880244504e-05 5.893141884589677673e-05 5.814487725351054061e-05 6.045566953235639884e-05 5.553627251940255712e-05 5.203495533018089936e-05 4.939990460259026915e-05 4.736291648796905771e-05 4.576267814575826434e-05 4.449027897200984958e-05 4.346649084144570173e-05 4.263044486419727508e-05 4.193382662501492496e-05 4.133847216399547949e-05 4.081591973625740442e-05 4.034725484639387099e-05 3.992069801540798333e-05 3.885237528646581686e-05 3.914025635895258825e-05 3.940081611301243114e-05 3.965317431503614140e-05 4.037873325346501134e-05 2.148699149592645205e-05 4.138231724374200949e-05
