output_new_topo_ddd_5/finaltopo_topographic__steepest_slope.asc
ncols 300
nrows 100
xllcorner 0.0
yllcorner 0.0
cellsize 10.0
[rows 68 to 84 of 100, columns 0 to 36 of 300]
0.000000000000000000e+00 2.266028243838896228e-01 5.074090397993141766e-01 5.173278076076215370e-01 5.263923940726144002e-01 5.295669115891570300e-01 5.249667474648432863e-01 5.175545727781681871e-01 5.100119810211012350e-01 5.024086067673607658e-01 4.943521385696101333e-01 4.856131052499336187e-01 4.767206852550628926e-01 4.729948666289814918e-01 4.631496586448066166e-01 4.558430707592119879e-01 4.388675856142890130e-01 4.204502906122725148e-01 3.955146412634225062e-01 3.595432666244922637e-01 2.992094631192825371e-01 2.436778393420667155e-01 2.773721206970461428e-01 3.546072080141670080e-01 3.948001720650253787e-01 4.242145373172149792e-01 4.465037029554508874e-01 4.636686606613153461e-01 4.768113821967446819e-01 4.866206551150469295e-01 4.935939141124464635e-01 4.981463007831948286e-01 5.006095306283697699e-01 5.012554112344673740e-01 5.003203088034708923e-01 4.980139529320979364e-01 4.945069901679389202e-01
0.000000000000000000e+00 2.290419525834387626e-01 5.674836942319856359e-01 5.569595619999845315e-01 5.490511368966508599e-01 5.585475924929909075e-01 5.348080736762554910e-01 5.396760385284145034e-01 5.408341103793737892e-01 5.390819691698682803e-01 5.352757585766347859e-01 5.296294690489570245e-01 5.226131732190879564e-01 5.065103686950767070e-01 4.902024170692854121e-01 4.735566201430704836e-01 4.556631493036834013e-01 4.352169488039417389e-01 4.097143824665018252e-01 3.758020785815505693e-01 3.044755852003561136e-01 2.939498990656659316e-01 2.874876670312874194e-01 3.048381200019268933e-01 3.759796783139535137e-01 4.102786258753156057e-01 4.365318095823582101e-01 4.566612500389737872e-01 4.721423832503034990e-01 4.838255800324787748e-01 4.923495628661314072e-01 4.981772673807512430e-01 5.016738452791997815e-01 5.031259450626535124e-01 5.027625617304437577e-01 5.007831895724237370e-01 4.973601651798532086e-01
0.000000000000000000e+00 2.184989796939241502e-01 6.275160592526838332e-01 5.907225510749600783e-01 5.813729752696694675e-01 5.704221106316580414e-01 5.694286477014447456e-01 5.725098184410906121e-01 5.731281027760972702e-01 5.703990265958230887e-01 5.643532473190965293e-01 5.553342277225441492e-01 5.402428761189118633e-01 5.235932234741376146e-01 5.048899063456355751e-01 4.862911180354150265e-01 4.663586381342377796e-01 4.439257407659230603e-01 4.174636717785176754e-01 3.872998480674991750e-01 3.334507472549688711e-01 3.358534303115107145e-01 3.200089802062734412e-01 3.131980275978117345e-01 3.255446378877223657e-01 3.916025148441846793e-01 4.224819692526765036e-01 4.468138529440352502e-01 4.654029793992421338e-01 4.795141554410193296e-01 4.899729799646266315e-01 4.974096209185347450e-01 5.022876517835100918e-01 5.049577639785468586e-01 5.056955612960024604e-01 5.047453091182561025e-01 5.023531943421033485e-01
0.000000000000000000e+00 2.196706256945589186e-01 5.919066399834370662e-01 5.772013214288046479e-01 5.781316299184979801e-01 5.840874151014782134e-01 5.898896409190285128e-01 5.938744537463409578e-01 5.944449475310324971e-01 5.908653987689510556e-01 5.830396425848340947e-01 5.692251827178747003e-01 5.524873500673712634e-01 5.332730938434985246e-01 5.135528938328458581e-01 4.927977965013566330e-01 4.703182980075861219e-01 4.458188021811840818e-01 4.197036769536399148e-01 3.820725631006333112e-01 3.631860910978673695e-01 3.684423295816771082e-01 3.584563627812727415e-01 3.295179495125409863e-01 3.318669495785855905e-01 3.427474220551936512e-01 4.047137597401189169e-01 4.334507556730941014e-01 4.562190889352947809e-01 4.731493055498973144e-01 4.858766487966221237e-01 4.952491395641757665e-01 5.018603360078657261e-01 5.061269169456025230e-01 5.083742762475950139e-01 5.088916248274187870e-01 5.079768895584777511e-01
0.000000000000000000e+00 2.156503308871826619e-01 5.539598583730651615e-01 5.590638966378674857e-01 5.819817108945712913e-01 5.973975630267448489e-01 6.066651887362725093e-01 6.113209600195033122e-01 6.115774313630509829e-01 6.066305225916808208e-01 5.950116989539403489e-01 5.785702548233158105e-01 5.586917292295320303e-01 5.380804465828596950e-01 5.162612912355090122e-01 4.923813802454339306e-01 4.664073309133924816e-01 4.409641470186334011e-01 4.138011265213730749e-01 3.785719603847823578e-01 3.910393369419665754e-01 3.952314797569712601e-01 3.885784299507236139e-01 3.680576653187770941e-01 3.304151008887742935e-01 3.481213098983786391e-01 3.582484140103471826e-01 4.183499549810065221e-01 4.448955072979032255e-01 4.641855248772372988e-01 4.790629322015902969e-01 4.906429209470246633e-01 4.993479882934878100e-01 5.055812856658576937e-01 5.096802034733783904e-01 5.119681056279858922e-01 5.127810991955925601e-01
0.000000000000000000e+00 2.017701977919941214e-01 4.859711243472673581e-01 5.645570158223656154e-01 5.959017910891903913e-01 6.127819111199255264e-01 6.219782648535276959e-01 6.261912084639088549e-01 6.269971787567046873e-01 6.182713395331891348e-01 6.044452164835552033e-01 5.815521187580939833e-01 5.591771027751079037e-01 5.370491447996015300e-01 5.126347750037557605e-01 4.836541264168161547e-01 4.503461754427208752e-01 4.242192251422000626e-01 4.019076265154983285e-01 3.957102424039177779e-01 4.123785593636782321e-01 4.170758001133051951e-01 4.128645063370498525e-01 3.978818876492539180e-01 3.682000978556175252e-01 3.498436714873408016e-01 3.542700120222904148e-01 3.753047106519386555e-01 4.393802584050831572e-01 4.503306377840431418e-01 4.673147412088155539e-01 4.817624529921701315e-01 4.933116321022723016e-01 5.020653468653393237e-01 5.084265983794707955e-01 5.127871980744472813e-01 5.155589727629787955e-01
0.000000000000000000e+00 1.981345848724998804e-01 3.850773724011934962e-01 4.182370962748030996e-01 4.468136396339936200e-01 4.653644828457316751e-01 4.786081359543018499e-01 4.882522728554860580e-01 4.950137840089368635e-01 4.998335436967593637e-01 5.013729607402254151e-01 5.007166795029078799e-01 4.950731980773909191e-01 4.843076014738699198e-01 4.676749137888805419e-01 4.457523557732600006e-01 4.082483573566114687e-01 4.091025539258771326e-01 3.937322303645672261e-01 4.174918581702257714e-01 4.306789915559249837e-01 4.351953742989323470e-01 4.327491575491549947e-01 4.220568275675205538e-01 4.022880386130054942e-01 3.752760049764660155e-01 3.470859125485558083e-01 3.397491346376683707e-01 3.699476197750214967e-01 4.153212356066745548e-01 4.448123076344955851e-01 4.662291702710376629e-01 4.823096772566458634e-01 4.944651843101851574e-01 5.035876610555206634e-01 5.102999367411797937e-01 5.151762858257541433e-01
0.000000000000000000e+00 1.898149400044985557e-01 4.637125238686010675e-01 4.666686332736063036e-01 4.725843279207971870e-01 4.806397262277968818e-01 4.875293134094533798e-01 4.924429931031809593e-01 4.949628078094335248e-01 4.945716974769538976e-01 4.913545879930424354e-01 4.859006553222841029e-01 4.770932626130630072e-01 4.598989879506106826e-01 4.430721682769046543e-01 4.145893796918175833e-01 4.093446938050149253e-01 3.986121735539921440e-01 4.105757554884491012e-01 4.345111085918588745e-01 4.460151921273350917e-01 4.502130720681066234e-01 4.489855225002656880e-01 4.412931821115492204e-01 4.269118296783077082e-01 4.053770005079002092e-01 3.703185715429782587e-01 3.444776990740414657e-01 3.464686610003043787e-01 4.024388592334162129e-01 4.320706306643714578e-01 4.562831424370045741e-01 4.748938050336164451e-01 4.892225857069846251e-01 5.000888300427760447e-01 5.082711441219174286e-01 5.144096377478148963e-01
0.000000000000000000e+00 2.037865152978667882e-01 5.182598493489478653e-01 5.139247931596422347e-01 5.003499641523155850e-01 5.000831297410137655e-01 5.005558101697772377e-01 5.002425466140977273e-01 4.980940365490383326e-01 4.898712937036450166e-01 4.785189839666713629e-01 4.661599766103705633e-01 4.574034039926473949e-01 4.389910270535962167e-01 4.293588970469152666e-01 4.205849381497596129e-01 4.097805940284429127e-01 4.062044248979262417e-01 4.313185652453327412e-01 4.491830778994995166e-01 4.588216230754923464e-01 4.625593431830864466e-01 4.621168613502533162e-01 4.566553341816515510e-01 4.458393821125028467e-01 4.291502145578306449e-01 4.028292731769255175e-01 3.651713787347418139e-01 3.482889284957713105e-01 3.513926103488508312e-01 4.067364794166067332e-01 4.367018521306548218e-01 4.606694477518374353e-01 4.786970712236041092e-01 4.922575862731875529e-01 5.022153530240018871e-01 5.092774243259157174e-01
0.000000000000000000e+00 1.884239455099034899e-01 6.040831013217526912e-01 5.903676370525176020e-01 5.458248683607965779e-01 5.103946013735146670e-01 5.094039855808738526e-01 5.057918858765582115e-01 5.103275129048541192e-01 4.864767872051803388e-01 4.890301362113949057e-01 4.836241967697370581e-01 4.673530080736045811e-01 4.478792090470182785e-01 4.355413283154107029e-01 4.205527872172454829e-01 4.027022864382402978e-01 4.227736145619175323e-01 4.468100032089566409e-01 4.614181857148181853e-01 4.692332196867085026e-01 4.725387798656271454e-01 4.726222182263327687e-01 4.687678224072911459e-01 4.607238401050082754e-01 4.476322549929506178e-01 4.278181697554359064e-01 3.994185898730265305e-01 3.599188618925922012e-01 3.535926193778534121e-01 3.592591536338092806e-01 4.115821916354533982e-01 4.408139770754772035e-01 4.639443364781726808e-01 4.808848726350319902e-01 4.932824089553946578e-01 5.020161962650817600e-01
0.000000000000000000e+00 2.060832297236444843e-01 5.313661863207329583e-01 5.345881241730005007e-01 5.808821661133428682e-01 5.617328482231250808e-01 5.479919297026289993e-01 5.531735987297968782e-01 5.397046156444373910e-01 5.272479854074617611e-01 5.142766707697665751e-01 4.945438044241487474e-01 4.717891760777266907e-01 4.532673153797744381e-01 4.352996421098262458e-01 4.142944035236742484e-01 4.202089044950341190e-01 4.418641863506678757e-01 4.597026830097917238e-01 4.713086756549828005e-01 4.775634957436551420e-01 4.804363571177575065e-01 4.808708221704037777e-01 4.782069118034257826e-01 4.722089840016551188e-01 4.622366225080384305e-01 4.469267132758389383e-01 4.252743904377055406e-01 3.947569350901645180e-01 3.514559272423355418e-01 3.630864239062717158e-01 3.690164655525147719e-01 4.168268167165180560e-01 4.445840249338530725e-01 4.660378304078662270e-01 4.815524189820735157e-01 4.926121230409606366e-01
0.000000000000000000e+00 1.870352166121317938e-01 6.015307392603788106e-01 5.705256204562655364e-01 5.850517165704829381e-01 5.838314115995575371e-01 5.816215051316852014e-01 5.733022636680714657e-01 5.631343350848130314e-01 5.475334831759527399e-01 5.235630770054604533e-01 4.954276718413024305e-01 4.709262761230396110e-01 4.485148897491258446e-01 4.295739314562306843e-01 4.021607283681518652e-01 4.342357458773307144e-01 4.553046570582992558e-01 4.699857059135467696e-01 4.790709901863721143e-01 4.840404206227049144e-01 4.864955868842272824e-01 4.871602575154554415e-01 4.854066460148899753e-01 4.810098621580550793e-01 4.735343009282558802e-01 4.617711885415587969e-01 4.449478666168175667e-01 4.213472353015149108e-01 3.861321695097600926e-01 3.653735092446774857e-01 3.689508547660483306e-01 3.830771004818082082e-01 4.234925826399177362e-01 4.464438810601805696e-01 4.668047569897694760e-01 4.820438265961854429e-01
0.000000000000000000e+00 1.767574496328592204e-01 5.351448480949695385e-01 5.787249078406762060e-01 5.970143785848432971e-01 6.075447302954799511e-01 5.994958859297669918e-01 5.919437034807188969e-01 5.813732703963293558e-01 5.610337406085362799e-01 5.190208302608099178e-01 4.882975847397889591e-01 4.541705144416668394e-01 4.319712012885366659e-01 4.184331027762899780e-01 4.165917911657189276e-01 4.474683635925743030e-01 4.659306567296780943e-01 4.778324670498051430e-01 4.849781897225725058e-01 4.888665183647106227e-01 4.909238004295417568e-01 4.917345577505372600e-01 4.906945833512750821e-01 4.875863984133118612e-01 4.821017224886133823e-01 4.732243531352978150e-01 4.602378093887864452e-01 4.422296802953852302e-01 4.176702530545469694e-01 3.882237199007178563e-01 3.614526609489219222e-01 3.761371947943180638e-01 4.122146276620145544e-01 4.864878440748867106e-01 4.841761207203153505e-01 4.835768002364346785e-01
0.000000000000000000e+00 1.857149054676185129e-01 4.145361005683442235e-01 4.517821406192176203e-01 4.757701951326644974e-01 4.864461052405246733e-01 4.919496144131045301e-01 4.907272630259896795e-01 4.849650948758650881e-01 4.744795708189869510e-01 4.656018887303062792e-01 4.433195982806992785e-01 4.113866519011049605e-01 4.177404177608962099e-01 4.070578356557959521e-01 4.361014356261193603e-01 4.591642195527711467e-01 4.744162299735535382e-01 4.837542548626842520e-01 4.892719866415234375e-01 4.922220333669343750e-01 4.939006733926064041e-01 4.947978600001349259e-01 4.943281079667912192e-01 4.922772445359342441e-01 4.884120809867852353e-01 4.818427366967398262e-01 4.720463379870437626e-01 4.582730409597360333e-01 4.397949542503170051e-01 4.155424231343133323e-01 3.776985683009542183e-01 3.357503134569593262e-01 3.747168448448462419e-01 3.874654832836427198e-01 4.151974647177795186e-01 4.295156838297785606e-01
0.000000000000000000e+00 1.809528082965659590e-01 4.920365269445451384e-01 4.920744596557355410e-01 4.940358280129203417e-01 4.949225918423884596e-01 4.932042393494597832e-01 4.875227254307148428e-01 4.778206857237108918e-01 4.606248153337603179e-01 4.463121705560055830e-01 4.206225151292980469e-01 4.147058186237799204e-01 4.068757158595450729e-01 4.227334924387463611e-01 4.503791653595285993e-01 4.688345490846487218e-01 4.808500391300327692e-01 4.880398035655062472e-01 4.921494479633139463e-01 4.942656200189148308e-01 4.955834029879099267e-01 4.965241679313095458e-01 4.965169869782684597e-01 4.953462596063474277e-01 4.928200538526894547e-01 4.881371560033357926e-01 4.808954435414889983e-01 4.705736012021787817e-01 4.564863695169734115e-01 4.375177992100674484e-01 4.092587247922693794e-01 3.683289487929954364e-01 3.292044550003938030e-01 3.620312108774569881e-01 3.886777018509732784e-01 4.115637465446638776e-01
0.000000000000000000e+00 1.864028771775345095e-01 5.258246937284045686e-01 5.224167968082500391e-01 5.160409506534108237e-01 5.081318716560844218e-01 4.981590802360870152e-01 4.826161083262839324e-01 4.702261554070069627e-01 4.486874467479943229e-01 4.356688200510789866e-01 4.261421415114355349e-01 4.118254060502354319e-01 4.175253646970062960e-01 4.419509261258142141e-01 4.621476704107465028e-01 4.765071978531310037e-01 4.856051101162009442e-01 4.909121085940839069e-01 4.937742919583826273e-01 4.951367220246581380e-01 4.961105721356915410e-01 4.970643063833080078e-01 4.974374671318841368e-01 4.970080638542597740e-01 4.956033371779596797e-01 4.924866803105743540e-01 4.873326627686324630e-01 4.797526796022424378e-01 4.692625633163373666e-01 4.546609353685681643e-01 4.340327530139660439e-01 4.054344151131957230e-01 3.675114815089656761e-01 3.254604142936738387e-01 3.459577532359901508e-01 3.813286926135447397e-01
0.000000000000000000e+00 1.894568459605835697e-01 5.514548858437396950e-01 5.441285272717077959e-01 5.323946335312044198e-01 5.162039326296422592e-01 5.063869253607216070e-01 4.810231215180904019e-01 4.706666533823126164e-01 4.515904691759921596e-01 4.406479153022535011e-01 4.275812970296914983e-01 4.001272345776882844e-01 4.331350248388744495e-01 4.554176522599959753e-01 4.713929904675921989e-01 4.822550130496964238e-01 4.888954017498662319e-01 4.925421816925563689e-01 4.942844407908623117e-01 4.949583244453023556e-01 4.956052185701423918e-01 4.965508949844291697e-01 4.972413634971203922e-01 4.974430462963169708e-01 4.969875709694918098e-01 4.951867812724486950e-01 4.917649859195776796e-01 4.864159539852295211e-01 4.787683594692850875e-01 4.680447353861850734e-01 4.528055575732707894e-01 4.324639969700669329e-01 4.057289325784168565e-01 3.707673623168474819e-01 3.355024721606925664e-01 3.420772804446926552e-01
