output_new_topo_ddd_5/finaltopo_topographic__elevation.asc
ncols 300
nrows 100
xllcorner 0.0
yllcorner 0.0
cellsize 10.0
[rows 0 to 16 of 100, columns 259 to 295 of 300]
8.558760709112515075e-01 4.637947180759151022e-01 8.975318077950498186e-01 4.271665008614665693e-01 7.967326078876013629e-02 4.585870800334856945e-01 2.135230554179282647e-01 9.016794636635427906e-01 9.130430327961202019e-01 3.110474077118994263e-01 7.561927583261761621e-01 5.481279288286484697e-01 1.970704724826475296e-01 6.752176118276975725e-01 7.030655677285537752e-01 5.239984173062764983e-01 8.090451441349940653e-01 7.214863921778715827e-01 8.819433512669672126e-03 9.204814876031305326e-01 1.360023707439242946e-01 2.524162900606833349e-01 9.035168978130523332e-01 7.628555780108925433e-01 2.706558775334335643e-01 5.780205874859454251e-01 8.090542480375775281e-01 4.652453858008310794e-01 5.362341387065493459e-01 8.921469350788557851e-02 8.303007343332711176e-01 6.021741845184318542e-01 3.455170129568579940e-01 4.588366875932033961e-01 8.959305328847502192e-01 5.227982246817538536e-01 1.257307660596309606e-01
2.264229182008824921e+02 2.276309173554269876e+02 2.292076459558849137e+02 2.310770662377466351e+02 2.331566498351776886e+02 2.353825842547267655e+02 2.377076717361202043e+02 2.400955456483429202e+02 2.425163916461289944e+02 2.449438918639081066e+02 2.473528876886226158e+02 2.497174060435266369e+02 2.520087622282305517e+02 2.541934015793388255e+02 2.562300863387803247e+02 2.580657933344090225e+02 2.596292828712495862e+02 2.608196617838801785e+02 2.614832937780739712e+02 2.613620408111044071e+02 2.604880755121119478e+02 2.590918273865254946e+02 2.573188185897504354e+02 2.552738130494632856e+02 2.530352664096358808e+02 2.506648553105961525e+02 2.482140352281430751e+02 2.457290810991757724e+02 2.432556842900359584e+02 2.408440289838307820e+02 2.385553395679225730e+02 2.364704572710556079e+02 2.346905937704364078e+02 2.332775706720374558e+02 2.321794331498269628e+02 2.314884995632093023e+02 2.310223610076274952e+02
2.243903278927303973e+02 2.256574400622262431e+02 2.273519321978637322e+02 2.293415768529823140e+02 2.315212502284496168e+02 2.338303518726024492e+02 2.362262365487279396e+02 2.386761423972988894e+02 2.411530438072077800e+02 2.436328315199393160e+02 2.460921281629740065e+02 2.485064172095715662e+02 2.508482167084724495e+02 2.530850322184514312e+02 2.551766067103333739e+02 2.570708698259620064e+02 2.586973788370614216e+02 2.599552050645430654e+02 2.606962953266830709e+02 2.605180602686983775e+02 2.594524525791005090e+02 2.579101468650908942e+02 2.560121865589381969e+02 2.538573706911648173e+02 2.515191163606377529e+02 2.490548190007877452e+02 2.465119980885244786e+02 2.439329247607186630e+02 2.413587961568615299e+02 2.388343467604466070e+02 2.364141006156972082e+02 2.341740594783250060e+02 2.322527528767652143e+02 2.308608578806058631e+02 2.296946348486221723e+02 2.291250044929936678e+02 2.287027266740316236e+02
2.214797671145850018e+02 2.225671474764497475e+02 2.245237898881677268e+02 2.266896198731153618e+02 2.290077549011095357e+02 2.314315342133479874e+02 2.339255250147888319e+02 2.364619628558189959e+02 2.390176976233094024e+02 2.415717448714138698e+02 2.441032985342771724e+02 2.465900051714529582e+02 2.490062824258229170e+02 2.513213685159317663e+02 2.534967518689619226e+02 2.554822873302653363e+02 2.572095681148688868e+02 2.586029393788325024e+02 2.593532414331356790e+02 2.591018321297445368e+02 2.578714822549180212e+02 2.560797583744663370e+02 2.540053384030705104e+02 2.516986499916975788e+02 2.492250418203245772e+02 2.466355083628025966e+02 2.439720852003651714e+02 2.412716945708011167e+02 2.385696200366887751e+02 2.359033468695683098e+02 2.333173660080956040e+02 2.308688528232349597e+02 2.286264664911720104e+02 2.274435825244249543e+02 2.263628752553532593e+02 2.257993917558812313e+02 2.254225118142920508e+02
2.179778325940422405e+02 2.189476495733546528e+02 2.211397588415578070e+02 2.234923961256109237e+02 2.259637299840499054e+02 2.285160220690741824e+02 2.311206243017974202e+02 2.337552875526584160e+02 2.364013551548393082e+02 2.390414986613717190e+02 2.416579429191485247e+02 2.442309580344797268e+02 2.467373645138939082e+02 2.491488199775866121e+02 2.514295281598976715e+02 2.535326400052881297e+02 2.554229300698992517e+02 2.569402908903886100e+02 2.575506109493489930e+02 2.572622758234062417e+02 2.558839409657923625e+02 2.539108916925698907e+02 2.515835745329269741e+02 2.490983436978364693e+02 2.464674113926182031e+02 2.437343852242780144e+02 2.409350028862907038e+02 2.381002559732350221e+02 2.352588634740766906e+02 2.324402424616352789e+02 2.296787692778687244e+02 2.270191147181897406e+02 2.245121943398674205e+02 2.234459759446704652e+02 2.224221068996286590e+02 2.218885365721081087e+02 2.215695065862291244e+02
2.140805485545131432e+02 2.149827805055925012e+02 2.174069373713433322e+02 2.199520296715418795e+02 2.225835727878321961e+02 2.252705130160765066e+02 2.279912912985795117e+02 2.307299296334010137e+02 2.334728278348190997e+02 2.362066741797404461e+02 2.389170121565420857e+02 2.415870529666359232e+02 2.441964910803232556e+02 2.467201237232113726e+02 2.491258148340720027e+02 2.514009675985137449e+02 2.534362129450792054e+02 2.549776893075296016e+02 2.554340525710898362e+02 2.551052052945409514e+02 2.535924375840826315e+02 2.514604815535041382e+02 2.489553024690197276e+02 2.462271686741741803e+02 2.434211667860948296e+02 2.405302301615490705e+02 2.375838222165822344e+02 2.346068159250741019e+02 2.316212013997396468e+02 2.286476046389740304e+02 2.257087677608007539e+02 2.228372552973129359e+02 2.200753499490268439e+02 2.190508827517049326e+02 2.180588960589212206e+02 2.175704973679561363e+02 2.173249439879686236e+02
2.099038959339337111e+02 2.107968100724071689e+02 2.134588297597399844e+02 2.162016265478546302e+02 2.189955653322975877e+02 2.218175322276211716e+02 2.246550810790743924e+02 2.274996129253778179e+02 2.303429719266576114e+02 2.331759878677406164e+02 2.359876340560863071e+02 2.387642960580596139e+02 2.414889913625243878e+02 2.441401920758503650e+02 2.467187881927349906e+02 2.491461917186496464e+02 2.512389065215533037e+02 2.527576259012871560e+02 2.530963125964558458e+02 2.527139027345046713e+02 2.510721073282739724e+02 2.487974825206436265e+02 2.461362317082064521e+02 2.432369943250404276e+02 2.401997929622118875e+02 2.371381325080959925e+02 2.340351146346655753e+02 2.309102177429308540e+02 2.277792260444257408e+02 2.246542692317876799e+02 2.215437928218049706e+02 2.184607665133441117e+02 2.154358382432016583e+02 2.143565584758185594e+02 2.133750266673331453e+02 2.129492229049100445e+02 2.127964755131409618e+02
2.055175098177611517e+02 2.064863660656047841e+02 2.093992125417933607e+02 2.123431560454071700e+02 2.152943588816553699e+02 2.182450466922276178e+02 2.211955240618127050e+02 2.241451085005259074e+02 2.270908400735907833e+02 2.300274439994551017e+02 2.329472580152507817e+02 2.358400146569804576e+02 2.386922385155357063e+02 2.415133741954346931e+02 2.442449061905356018e+02 2.467440680282079768e+02 2.488583467015412793e+02 2.503597538555990525e+02 2.505879117840209176e+02 2.501462176059000626e+02 2.483792836350665425e+02 2.459737616554119199e+02 2.431728084009900215e+02 2.401223489963012412e+02 2.369206186781124757e+02 2.336392366989045399e+02 2.303707767058651257e+02 2.270928404375683840e+02 2.238168529745751982e+02 2.205491101118885240e+02 2.172862166633415768e+02 2.140046041293125825e+02 2.106950802431491070e+02 2.094047726231722493e+02 2.084289582412366713e+02 2.080929765857324867e+02 2.080571430939118045e+02
2.009501451355034476e+02 2.021368809681476364e+02 2.053267638595139886e+02 2.084639256312746625e+02 2.115522451141712850e+02 2.146179504848625470e+02 2.176742295344782860e+02 2.207264956508133480e+02 2.237758048006180616e+02 2.268201929369401171e+02 2.298551960193178161e+02 2.328737635669110944e+02 2.358911231319975172e+02 2.388627256476016214e+02 2.416720151227166582e+02 2.442144010893769064e+02 2.463509269710510807e+02 2.478258542652841925e+02 2.479484219340597519e+02 2.474451170104391906e+02 2.455563735115635779e+02 2.430283863971652067e+02 2.401001935313372542e+02 2.369144484740936605e+02 2.335669468440182754e+02 2.301278988001638197e+02 2.266513968568702921e+02 2.232150034417372240e+02 2.197930585152444678e+02 2.163904105981104919e+02 2.130037459668847930e+02 2.096017702586654536e+02 2.059496257256052161e+02 2.041742539893736250e+02 2.032536416242578525e+02 2.030514633571192178e+02 2.031612874745766817e+02
1.961753723256123862e+02 1.978272031913784303e+02 2.013732793947319522e+02 2.046295790912630821e+02 2.078186579690338363e+02 2.109825433276139677e+02 2.141369438391303106e+02 2.172895582556013778e+02 2.204439314323745975e+02 2.236007979123506288e+02 2.267584592180578795e+02 2.299363198866072366e+02 2.331000727859271819e+02 2.361514422058492642e+02 2.390153371752824398e+02 2.415985891287983804e+02 2.437481002037711733e+02 2.451884422800454217e+02 2.452066753540840693e+02 2.446413861903684221e+02 2.426336350367040495e+02 2.399898943231346493e+02 2.369447212003213679e+02 2.336369937121850171e+02 2.301598527973423245e+02 2.265814293866376374e+02 2.229548145273018918e+02 2.193225071282137719e+02 2.157510068390359379e+02 2.122138066662087112e+02 2.087142395999007363e+02 2.052581929106246434e+02 2.019329177982545502e+02 1.984927152703339459e+02 1.978735014918813988e+02 1.978665689992220678e+02 1.981514995752927462e+02
1.910212589350340977e+02 1.943288497697546120e+02 1.975698244787957094e+02 2.008563352663975081e+02 2.041204392907343390e+02 2.073706157407353601e+02 2.106177605117621852e+02 2.138697615441530786e+02 2.171317791983410359e+02 2.204066109424061608e+02 2.237168471475531817e+02 2.270360288392782024e+02 2.302794180148721068e+02 2.333914611596396185e+02 2.363056946484244634e+02 2.389204977860139536e+02 2.410757140080187071e+02 2.424753554758130463e+02 2.423814632709195109e+02 2.417553449867197912e+02 2.396311775875627461e+02 2.368782539970104324e+02 2.337255770445971450e+02 2.303079338898506307e+02 2.267154403293939708e+02 2.230140655735058886e+02 2.192551653111814858e+02 2.154806173509920200e+02 2.117250475096139439e+02 2.080472564215306477e+02 2.044234287968833428e+02 2.008617998161926721e+02 1.973612269521128439e+02 1.936276835430032293e+02 1.923079445216963563e+02 1.925796019456788883e+02 1.930614122476958130e+02
1.866662246424338321e+02 1.903899335837120077e+02 1.937873379721362710e+02 1.971386565314474524e+02 2.004736953394268824e+02 2.038049427668397584e+02 2.071426181202876933e+02 2.104950572312365864e+02 2.138686182772110271e+02 2.172883348559631145e+02 2.207339619202531935e+02 2.241312640496516906e+02 2.274383092985189307e+02 2.306055800395077711e+02 2.335609146763744661e+02 2.361998310177417579e+02 2.383546468296152341e+02 2.397081182853421524e+02 2.394878029078822124e+02 2.387991545755125742e+02 2.365610724533929101e+02 2.337061690604265038e+02 2.304559883741035264e+02 2.269403870286599272e+02 2.232461255411690502e+02 2.194367987698311140e+02 2.155620287132235546e+02 2.116622313723708828e+02 2.077715139538672702e+02 2.039190376267101215e+02 2.001586064465804498e+02 1.964729949313403097e+02 1.928908370365517158e+02 1.895548710842986964e+02 1.862796070752714570e+02 1.872363669582103682e+02 1.879142989294333859e+02
1.833149681452050856e+02 1.866708823724443107e+02 1.900848172655468886e+02 1.934899892577638525e+02 1.968925227907790543e+02 2.003030663479687234e+02 2.037317922445793670e+02 2.071875923892848448e+02 2.106972549498720468e+02 2.142455320582909906e+02 2.177666314574739204e+02 2.212285245018044861e+02 2.245931663185131129e+02 2.278068560188460765e+02 2.307961754624340642e+02 2.334532817076623701e+02 2.356021071871302013e+02 2.369011181275183731e+02 2.365378104839852824e+02 2.357753989407746928e+02 2.334262238035952919e+02 2.304791707902546420e+02 2.271437015644494579e+02 2.235433347916990385e+02 2.197611437356194699e+02 2.158583777404844000e+02 2.118829739346462020e+02 2.078740032148877788e+02 2.038641649729511869e+02 1.998814854761091340e+02 1.959501916087742472e+02 1.921187536360958177e+02 1.883742821118071902e+02 1.847496049691287681e+02 1.811923747175736423e+02 1.819671426707493254e+02 1.827154885727322551e+02
1.794850773014308345e+02 1.829927679648031926e+02 1.864579192062927575e+02 1.899182641711866211e+02 1.933879944063899643e+02 1.968787402082435278e+02 2.004011544689041955e+02 2.039831869052298998e+02 2.076136305407897282e+02 2.112336538543949302e+02 2.148186831294076171e+02 2.183388773231442315e+02 2.217529365925709897e+02 2.250066235619333099e+02 2.280249606832663005e+02 2.306963731979679437e+02 2.328353524963975190e+02 2.340711788057721776e+02 2.335403106903020500e+02 2.326621011946567137e+02 2.302147224563315717e+02 2.271947123714322458e+02 2.237916415916344590e+02 2.201224548832695689e+02 2.162672679925026671e+02 2.122856329298686830e+02 2.082242693766268644e+02 2.041212135082182044e+02 2.000081277825865413e+02 1.959114662914103064e+02 1.918529043773329761e+02 1.878484523970985833e+02 1.839322333403043501e+02 1.800783448909654396e+02 1.762473658767018776e+02 1.767048397165018798e+02 1.774150431946401909e+02
1.759133113113020386e+02 1.794122644899739782e+02 1.829155237977515185e+02 1.864304271748219435e+02 1.899688087215552628e+02 1.935425495853051245e+02 1.971804004035608102e+02 2.008745087148436426e+02 2.045719192359839838e+02 2.082538352165253741e+02 2.118965559076429201e+02 2.154675740840492324e+02 2.189253635214943188e+02 2.222149924007949551e+02 2.252599565351848412e+02 2.279452502543633727e+02 2.300762733156640820e+02 2.312495452978035928e+02 2.305094832322903926e+02 2.293561747146803498e+02 2.268964149765996012e+02 2.238455452910692998e+02 2.204009116533840711e+02 2.166820778215625296e+02 2.127699542718141004e+02 2.087241267920664995e+02 2.045909839449035701e+02 2.004080906598316858e+02 1.962066170024530720e+02 1.920125194706513128e+02 1.878464830031621773e+02 1.837218151821120102e+02 1.796363560495117042e+02 1.755781886047466003e+02 1.714731927183931930e+02 1.713837939004945667e+02 1.718621733443302730e+02
1.723788791364549411e+02 1.759124004595749113e+02 1.794590799529144647e+02 1.830311705666315731e+02 1.866412929430733527e+02 1.903189393711170396e+02 1.940592925191270410e+02 1.978145677722698395e+02 2.015705959274829127e+02 2.053084602916445363e+02 2.090021703571834735e+02 2.126190722103949611e+02 2.161172693781695671e+02 2.194411920091192485e+02 2.225133524574253556e+02 2.252173179336318185e+02 2.273570511969446102e+02 2.285150405912064855e+02 2.280145555421884467e+02 2.254184071694626539e+02 2.234738055378876425e+02 2.204352264477209360e+02 2.169769871337960012e+02 2.132278099283881829e+02 2.092746334522497023e+02 2.051788316496966331e+02 2.009873783781947338e+02 1.967378498297210001e+02 1.924613446005003823e+02 1.881840875276851079e+02 1.839280772483245983e+02 1.797103279457492988e+02 1.755375403579674867e+02 1.713741927081219103e+02 1.668956876052686482e+02 1.659213539569730358e+02 1.666864731083053641e+02
1.689316180357863004e+02 1.724977512628153988e+02 1.760913399772518915e+02 1.797236990225453042e+02 1.834254805125043220e+02 1.871951411769914557e+02 1.909898196333971043e+02 1.947992698183175548e+02 1.986084663688420449e+02 2.023964384194148067e+02 2.061370083495471590e+02 2.097972004772400396e+02 2.133346766689404319e+02 2.166933436380718376e+02 2.197952618673940322e+02 2.225237853119518547e+02 2.247341644419526574e+02 2.257096211608613885e+02 2.251245707840382693e+02 2.228537348672527116e+02 2.195518487765762927e+02 2.169891108555002006e+02 2.135296704687887939e+02 2.097672976868292949e+02 2.057870275600623415e+02 2.016544097156354951e+02 1.974171860030561163e+02 1.931131738214740778e+02 1.887733963808233284e+02 1.844242713091796873e+02 1.800891454204268314e+02 1.757899044069710328e+02 1.715502583426562637e+02 1.674101169361447035e+02 1.635422069432416379e+02 1.599521422748620125e+02 1.615941828593237801e+02
