output_new_topo_ddd_5/finaltopo_bedrock__elevation.asc
ncols 300
nrows 100
xllcorner 0.0
yllcorner 0.0
cellsize 10.0
[rows 0 to 16 of 100, columns 111 to 147 of 300]
8.653489986731166539e-02 1.407216110973612544e-01 7.720493739744793693e-01 6.163777166773043437e-02 7.268238652040555081e-01 6.960349568819896859e-01 6.762152791853167644e-01 1.894041071327972059e-01 9.107032613855142733e-01 6.990786900033736373e-01 7.680635000831805836e-01 2.041668790127386668e-01 6.311108949377423061e-01 8.454956716883231804e-01 9.490881881966745093e-01 7.487776725933759092e-02 9.473755876887196559e-01 9.041669068171418466e-01 9.381436849310091919e-01 9.158847519537131054e-01 5.118786453382705437e-01 3.509609624869935995e-02 1.565566147137419373e-01 6.283748141097594830e-01 2.909071011692830888e-01 2.108648345236264765e-01 7.451414835127807557e-01 7.656131446716087918e-01 9.164147720464752567e-01 4.581552693112030950e-01 8.654168813653068115e-01 4.862836390238121087e-01 1.632160916022566965e-01 8.069733645764142205e-01 1.237404752375725892e-02 3.118785278893424495e-01 8.825364158059244568e-01
2.318705085941230379e+02 2.329235530725444221e+02 2.344290562754520693e+02 2.362841236451905615e+02 2.383824863017624125e+02 2.406479098357651480e+02 2.430259737620312137e+02 2.454755459331109364e+02 2.479633726736526000e+02 2.504605930875818274e+02 2.529403581629647135e+02 2.553761071092724535e+02 2.577402365471336338e+02 2.600029915989972551e+02 2.621314763332881057e+02 2.640887699695436481e+02 2.658333034929963219e+02 2.673190012224116572e+02 2.684973640102338663e+02 2.693234876068244716e+02 2.697829788569449079e+02 2.699810976942584375e+02 2.700024303110452593e+02 2.698958237368099731e+02 2.696936905994562608e+02 2.694192531671670849e+02 2.690907692638640469e+02 2.687238879335602064e+02 2.683329160243135334e+02 2.679313365606601565e+02 2.675317422773165958e+02 2.671453092094808426e+02 2.667809517784949662e+02 2.664443104060167116e+02 2.661366816506891837e+02 2.658538780931719430e+02 2.655848160303439727e+02
2.295815978982190870e+02 2.306881477632829274e+02 2.323541859318639808e+02 2.343565721329540281e+02 2.365738774192393237e+02 2.389369261153654804e+02 2.413974442992741842e+02 2.439187099277693562e+02 2.464707676238605814e+02 2.490273394268529614e+02 2.515636343569705389e+02 2.540547040653475506e+02 2.564741241028883678e+02 2.587928378592148988e+02 2.609780390647282502e+02 2.629920172345597962e+02 2.647909946328325077e+02 2.663242643110360177e+02 2.675348308261048942e+02 2.683498861878304069e+02 2.686839252511436484e+02 2.688212031393687766e+02 2.688041129834884941e+02 2.686690426103635332e+02 2.684432142789023032e+02 2.681473118439217274e+02 2.677982903754944459e+02 2.674112320965558069e+02 2.670004158636014040e+02 2.665797202209672605e+02 2.661624399309974365e+02 2.657606175217004534e+02 2.653840507008858367e+02 2.650391653878560874e+02 2.647279142758748094e+02 2.644467222117928031e+02 2.641853352461592408e+02
2.263923809130725999e+02 2.272971156140961568e+02 2.292697626437264660e+02 2.314734530271855704e+02 2.338488984916149604e+02 2.363428345168437659e+02 2.389151406015386101e+02 2.415346022095427827e+02 2.441754415035139800e+02 2.468146930648600517e+02 2.494302288000009753e+02 2.519992171620745864e+02 2.544968236191880919e+02 2.568949800530834864e+02 2.591610543896077274e+02 2.612562334897070855e+02 2.631334056576329772e+02 2.647340387142739360e+02 2.660411411817456155e+02 2.666215071895505844e+02 2.668526174630117680e+02 2.669187404980589804e+02 2.668506587938910570e+02 2.666761497940827326e+02 2.664171053207871296e+02 2.660911003472179459e+02 2.657133201120558397e+02 2.652980224171831196e+02 2.648594278558013002e+02 2.644119985789663474e+02 2.639700931753270652e+02 2.635470710298318409e+02 2.631540567373854174e+02 2.627986181979233038e+02 2.624836118364631261e+02 2.622062506601461109e+02 2.619572581999773888e+02
2.225885296405883196e+02 2.233720981891055999e+02 2.256144907147958634e+02 2.280280099312361131e+02 2.305761387439362977e+02 2.332154760373221336e+02 2.359132380016233697e+02 2.386439810738625908e+02 2.413864952839147406e+02 2.441214346153666384e+02 2.468295604104835945e+02 2.494903501835367194e+02 2.520807564024722183e+02 2.545739220571630028e+02 2.569376307854728907e+02 2.591322013984490695e+02 2.611071053656983167e+02 2.628600759676448320e+02 2.639983124551454239e+02 2.643934189130037566e+02 2.645232739631861705e+02 2.645172319948810014e+02 2.643948745423956552e+02 2.641770907692184664e+02 2.638810198957185094e+02 2.635211316669000894e+02 2.631106898743917668e+02 2.626630061123737505e+02 2.621922471950172735e+02 2.617136428100728267e+02 2.612429628646033279e+02 2.607952969093610704e+02 2.603834729115417872e+02 2.600164438275265297e+02 2.596980605777266078e+02 2.594263068041153133e+02 2.591927863614407670e+02
2.183733944462084366e+02 2.190950950841918541e+02 2.216004487201468294e+02 2.242283733938257626e+02 2.269560256681228907e+02 2.297474017266422948e+02 2.325771744500563045e+02 2.354262150665329614e+02 2.382782366198470925e+02 2.411176789656180404e+02 2.439282762949108019e+02 2.466918996531285586e+02 2.493874371049470824e+02 2.519895122803775109e+02 2.544668100931768322e+02 2.567791118075322174e+02 2.589382519238844225e+02 2.606965238902881197e+02 2.615086866883328867e+02 2.617926608230640682e+02 2.618354822910317807e+02 2.617610175617584218e+02 2.615850257824529876e+02 2.613233759002348506e+02 2.609891393513965454e+02 2.605937904862608434e+02 2.601485850626738170e+02 2.596657838068861111e+02 2.591595108484332854e+02 2.586460003335193960e+02 2.581428894180025395e+02 2.576674977146963670e+02 2.572347781354304743e+02 2.568552780824871888e+02 2.565338376879543034e+02 2.562690767260066309e+02 2.560532858288299849e+02
2.138648468706852555e+02 2.145911278596556997e+02 2.173635399967788544e+02 2.202104011059496429e+02 2.231195990054116294e+02 2.260639100844159941e+02 2.290273059155402109e+02 2.319978183666679286e+02 2.349642755530526586e+02 2.379148841713005709e+02 2.408363165792818563e+02 2.437128690911811191e+02 2.465255192510661004e+02 2.492507790170046178e+02 2.518585943126109896e+02 2.543759137830250836e+02 2.566022535058521612e+02 2.581595741599867324e+02 2.587527013473992952e+02 2.589223845796954038e+02 2.588830762254267484e+02 2.587441373263995388e+02 2.585166849381143948e+02 2.582123135812895498e+02 2.578403457530025662e+02 2.574092711326425160e+02 2.569281931573341353e+02 2.564081482323475711e+02 2.558631881044090335e+02 2.553108718182106998e+02 2.547713782905207722e+02 2.542649060002188719e+02 2.538090497795433578e+02 2.534161359275811947e+02 2.530918824380981960e+02 2.528352927085784927e+02 2.526390712086138706e+02
2.091318916577599794e+02 2.099584594043410846e+02 2.130092631251353055e+02 2.160776494094246232e+02 2.191631995986364529e+02 2.222549808096148070e+02 2.253494079398220435e+02 2.284418566470484961e+02 2.315259081753951875e+02 2.345932372593256900e+02 2.376333001479890754e+02 2.406328110874929394e+02 2.435750597444173877e+02 2.464383593754642163e+02 2.492590663437300122e+02 2.518690558439223253e+02 2.540691190275081794e+02 2.553468156052911979e+02 2.557790665792380196e+02 2.558474128364371438e+02 2.557311883260187528e+02 2.555319342746819871e+02 2.552561123642320240e+02 2.549113267971941923e+02 2.545031983559763376e+02 2.540371100105014079e+02 2.535197525224635342e+02 2.529606153513538231e+02 2.523735303735226125e+02 2.517778138294780774e+02 2.511972717019323511e+02 2.506558044612224876e+02 2.501742981833391468e+02 2.497669905927369598e+02 2.494402140819589704e+02 2.491929572034610203e+02 2.490179735461806558e+02
2.041998463354889850e+02 2.052854499036408811e+02 2.086372509469228476e+02 2.119179317849221036e+02 2.151603388389285101e+02 2.183876788939872711e+02 2.216075890834808888e+02 2.248208774811524222e+02 2.280248424946219359e+02 2.312141048471428633e+02 2.343806691044304671e+02 2.375137149949036370e+02 2.405984889946150531e+02 2.436775425016653855e+02 2.466080493445524269e+02 2.492294053868009485e+02 2.513627084064381734e+02 2.523460349936389377e+02 2.526478374974536791e+02 2.526168109162127848e+02 2.524275441297271527e+02 2.521720582142594083e+02 2.518516690483982927e+02 2.514697237663087321e+02 2.510279724422290428e+02 2.505284539199300582e+02 2.499750447278662477e+02 2.493751238940338055e+02 2.487418872336685070e+02 2.480969505445753782e+02 2.474696746674109988e+02 2.468885713381303617e+02 2.463786427701168691e+02 2.459560573705702780e+02 2.456272752598116256e+02 2.453906966010857218e+02 2.452386615294934700e+02
1.990342595953962643e+02 2.006477939041284060e+02 2.043796661305277382e+02 2.077949518246428795e+02 2.111625327096919023e+02 2.145115124327597300e+02 2.178507044907715624e+02 2.211834608436114422e+02 2.245096890122620152e+02 2.278264123547848499e+02 2.311280233693182993e+02 2.344055747746702423e+02 2.377057692219817966e+02 2.409055028508702492e+02 2.438740267404386657e+02 2.464853846027572786e+02 2.484739841580674522e+02 2.492315750533354048e+02 2.493959569027714451e+02 2.492659041056248270e+02 2.490074993543751987e+02 2.487003052475748461e+02 2.483399150161916111e+02 2.479249527329521072e+02 2.474530297522549347e+02 2.469225468959326690e+02 2.463340392478681906e+02 2.456918681040833121e+02 2.450075775219907257e+02 2.443055687501291970e+02 2.436246491929551894e+02 2.429984487615344619e+02 2.424571820234757524e+02 2.420187449797502666e+02 2.416889253449638204e+02 2.414647754848590750e+02 2.413376770803466229e+02
1.934149930603289818e+02 1.968601141946909081e+02 2.002409376584269864e+02 2.037275669300445315e+02 2.072023891019072721e+02 2.106628805801953490e+02 2.141163883412992845e+02 2.175680228062846595e+02 2.210196401579952976e+02 2.244703116170628334e+02 2.279159997231222121e+02 2.314062276700898622e+02 2.348335379345558920e+02 2.380892234420306295e+02 2.410849037792165745e+02 2.436235547802991164e+02 2.454792064747072686e+02 2.460214102242403271e+02 2.460475817763742157e+02 2.458209530632970825e+02 2.454977024222215505e+02 2.451441187842580689e+02 2.447491584580960762e+02 2.443061919033185063e+02 2.438084369169091588e+02 2.432504070519362074e+02 2.426287439344393704e+02 2.419434672209576718e+02 2.412021122610661052e+02 2.404315143445154774e+02 2.396888984955396324e+02 2.390113178436070029e+02 2.384359054821714494e+02 2.379816608457949769e+02 2.376524800846198673e+02 2.374431500800340302e+02 2.373435159787633211e+02
1.886763762186386941e+02 1.924609170086607719e+02 1.961215855548152831e+02 1.997281097249470463e+02 2.033045965212237718e+02 2.068692079093951293e+02 2.104338037835167938e+02 2.140052397445980148e+02 2.175868424842240927e+02 2.211786928382128394e+02 2.248321541643132662e+02 2.284523309120008889e+02 2.319469577655619617e+02 2.352534364341354660e+02 2.382211502735142403e+02 2.407271665231326381e+02 2.423861298689873820e+02 2.427311923605264496e+02 2.426195497703604360e+02 2.423006882173924055e+02 2.419182942263081486e+02 2.415248164462120144e+02 2.411016692021179324e+02 2.406365349409811927e+02 2.401181142115738112e+02 2.395369858113494388e+02 2.388855964763718873e+02 2.381579972154447660e+02 2.373524662614614158e+02 2.364943363616005172e+02 2.356818589529844132e+02 2.349458594550020791e+02 2.343340635585785208e+02 2.338651044195963209e+02 2.335392260424341657e+02 2.333479600717157041e+02 2.332790857258737560e+02
1.841075385138971683e+02 1.883605705410142264e+02 1.921379192326513135e+02 1.958253822669948079e+02 1.994880652253250730e+02 2.031505375396626505e+02 2.068254027550782439e+02 2.105198495279108499e+02 2.142372877025543687e+02 2.180300591463891919e+02 2.218133552922087688e+02 2.255071750458651536e+02 2.290662142314020002e+02 2.323686294264228138e+02 2.353359199790921821e+02 2.379109457394253297e+02 2.391435605820961143e+02 2.393750061340297748e+02 2.391247033296870370e+02 2.387184966057594977e+02 2.382845921845614896e+02 2.378591529817644528e+02 2.374151606585673733e+02 2.369343972725262404e+02 2.364011530855535170e+02 2.358024255709132433e+02 2.351269651173935529e+02 2.343616870377811949e+02 2.334848439110978688e+02 2.325041519322746240e+02 2.316173548381014484e+02 2.308148407844020085e+02 2.301657076639224613e+02 2.296847415938474626e+02 2.293660789690505624e+02 2.291970956609112591e+02 2.291631344126547845e+02
1.808287546022542642e+02 1.845385559924557981e+02 1.882874193024450733e+02 1.920220970665840809e+02 1.957615407512987247e+02 1.995205401457349979e+02 2.033086206370975617e+02 2.071314026626591840e+02 2.110413021006277745e+02 2.149615674627460749e+02 2.188214479303007067e+02 2.225876151481397756e+02 2.261576260747561093e+02 2.294798110146525687e+02 2.325295687070773170e+02 2.349223078460183842e+02 2.359229876930887713e+02 2.359910571019371730e+02 2.355713830802523603e+02 2.350834835954612174e+02 2.346084130739322120e+02 2.341605124501566024e+02 2.337038621533401397e+02 2.332144977667792887e+02 2.326726770925794483e+02 2.320626985660392734e+02 2.313716603284901794e+02 2.305812022976474225e+02 2.296310898608198556e+02 2.284575729439826830e+02 2.275067987345116478e+02 2.266260484309051435e+02 2.259408798993869141e+02 2.254528652024988844e+02 2.251467426701544809e+02 2.250051763552292527e+02 2.250109326557393956e+02
1.769754034286419540e+02 1.807569099243560231e+02 1.845219001076766574e+02 1.883087708686101109e+02 1.921286046277890307e+02 1.959894113303460585e+02 1.998970323099901805e+02 2.039028233557099554e+02 2.079363454929899433e+02 2.119338215908774430e+02 2.158702501254463471e+02 2.196568277964714184e+02 2.232585408060001555e+02 2.266710143948670577e+02 2.296143176791041469e+02 2.319191232233405060e+02 2.327258594036483430e+02 2.326039997897739795e+02 2.319540385330678305e+02 2.314008618741969769e+02 2.308992631944911125e+02 2.304398782488318034e+02 2.299793561722981678e+02 2.294886377138107036e+02 2.289445048374153373e+02 2.283297178926607387e+02 2.276334489346851058e+02 2.268434607512665480e+02 2.258339904358548154e+02 2.243277983216263749e+02 2.233672021199949995e+02 2.223826125239947373e+02 2.216667686767265764e+02 2.211795019652252279e+02 2.208925805469374382e+02 2.207841964398021162e+02 2.208346323015427970e+02
1.733074951619353783e+02 1.770296553047405723e+02 1.808271173882899916e+02 1.846820235972076034e+02 1.885939022134719210e+02 1.925659891334502731e+02 1.966472656033702435e+02 2.007721344557494092e+02 2.048821215020969078e+02 2.089579984520826201e+02 2.129207440558664928e+02 2.167459356056881745e+02 2.204403900780957883e+02 2.237866685678927468e+02 2.266918034561070954e+02 2.289205146727788360e+02 2.295774852023475034e+02 2.292497450722942176e+02 2.282442181794944247e+02 2.276747410990518290e+02 2.271657921170896373e+02 2.267066322654404473e+02 2.262512579406787268e+02 2.257664051500509288e+02 2.252258408218093564e+02 2.246112307764313698e+02 2.239162031388383127e+02 2.231655581908399029e+02 2.225745264980479305e+02 2.200042550774446966e+02 2.192389868378280653e+02 2.180799818927941374e+02 2.173489571941254326e+02 2.168734728139817491e+02 2.166132917663044566e+02 2.165440203091368119e+02 2.166437386113561843e+02
1.695461081895752500e+02 1.733325921191927250e+02 1.772023698307494897e+02 1.811465012014692491e+02 1.851645738585451966e+02 1.893025325143281918e+02 1.934986576296944349e+02 1.976987544564310895e+02 2.018877315408002460e+02 2.059937756467963936e+02 2.099992139195530001e+02 2.139167494683833297e+02 2.175682899478452157e+02 2.208990815848035822e+02 2.237704741796709129e+02 2.259390395580995516e+02 2.265157840281356698e+02 2.261590196324447106e+02 2.243533845935089062e+02 2.239171025529820440e+02 2.234173379455824602e+02 2.229690609006070190e+02 2.225277352269406492e+02 2.220558325194341194e+02 2.215242448615189232e+02 2.209120870460199342e+02 2.202078857199508946e+02 2.194238200322981811e+02 2.186981530216436340e+02 2.159992741089589003e+02 2.152106050921634903e+02 2.136924317777222768e+02 2.129935465280011613e+02 2.125433593627233506e+02 2.123173212999683983e+02 2.122927590876350621e+02 2.124459065294884681e+02
