output_new_topo_ddd_5/finaltopo_bedrock__elevation.asc
ncols 300
nrows 100
xllcorner 0.0
yllcorner 0.0
cellsize 10.0
[rows 51 to 67 of 100, columns 37 to 73 of 300]
6.982306246861124066e+01 6.528898142899637946e+01 6.059296083253236986e+01 6.524288423480658139e+01 6.973101377452971406e+01 7.425088502027303150e+01 7.879500550801756731e+01 8.335655440275066042e+01 8.793049525320836324e+01 9.251291796337378059e+01 9.710007688244647284e+01 1.016879500123533262e+02 1.062720978140728931e+02 1.108482881849295154e+02 1.154127045388501074e+02 1.199618167143961784e+02 1.244917574565088785e+02 1.289968420805529377e+02 1.334673744241057989e+02 1.378957910301184029e+02 1.422757020403015531e+02 1.465995061334416221e+02 1.508535868367829096e+02 1.549915559667743423e+02 1.589954486541649601e+02 1.628900135178496384e+02 1.664233167643624540e+02 1.695531284401303367e+02 1.720804623581427961e+02 1.741220765830437927e+02 1.759536355636732310e+02 1.766956305434384547e+02 1.771294671243999233e+02 1.774179488473876063e+02 1.778601288277678236e+02 1.783931204015183312e+02 1.792242361890519931e+02
6.884549046138741346e+01 6.421022710552124124e+01 5.941946157334324141e+01 6.429554124845932961e+01 6.899113072095710208e+01 7.369987063929023918e+01 7.840716452117389679e+01 8.310353514968797128e+01 8.778440833615032091e+01 9.244751783050907079e+01 9.709117544603755334e+01 1.017136569146342850e+02 1.063131509359275952e+02 1.108883595189941502e+02 1.154390228313831273e+02 1.199660054194298198e+02 1.244703869998772490e+02 1.289488961747563849e+02 1.333666806806034799e+02 1.377188905623578705e+02 1.420076329494699223e+02 1.462389927471068916e+02 1.504634925212899077e+02 1.544148123361049727e+02 1.581249674093098463e+02 1.613733073120866663e+02 1.645194710839924142e+02 1.672696874485253318e+02 1.696396471998612867e+02 1.719445548320589410e+02 1.728222738525392401e+02 1.732076676621386184e+02 1.733722479830229304e+02 1.734659789420108496e+02 1.737313994495178235e+02 1.740854027729689903e+02 1.743245892283878504e+02
6.788354768407265283e+01 6.312630868282904117e+01 5.820560838654100166e+01 6.338809544314793953e+01 6.833461536471821773e+01 7.325705671383911977e+01 7.812131281624253631e+01 8.292290637260281017e+01 8.766841485122468214e+01 9.236283882000677181e+01 9.700919962360569571e+01 1.016096232145936682e+02 1.061661761048275707e+02 1.106814791509978733e+02 1.151593342271211640e+02 1.196066184864234714e+02 1.240399927596430842e+02 1.285320919514380762e+02 1.328113398570848176e+02 1.369711723893403530e+02 1.410401481292994106e+02 1.450132005314196419e+02 1.486153681054463220e+02 1.522559345901918562e+02 1.556289639584600764e+02 1.589301572721960270e+02 1.619088717658863743e+02 1.645873874038631186e+02 1.673824763803139888e+02 1.689150827738002931e+02 1.693334139174180564e+02 1.693895979945914405e+02 1.693285505175993535e+02 1.692626045049075287e+02 1.693937121174108427e+02 1.696552561586832439e+02 1.699076247784842906e+02
6.695360996594553171e+01 6.204564136894286008e+01 5.697436832391199601e+01 6.258809659907731771e+01 6.778076800182397221e+01 7.298852341248172593e+01 7.793724534125156822e+01 8.272649801844630701e+01 8.742403959791481327e+01 9.204161534157302071e+01 9.658363285737054582e+01 1.010551885611479150e+02 1.054622387429096335e+02 1.098102590734213351e+02 1.141042046632710907e+02 1.183454858141343493e+02 1.225427569241606420e+02 1.264243734266587609e+02 1.304531936184273206e+02 1.344714010300717746e+02 1.384279488791762844e+02 1.421393921270070564e+02 1.458680097935356343e+02 1.493727519275923612e+02 1.528326062002496144e+02 1.560466109633052838e+02 1.590244025976030855e+02 1.621481229758263680e+02 1.646210628319306579e+02 1.655102715946254932e+02 1.655899932789958200e+02 1.653130105102128198e+02 1.650604325485525692e+02 1.648635491402672244e+02 1.648878928225493041e+02 1.650990659868394062e+02 1.654033640941342185e+02
6.614388931720520759e+01 6.105662334391625734e+01 5.579693215983483867e+01 6.138070761551838928e+01 6.633415838111706364e+01 7.083693152158588191e+01 7.555044289281408965e+01 8.025405479719324831e+01 8.488515476965899609e+01 8.943503574790454991e+01 9.390881212803526523e+01 9.831398167692279344e+01 1.026571028966224333e+02 1.069434436882930584e+02 1.111749165600782021e+02 1.153561859908206770e+02 1.193238486910838958e+02 1.233866081648263133e+02 1.274127891747401833e+02 1.313955827663907598e+02 1.352022343430242017e+02 1.390273918911056796e+02 1.426795432382385229e+02 1.463020294395558381e+02 1.497349525030811890e+02 1.529883991115519848e+02 1.564215415847431530e+02 1.594108918338972671e+02 1.614625390853535691e+02 1.619267588478091113e+02 1.616646602997581681e+02 1.610109922682086392e+02 1.606108343201175330e+02 1.603105677607647408e+02 1.602392702075074737e+02 1.604129668068346746e+02 1.608566615710165877e+02
6.576222627761880801e+01 6.043759276230608890e+01 5.460104005241387881e+01 5.833514661298848836e+01 6.273150912549201763e+01 6.765382643905429916e+01 7.247106397280501255e+01 7.714534914600206150e+01 8.170896703597318833e+01 8.618891697036414712e+01 9.060160905897006955e+01 9.495646883973311958e+01 9.925883345097139454e+01 1.035101957155915073e+02 1.077134285260271014e+02 1.117523779360967922e+02 1.158635291755261960e+02 1.199427992277439614e+02 1.239823805294585952e+02 1.278856081687441559e+02 1.318136371386562473e+02 1.356081411517755555e+02 1.393920714365770834e+02 1.430292209683375972e+02 1.465304386812640018e+02 1.502303962080299868e+02 1.536011742814272338e+02 1.566049626741462646e+02 1.579662116481619591e+02 1.582145299577452136e+02 1.576319946002265056e+02 1.564801671151952291e+02 1.560142412886785053e+02 1.556393452655321425e+02 1.554668224197385200e+02 1.555683796912062746e+02 1.563191267438857892e+02
6.639883558746237213e+01 6.173131407555624861e+01 5.804719406630525924e+01 5.269504134901673353e+01 5.905977659182840256e+01 6.435306725808803208e+01 6.912793450138688911e+01 7.369612818894587747e+01 7.816034837380121303e+01 8.255885989571177674e+01 8.690925484063809847e+01 9.121873418267544764e+01 9.548827358192760073e+01 9.971905789626154615e+01 1.038205278676174714e+02 1.079851154181016426e+02 1.121266228233049844e+02 1.162387848513395596e+02 1.202420255189435636e+02 1.242764989545329399e+02 1.282084721038490613e+02 1.321475578801295114e+02 1.359759213071633042e+02 1.397037639328277123e+02 1.436432256993755914e+02 1.473357930426591054e+02 1.507497097883649531e+02 1.534626708230138661e+02 1.544338851192387949e+02 1.544630740293042948e+02 1.537378830449866598e+02 1.516448428872866998e+02 1.513110211581084457e+02 1.508876533506058024e+02 1.505941730718698750e+02 1.504796792225420461e+02 1.518434901053424255e+02
6.639808418109920751e+01 6.145789863673773823e+01 5.653690429599635081e+01 5.142721112459738464e+01 5.658116588758716858e+01 6.113325672191749049e+01 6.559436899158161793e+01 7.000084394805830357e+01 7.435104635722763078e+01 7.866685394033947887e+01 8.295954248454246738e+01 8.722925046005845218e+01 9.147491325874915447e+01 9.562211122300573152e+01 9.983192821443429921e+01 1.040314396774987813e+02 1.082153987399343151e+02 1.123158704336344158e+02 1.164558293391279591e+02 1.205194466335192516e+02 1.246065168264923102e+02 1.286137293272837496e+02 1.325508204403447508e+02 1.367100520175579845e+02 1.406843685664570387e+02 1.444505298423270858e+02 1.477017699290179564e+02 1.502199122176294281e+02 1.508347110359719636e+02 1.508473708694191657e+02 1.487724804585512004e+02 1.469839677350058196e+02 1.465693273058280397e+02 1.460993419952137913e+02 1.456752896726954134e+02 1.448697654503787646e+02 1.482631782597458994e+02
6.647615910496035951e+01 6.133732632745060442e+01 5.604564323965075090e+01 5.020295197632349016e+01 5.344893513924987616e+01 5.747338587033427615e+01 6.182120107839475054e+01 6.609324331685913023e+01 7.033637183773646484e+01 7.458333406872090166e+01 7.883070710500668099e+01 8.307131608297602554e+01 8.724131553321095112e+01 9.147852677707250280e+01 9.572141912301344746e+01 9.996595827138933998e+01 1.041528373935724403e+02 1.083908340511969612e+02 1.125771293949697736e+02 1.168029109308183138e+02 1.209764364305944326e+02 1.251070009289293097e+02 1.294698510457583609e+02 1.336982206137182061e+02 1.377740581459193834e+02 1.414590227897074612e+02 1.446260151694745844e+02 1.468938020945259950e+02 1.470973675211949967e+02 1.465113255269526462e+02 1.450044253330380002e+02 1.421297840069990741e+02 1.417994422611161838e+02 1.413136634458622609e+02 1.408584000661470270e+02 1.401210070742423000e+02 1.438263042230101121e+02
6.713195840057467478e+01 6.227984188439678803e+01 5.757294135555969206e+01 5.381743391241290908e+01 4.830521079340255852e+01 5.367227723777313031e+01 5.789694811310481981e+01 6.198779098583364089e+01 6.615083576191339887e+01 7.036060287833448967e+01 7.458186014289937305e+01 7.875246798370561407e+01 8.299447471923521391e+01 8.725888831657997002e+01 9.154467182422600047e+01 9.580032550958721060e+01 1.001226567706742401e+02 1.044186912541038339e+02 1.087709361386862810e+02 1.130965858923225227e+02 1.174043523543001157e+02 1.219548397211132880e+02 1.264146899436989173e+02 1.307689730848591978e+02 1.348225147791313816e+02 1.384952703953653668e+02 1.415982214765440119e+02 1.435256564096264924e+02 1.433392267171249728e+02 1.423408546974730484e+02 1.400668433988094250e+02 1.374274865102116223e+02 1.370388067839811299e+02 1.365445034476680917e+02 1.361102864744028409e+02 1.354574739870622011e+02 1.393605363047987851e+02
6.769997499414857600e+01 6.280002453586926947e+01 5.786404909017856113e+01 5.277931403852894476e+01 4.704735915987621553e+01 5.016265580672924784e+01 5.368991539327380025e+01 5.766339808415020229e+01 6.183825261099944726e+01 6.605491803375548443e+01 7.021673509568985594e+01 7.444187329427609257e+01 7.870193585273547399e+01 8.300366225159690714e+01 8.730457044586262327e+01 9.169220436076966507e+01 9.608177888296187064e+01 1.005463014994209061e+02 1.050084632325937264e+02 1.094756726423261313e+02 1.141957084492348429e+02 1.188651196777145742e+02 1.234713156291532101e+02 1.278467558127556174e+02 1.319323346369512251e+02 1.355947634356504068e+02 1.388004330055876494e+02 1.400552283972371583e+02 1.399364938352419472e+02 1.374388819965757875e+02 1.358102804408102315e+02 1.326746138908987973e+02 1.322806863405436673e+02 1.317905891094863478e+02 1.314114863170023000e+02 1.308732963339321600e+02 1.348577003730769093e+02
6.840580736915953253e+01 6.368006359596464705e+01 5.904367316562122170e+01 5.451914763899239347e+01 5.093952315782633633e+01 4.514144669017599654e+01 4.903620868434802560e+01 5.316436873391907625e+01 5.750656882459217201e+01 6.168736242767881350e+01 6.587605713475316804e+01 7.010176929575330007e+01 7.438914412774536800e+01 7.870657368639609786e+01 8.313524590768098221e+01 8.759869396066115144e+01 9.216194069900217301e+01 9.674724469304614161e+01 1.013561203596760834e+02 1.062251166705802490e+02 1.110802761052325422e+02 1.159131564895474895e+02 1.205774041442206226e+02 1.250236431968541382e+02 1.291471566765044940e+02 1.329345269299046208e+02 1.358412175801738897e+02 1.366207106019732009e+02 1.358893027641580602e+02 1.337701321371584982e+02 1.305503963914100893e+02 1.279973574251290813e+02 1.275295583506309072e+02 1.270446895049895346e+02 1.267476591690944048e+02 1.263532011188175659e+02 1.305683723368697713e+02
6.895230615490719117e+01 6.432909445418093242e+01 5.984143336411386116e+01 5.554270200012148706e+01 5.150686488870056223e+01 4.821558699636408818e+01 4.328309607446295360e+01 4.894133685879099716e+01 5.326509794941865295e+01 5.736617081617710312e+01 6.150566197384973322e+01 6.574002542656224080e+01 7.003896834610192457e+01 7.447923464620859590e+01 7.899013666280193036e+01 8.363464587228020264e+01 8.834165801262251705e+01 9.308290748193216757e+01 9.807745847660085303e+01 1.030904394512005524e+02 1.081214537955606687e+02 1.130461815752766341e+02 1.178207750624256391e+02 1.223500013454640509e+02 1.266384201292949996e+02 1.303021619702235512e+02 1.329593968606325234e+02 1.334473274442123625e+02 1.315713354981757561e+02 1.295385355359033781e+02 1.266616675127697960e+02 1.232639062229037563e+02 1.227691453938269746e+02 1.222932547339002269e+02 1.221057651972643612e+02 1.219249580433495481e+02 1.263017860817153917e+02
6.918151557957753539e+01 6.450387259842361232e+01 5.991039449538164519e+01 5.540391526607248096e+01 5.097347806149814886e+01 4.656913146371338996e+01 4.200510354250080525e+01 4.529180728003634471e+01 4.893920630173096953e+01 5.286417471609729546e+01 5.697363630150194780e+01 6.123075040712144812e+01 6.563530562272563884e+01 7.017936990647463347e+01 7.486588064475738236e+01 7.968518005702220819e+01 8.463599395816277138e+01 8.971443212473137407e+01 9.486117058248703415e+01 1.000467840255365246e+02 1.052134102350552496e+02 1.103042858150694627e+02 1.152434075923013950e+02 1.199542027314172685e+02 1.242627839940049483e+02 1.279590850755931655e+02 1.300967156568615621e+02 1.299379368445411274e+02 1.280029802703295729e+02 1.250993482645087198e+02 1.222525839142549273e+02 1.186789429961080060e+02 1.179912714476631379e+02 1.175187553135269241e+02 1.174633672039982599e+02 1.175951104135322822e+02 1.220713335274154190e+02
6.922297161499176354e+01 6.444436375766140657e+01 5.971227874707650329e+01 5.502277658655691539e+01 5.036991473049943835e+01 4.574734134739711777e+01 4.097108978046254180e+01 4.528816849104500619e+01 4.940128600396418079e+01 5.357608565771146658e+01 5.781653875457246983e+01 6.208250368528925378e+01 6.650209370788776653e+01 7.107371265880196631e+01 7.578042477675464283e+01 8.060107314249532351e+01 8.551355921228062584e+01 9.049205259282879865e+01 9.550190774365606217e+01 1.005051763249600327e+02 1.054562056899723217e+02 1.103045032937391312e+02 1.149824736094230815e+02 1.193775460900410792e+02 1.233178206686922209e+02 1.261640203225139203e+02 1.270662710844388954e+02 1.263371803708428160e+02 1.241634870500532202e+02 1.212806020508134424e+02 1.177551699544704746e+02 1.141822321656197659e+02 1.131466037530056639e+02 1.126996218556580942e+02 1.127630651597362146e+02 1.133684264306137663e+02 1.181417929814930829e+02
6.918318760009262292e+01 6.431498650770203085e+01 5.946837644878861084e+01 5.463366058374892731e+01 4.979976802546386239e+01 4.495933264101267923e+01 3.995327574762439582e+01 4.491999774013498836e+01 4.929094157622604655e+01 5.372467248929120842e+01 5.837644829483481601e+01 6.192764014510022719e+01 6.641775978746984777e+01 7.109963961113118103e+01 7.590995359264904607e+01 8.080412449436548172e+01 8.574863314507062739e+01 9.071226774045533148e+01 9.566159450499380057e+01 1.005590703513334887e+02 1.053607361507553435e+02 1.100124426352032714e+02 1.144390735318544472e+02 1.185355098136059837e+02 1.215840089237671435e+02 1.238740148260029486e+02 1.241904346827637511e+02 1.224425305554043888e+02 1.203026618632827223e+02 1.173079655545276836e+02 1.138848291022366368e+02 1.097473441837913981e+02 1.081430991039776188e+02 1.078280064935126461e+02 1.078965256047699484e+02 1.092516435911652053e+02 1.144965604351841932e+02
6.918921945064803936e+01 6.427634338287147386e+01 5.937945490965103801e+01 5.447909228828545025e+01 4.953567673710455210e+01 4.446982997388133185e+01 3.891879247285103816e+01 4.234018024099093935e+01 4.647127719309139593e+01 5.132559153943821428e+01 5.506286043094302585e+01 6.026324248980465370e+01 6.534159691164134642e+01 7.040325050306493893e+01 7.546150021502090510e+01 8.051364378017299828e+01 8.554663761262108324e+01 9.053949928864481933e+01 9.546412466586987478e+01 1.002851523690188884e+02 1.049582759295544889e+02 1.094326243040611217e+02 1.136483246831878517e+02 1.167999925449849172e+02 1.195948585734166159e+02 1.212861114264190974e+02 1.209804589201438745e+02 1.190226992239564083e+02 1.162222836289412129e+02 1.133272960826673454e+02 1.099131776562246898e+02 1.064711026682993804e+02 1.027320725277557756e+02 1.029536804563668113e+02 1.025464443751162378e+02 1.068165375640483461e+02 1.112057218952352429e+02
