output_new_topo_ddd_5/finaltopo_topographic__elevation.asc
ncols 300
nrows 100
xllcorner 0.0
yllcorner 0.0
cellsize 10.0
[rows 17 to 33 of 100, columns 148 to 184 of 300]
2.087133028736017764e+02 2.092145933402587445e+02 2.096475978208399340e+02 2.121276806791366312e+02 2.136129951866084582e+02 2.136113562752335042e+02 2.130096178117796342e+02 2.105378850638289805e+02 2.073414661430925889e+02 2.036757111392215052e+02 1.996768618525591421e+02 1.954314284479289086e+02 1.910012844287970779e+02 1.864341524586629362e+02 1.817692869114875407e+02 1.770454345404010894e+02 1.722960436824699570e+02 1.677951346446916716e+02 1.635151742145711466e+02 1.643232631392442045e+02 1.643419827759242935e+02 1.639419878459385416e+02 1.631158225327425839e+02 1.621756137337802670e+02 1.582639447834783937e+02 1.624120182456607040e+02 1.665051691114420009e+02 1.705975488858295535e+02 1.746850938728568678e+02 1.787748228782876652e+02 1.828802700642318939e+02 1.870162881742648437e+02 1.911966505670088168e+02 1.954763355680057941e+02 1.997798222477671004e+02 2.041161319245027244e+02 2.084770981315559197e+02
2.045836255632357847e+02 2.051871373011110506e+02 2.059333169313659937e+02 2.085621957964669946e+02 2.102750070707542989e+02 2.103019495732660005e+02 2.097016912297038687e+02 2.072141228895058873e+02 2.039978945891771502e+02 2.003069919393913665e+02 1.962780891363626949e+02 1.919986017766039197e+02 1.875312070747984592e+02 1.829235740704666000e+02 1.782128107972861244e+02 1.734296060486946942e+02 1.686104019591291774e+02 1.638004565942221120e+02 1.590922448017253998e+02 1.594567607721910178e+02 1.595241985408865446e+02 1.591660779335670952e+02 1.582285190223754512e+02 1.571547159165010044e+02 1.538191422344525279e+02 1.581394857232648121e+02 1.623873802208439088e+02 1.665983014395684734e+02 1.707777268685805723e+02 1.749507588670247458e+02 1.791410234089392191e+02 1.833671333795563783e+02 1.876855831918697390e+02 1.920260536903935531e+02 1.963994219535534285e+02 2.008007554773449783e+02 2.052243982434461316e+02
2.004451797059037403e+02 2.011289539016431434e+02 2.023924980135538476e+02 2.052586662183375950e+02 2.070413477867180347e+02 2.070641789772563754e+02 2.064489190258037468e+02 2.039339631158833868e+02 2.006907894759752082e+02 1.969702649106185959e+02 1.929091075330754848e+02 1.885955810858955601e+02 1.840933486489530253e+02 1.794505230897318881e+02 1.747024802508922221e+02 1.698708827041307643e+02 1.649588817140262620e+02 1.599526326750635121e+02 1.548637768075599013e+02 1.546236702539987675e+02 1.547825932442322596e+02 1.545025257947258694e+02 1.533582873475934036e+02 1.514348201673649328e+02 1.496024927716833588e+02 1.541227495238237850e+02 1.585171366571193516e+02 1.627960957570680023e+02 1.670308031708195244e+02 1.712660144382634257e+02 1.755278523693086470e+02 1.798741483407112014e+02 1.842388160973746665e+02 1.886334681138806673e+02 1.930556842425026787e+02 1.975038326703712812e+02 2.019752526207984147e+02
1.962830586519843905e+02 1.968612577784157622e+02 1.998470988679249842e+02 2.022051666077698258e+02 2.039240151791284461e+02 2.038991743954160256e+02 2.032553465544354481e+02 2.006974721817159661e+02 1.974179829675533426e+02 1.936621940599998482e+02 1.895657319933214922e+02 1.852173260519915914e+02 1.806817381554984934e+02 1.760085718655659548e+02 1.712352662120796083e+02 1.663862900920085508e+02 1.614643686420097026e+02 1.564047370580267966e+02 1.507646051810867789e+02 1.496298190726028281e+02 1.501146108338597571e+02 1.500082539019263379e+02 1.496490569233872350e+02 1.451648910513249859e+02 1.455967783443133214e+02 1.505361938228782321e+02 1.548989303118519842e+02 1.591652770939642778e+02 1.634245608082273122e+02 1.677080007781019333e+02 1.720712490985255840e+02 1.764493649237530803e+02 1.808517964367667048e+02 1.852764774544093598e+02 1.897249172022267203e+02 1.942003239773116547e+02 1.987036351460763797e+02
1.921161631769591907e+02 1.933040341337469101e+02 1.966347253868402731e+02 1.991662012457908872e+02 2.008858473245180392e+02 2.007916828335594630e+02 2.001107466488255398e+02 1.974950023019989089e+02 1.941708785447187608e+02 1.903749773158090477e+02 1.862405091439511580e+02 1.818560979693419313e+02 1.772872940488978202e+02 1.725850840556613548e+02 1.677897130867144142e+02 1.629333504003281519e+02 1.580452058915039402e+02 1.531714986427290341e+02 1.485011462671498066e+02 1.440884912722859497e+02 1.455538460453456082e+02 1.455096774752058195e+02 1.445724430246259260e+02 1.395971122322864915e+02 1.432560234361976086e+02 1.472260674432791916e+02 1.514093017544724660e+02 1.556482119572351053e+02 1.599315187716628657e+02 1.643006878490101030e+02 1.686859178059882254e+02 1.730891289490153611e+02 1.775036574914286405e+02 1.819310551306442960e+02 1.863802252896932714e+02 1.908617612427376002e+02 1.953793056118880429e+02
1.877369624472639202e+02 1.909342797021702154e+02 1.937542569350924850e+02 1.962435910493063886e+02 1.979333739035711233e+02 1.977288321383488778e+02 1.969900826261838631e+02 1.943062920092744434e+02 1.909343282896553262e+02 1.870967711675470753e+02 1.829234134294510739e+02 1.785026093735867221e+02 1.739004290632238394e+02 1.691683666756907201e+02 1.643471818410279468e+02 1.594700473217273782e+02 1.545674256828594650e+02 1.496765459589151988e+02 1.448525006443252039e+02 1.400685637736874867e+02 1.413124160094037904e+02 1.411791535792262948e+02 1.402591913104903654e+02 1.356157651168203415e+02 1.396750106476200415e+02 1.437654689274177997e+02 1.479496958987834319e+02 1.522087806564274217e+02 1.565730368021346806e+02 1.609651062283760155e+02 1.653734411452176687e+02 1.697782586414183754e+02 1.741728370859519259e+02 1.785689559354280505e+02 1.829900768091657994e+02 1.874554539068877261e+02 1.919723806086259970e+02
1.842287746628321088e+02 1.880408107766304795e+02 1.910045175144565519e+02 1.934579366172844175e+02 1.950794276447940092e+02 1.946994559674574532e+02 1.938401674666298788e+02 1.910976193866083577e+02 1.876874071717976165e+02 1.838130259844970453e+02 1.796028462866777886e+02 1.751466306803906718e+02 1.705117474723947169e+02 1.657499785109445156e+02 1.609010955827727685e+02 1.559958033818110152e+02 1.510594482588289509e+02 1.461166157362288232e+02 1.411932127842301270e+02 1.362392287367080996e+02 1.372978624340427132e+02 1.369675448767536636e+02 1.360876896698773919e+02 1.319536178823299508e+02 1.361656933416825837e+02 1.403165224200013483e+02 1.445333860555889487e+02 1.488801609841863751e+02 1.532829181637459897e+02 1.577145599385721368e+02 1.621325956537965851e+02 1.665047033231992941e+02 1.708302905019411639e+02 1.751521471691732756e+02 1.795160036175548157e+02 1.839469265161287410e+02 1.884633448388268846e+02
1.821714073088956525e+02 1.854095305935637725e+02 1.883499331160333270e+02 1.907893626569656362e+02 1.923463832200168326e+02 1.916960737929913989e+02 1.905201578758505718e+02 1.878221945189509938e+02 1.844083151947645263e+02 1.805098364438126453e+02 1.762672164257774909e+02 1.717769905067580396e+02 1.671104919175215571e+02 1.623209338482156738e+02 1.574470117657401147e+02 1.525160716876395952e+02 1.475481659533575396e+02 1.425606958421868171e+02 1.375708994489063457e+02 1.325298490738522048e+02 1.334700202302867638e+02 1.327951829405617161e+02 1.314304407464629207e+02 1.285521722238010511e+02 1.327692559778041925e+02 1.369014769198007855e+02 1.411991390024981854e+02 1.456096147502882729e+02 1.500916673435368693e+02 1.545722501579865877e+02 1.589801168397280833e+02 1.632480747936685361e+02 1.674182398585124076e+02 1.716322756058725645e+02 1.759161460684350118e+02 1.803037019098010205e+02 1.848453508079382175e+02
1.794157741326415021e+02 1.828393635786031268e+02 1.858032863471449332e+02 1.882464747821776143e+02 1.898341730023161915e+02 1.895306852781144471e+02 1.864847564593188736e+02 1.844740380372189748e+02 1.810884154987177226e+02 1.771802313022967610e+02 1.729072487606901802e+02 1.683816140837480475e+02 1.636824482156555973e+02 1.588673259008575656e+02 1.539749308307717683e+02 1.490288619033530608e+02 1.440434164449234800e+02 1.390304637501180025e+02 1.340041324012961184e+02 1.289183263455722965e+02 1.298524726948559191e+02 1.298848402001299860e+02 1.254896031169032398e+02 1.253861447023645326e+02 1.293022931023429862e+02 1.334612912946701329e+02 1.378522720948418510e+02 1.424099781730688505e+02 1.470350135896322854e+02 1.515735522760283231e+02 1.560056164769866598e+02 1.598713176513058727e+02 1.638479175314552947e+02 1.679908266357379603e+02 1.721348081275692437e+02 1.764839185507187267e+02 1.811314690710426305e+02
1.770044466794954872e+02 1.803629954549973036e+02 1.833333593414376139e+02 1.857782465172600723e+02 1.873403530552595271e+02 1.868931498682526069e+02 1.843913669174415020e+02 1.804580376880581412e+02 1.777518303414380512e+02 1.738238661147440780e+02 1.695194265722952025e+02 1.649486511132722910e+02 1.602092937575561962e+02 1.553675209854602883e+02 1.504653609549885687e+02 1.455217897786126855e+02 1.405423176990884144e+02 1.355306836587012072e+02 1.304959572093522411e+02 1.253889407414229282e+02 1.262382138501366455e+02 1.257693086892538901e+02 1.208396956315135640e+02 1.260653627061768844e+02 1.300755026934241698e+02 1.345912799196986498e+02 1.392223331310476055e+02 1.436691030224480699e+02 1.474537123454297216e+02 1.508371493933881311e+02 1.527040207237018024e+02 1.560950979955088656e+02 1.601132513696309161e+02 1.644104374747556108e+02 1.678249078456669565e+02 1.724896609073520608e+02 1.773643133443711406e+02
1.745704753857067999e+02 1.779379640317206963e+02 1.809203114323176464e+02 1.833685300538066656e+02 1.849060448820647480e+02 1.843904526831580313e+02 1.818549712140047347e+02 1.783046323651107059e+02 1.737394271561457799e+02 1.704766259956946612e+02 1.661057269108260073e+02 1.614750097264728765e+02 1.566725671791078298e+02 1.517926860886249756e+02 1.468869640235273550e+02 1.419708134435130376e+02 1.370324432083894237e+02 1.320593756676167914e+02 1.270507285180021881e+02 1.219524880012973966e+02 1.227542142172022039e+02 1.224882761764277745e+02 1.183084838349937797e+02 1.232176278013482857e+02 1.290427980819951586e+02 1.339816544190015577e+02 1.379235017592481540e+02 1.412746671407543886e+02 1.444956266654175749e+02 1.459027639758610349e+02 1.479928133108639088e+02 1.519732441821802524e+02 1.562386525333282350e+02 1.608175449906629524e+02 1.667816365666424758e+02 1.722705807819960455e+02 1.775799849414556206e+02
1.722167391798908795e+02 1.755566065311088835e+02 1.785480822040043165e+02 1.810051495473284149e+02 1.825342612492497949e+02 1.819863297097668067e+02 1.794148920263605191e+02 1.757993339361615881e+02 1.715189038260226653e+02 1.664684342560608457e+02 1.627328607398391966e+02 1.579738347923220090e+02 1.530707141974907870e+02 1.481121517952302611e+02 1.431917797781014769e+02 1.383343064948258814e+02 1.334908766967286056e+02 1.286092547453095563e+02 1.236719697200389447e+02 1.186151093399290488e+02 1.193233571113992184e+02 1.191434091663920327e+02 1.159511891228401907e+02 1.220639432212816757e+02 1.268171650635960361e+02 1.310883747161018107e+02 1.347369104817243510e+02 1.383276097846589892e+02 1.396451629260798484e+02 1.417381528607301959e+02 1.470251764353347141e+02 1.519960266676971230e+02 1.569738678620968528e+02 1.620609814416707763e+02 1.673482687993751483e+02 1.726672119104001126e+02 1.779605233615568238e+02
1.698431656716379905e+02 1.731912998176692327e+02 1.761985176693923449e+02 1.786732127709489362e+02 1.802149374410022062e+02 1.796725862736277008e+02 1.770877201257004288e+02 1.734081964082656668e+02 1.690191720728264499e+02 1.641904651020939241e+02 1.587804746369453710e+02 1.545685936610657905e+02 1.494166625780656261e+02 1.443165926976048752e+02 1.393001634090229572e+02 1.345232146037552923e+02 1.298839747730445993e+02 1.251638978569465621e+02 1.203633939402742072e+02 1.153935269899763085e+02 1.158996414646033628e+02 1.149186974116994691e+02 1.137611611705262504e+02 1.190851654417578800e+02 1.239562478866271107e+02 1.278481015378413872e+02 1.318908651671368091e+02 1.334220661921915223e+02 1.356716181428669756e+02 1.411729193597086578e+02 1.465268888942729575e+02 1.518425973175745298e+02 1.571450774283684382e+02 1.624561570733912390e+02 1.677846388380254155e+02 1.731068257529326502e+02 1.783968848331778929e+02
1.674603048146641413e+02 1.708190719221427116e+02 1.738501928327550843e+02 1.763544291195237292e+02 1.779305624598678151e+02 1.774345643209864818e+02 1.749204129038788835e+02 1.712327147187745595e+02 1.666507518134220334e+02 1.616804557750720619e+02 1.564325084664239967e+02 1.509240098414540796e+02 1.456646325093490475e+02 1.403827633040727108e+02 1.351724654295937569e+02 1.301225568229196483e+02 1.262990624442426082e+02 1.216615310592899561e+02 1.171238004361587457e+02 1.123120770443372294e+02 1.140349444154941239e+02 1.098984214719987449e+02 1.145814346626932263e+02 1.188395261679671506e+02 1.211624783096152669e+02 1.247431512343678861e+02 1.270287869985719738e+02 1.296759762946539638e+02 1.353465420029100414e+02 1.408765709127090702e+02 1.463782095993420569e+02 1.518585218255549307e+02 1.573146285001561182e+02 1.627432765544447477e+02 1.681385214156121037e+02 1.734891535847617661e+02 1.787809196225079518e+02
1.650278669807508720e+02 1.684165065672461594e+02 1.714842439575760977e+02 1.740306803720633866e+02 1.756578068495298339e+02 1.752259027712478598e+02 1.728446994377172530e+02 1.696364987173186023e+02 1.661640602841380883e+02 1.614808510760878164e+02 1.563962804456961919e+02 1.511525648396788881e+02 1.457490327421238021e+02 1.402247729977027291e+02 1.345761320068893099e+02 1.287150267366805849e+02 1.223790040378374613e+02 1.175445098117792639e+02 1.140297525731625825e+02 1.093726736109356779e+02 1.109766433646231718e+02 1.080123932761342758e+02 1.121804507633255952e+02 1.159500760078495318e+02 1.166562904473446167e+02 1.198987136087849876e+02 1.238192763467524742e+02 1.297631336774797717e+02 1.354482579405371325e+02 1.410461123448955902e+02 1.466174291338328146e+02 1.521982401654204295e+02 1.577364325239192340e+02 1.632170094094815056e+02 1.686336738395433770e+02 1.739801583916863592e+02 1.792480401463137696e+02
1.625270677562965318e+02 1.659703675470502162e+02 1.690890640696438538e+02 1.716887603992614970e+02 1.733767007196550480e+02 1.729966919923492981e+02 1.706415224889480555e+02 1.674292774699536608e+02 1.637499327613658409e+02 1.601839093923989594e+02 1.558841942337122930e+02 1.509613801812163558e+02 1.454507409482556852e+02 1.398781394047985600e+02 1.342101575346108575e+02 1.283952231631749896e+02 1.224520130554049047e+02 1.165525629845317752e+02 1.103622604944428787e+02 1.066041417229994295e+02 1.074968166872725703e+02 1.062814519098665613e+02 1.088110822444571966e+02 1.118673242168538593e+02 1.167030506564706513e+02 1.212672560790420562e+02 1.259338379668931225e+02 1.309675517037053680e+02 1.361949488794480203e+02 1.415582414528265929e+02 1.469976934055591471e+02 1.528888493873969310e+02 1.584820335430631815e+02 1.639344158117959296e+02 1.692905235665325279e+02 1.745647983736571405e+02 1.797568805640098049e+02
1.599803969287958978e+02 1.634856709476317747e+02 1.666632793346059032e+02 1.693241772470988735e+02 1.710819915936772020e+02 1.707529227478288192e+02 1.683784060804152602e+02 1.651033587679115726e+02 1.613197374388477101e+02 1.572419975130050318e+02 1.532633546073880382e+02 1.487644909379045259e+02 1.442000393327209053e+02 1.391352069988793687e+02 1.337587019242547512e+02 1.281143440721644140e+02 1.219242394513280345e+02 1.157561366753746768e+02 1.097989581708993114e+02 1.038652317551565289e+02 1.037400339573601258e+02 1.087731321735086993e+02 1.129042610651396643e+02 1.167213136457787215e+02 1.209719972904749596e+02 1.255246811234474933e+02 1.302324685717327100e+02 1.350990662627592371e+02 1.401869509995017893e+02 1.453745523874969194e+02 1.509144005266117574e+02 1.549440392470475558e+02 1.599342950619262922e+02 1.650238946255934991e+02 1.701420972295918261e+02 1.752453844763344364e+02 1.803039628706376050e+02
