output_new_topo_ddd_5/finaltopo_surface_water__discharge.asc
ncols 300
nrows 100
xllcorner 0.0
yllcorner 0.0
cellsize 10.0
[rows 51 to 67 of 100, columns 37 to 73 of 300]
1.050000000000000000e+03 1.100000000000000000e+03 2.014500000000000000e+05 1.150000000000000000e+03 1.100000000000000000e+03 1.050000000000000000e+03 1.000000000000000000e+03 9.500000000000000000e+02 9.000000000000000000e+02 8.500000000000000000e+02 8.000000000000000000e+02 7.500000000000000000e+02 7.000000000000000000e+02 6.500000000000000000e+02 6.000000000000000000e+02 5.500000000000000000e+02 5.000000000000000000e+02 4.500000000000000000e+02 4.000000000000000000e+02 3.500000000000000000e+02 3.000000000000000000e+02 2.500000000000000000e+02 2.000000000000000000e+02 1.500000000000000000e+02 1.000000000000000000e+02 5.000000000000000000e+01 5.000000000000000000e+01 5.000000000000000000e+01 1.000000000000000000e+02 2.000000000000000000e+02 5.000000000000000000e+01 1.000000000000000000e+02 1.500000000000000000e+02 2.500000000000000000e+02 2.500000000000000000e+02 3.000000000000000000e+02 2.000000000000000000e+02
1.100000000000000000e+03 1.150000000000000000e+03 2.036500000000000000e+05 1.000000000000000000e+03 9.500000000000000000e+02 9.000000000000000000e+02 8.500000000000000000e+02 8.000000000000000000e+02 7.500000000000000000e+02 7.000000000000000000e+02 6.500000000000000000e+02 6.000000000000000000e+02 5.500000000000000000e+02 5.000000000000000000e+02 4.500000000000000000e+02 4.000000000000000000e+02 3.500000000000000000e+02 3.000000000000000000e+02 2.500000000000000000e+02 2.000000000000000000e+02 1.500000000000000000e+02 1.000000000000000000e+02 5.000000000000000000e+01 5.000000000000000000e+01 5.000000000000000000e+01 1.000000000000000000e+02 1.000000000000000000e+02 1.500000000000000000e+02 2.500000000000000000e+02 5.000000000000000000e+01 1.000000000000000000e+02 1.500000000000000000e+02 2.000000000000000000e+02 3.000000000000000000e+02 3.000000000000000000e+02 3.500000000000000000e+02 1.200000000000000000e+03
1.050000000000000000e+03 1.100000000000000000e+03 2.055500000000000000e+05 7.500000000000000000e+02 7.000000000000000000e+02 6.500000000000000000e+02 6.000000000000000000e+02 5.500000000000000000e+02 5.000000000000000000e+02 4.500000000000000000e+02 4.000000000000000000e+02 3.500000000000000000e+02 3.000000000000000000e+02 2.500000000000000000e+02 2.000000000000000000e+02 1.500000000000000000e+02 1.000000000000000000e+02 5.000000000000000000e+01 5.000000000000000000e+01 5.000000000000000000e+01 5.000000000000000000e+01 5.000000000000000000e+01 1.000000000000000000e+02 1.000000000000000000e+02 1.500000000000000000e+02 1.500000000000000000e+02 2.000000000000000000e+02 3.000000000000000000e+02 1.000000000000000000e+02 5.000000000000000000e+01 1.500000000000000000e+02 2.000000000000000000e+02 2.500000000000000000e+02 3.500000000000000000e+02 3.500000000000000000e+02 4.000000000000000000e+02 1.550000000000000000e+03
1.000000000000000000e+03 1.050000000000000000e+03 2.068000000000000000e+05 1.500000000000000000e+02 1.000000000000000000e+02 5.000000000000000000e+01 5.000000000000000000e+01 5.000000000000000000e+01 5.000000000000000000e+01 5.000000000000000000e+01 5.000000000000000000e+01 5.000000000000000000e+01 5.000000000000000000e+01 5.000000000000000000e+01 5.000000000000000000e+01 5.000000000000000000e+01 5.000000000000000000e+01 1.000000000000000000e+02 1.000000000000000000e+02 1.000000000000000000e+02 1.000000000000000000e+02 1.500000000000000000e+02 1.500000000000000000e+02 2.000000000000000000e+02 2.000000000000000000e+02 2.500000000000000000e+02 3.500000000000000000e+02 1.500000000000000000e+02 5.000000000000000000e+01 1.000000000000000000e+02 2.000000000000000000e+02 2.500000000000000000e+02 3.000000000000000000e+02 4.000000000000000000e+02 4.000000000000000000e+02 4.500000000000000000e+02 1.850000000000000000e+03
1.050000000000000000e+03 1.100000000000000000e+03 2.080000000000000000e+05 5.000000000000000000e+01 5.000000000000000000e+01 1.000000000000000000e+02 1.000000000000000000e+02 1.000000000000000000e+02 1.000000000000000000e+02 1.000000000000000000e+02 1.000000000000000000e+02 1.000000000000000000e+02 1.000000000000000000e+02 1.000000000000000000e+02 1.000000000000000000e+02 1.000000000000000000e+02 1.500000000000000000e+02 1.500000000000000000e+02 1.500000000000000000e+02 1.500000000000000000e+02 2.000000000000000000e+02 2.000000000000000000e+02 2.500000000000000000e+02 2.500000000000000000e+02 3.000000000000000000e+02 4.000000000000000000e+02 2.000000000000000000e+02 1.000000000000000000e+02 5.000000000000000000e+01 1.500000000000000000e+02 2.500000000000000000e+02 3.000000000000000000e+02 3.500000000000000000e+02 4.500000000000000000e+02 4.500000000000000000e+02 5.000000000000000000e+02 2.150000000000000000e+03
1.000000000000000000e+03 1.050000000000000000e+03 2.101500000000000000e+05 1.000000000000000000e+02 1.500000000000000000e+02 1.500000000000000000e+02 1.500000000000000000e+02 1.500000000000000000e+02 1.500000000000000000e+02 1.500000000000000000e+02 1.500000000000000000e+02 1.500000000000000000e+02 1.500000000000000000e+02 1.500000000000000000e+02 1.500000000000000000e+02 2.000000000000000000e+02 2.000000000000000000e+02 2.000000000000000000e+02 2.000000000000000000e+02 2.500000000000000000e+02 2.500000000000000000e+02 3.000000000000000000e+02 3.000000000000000000e+02 3.500000000000000000e+02 4.500000000000000000e+02 2.500000000000000000e+02 1.500000000000000000e+02 5.000000000000000000e+01 1.000000000000000000e+02 2.000000000000000000e+02 3.000000000000000000e+02 3.500000000000000000e+02 4.000000000000000000e+02 5.000000000000000000e+02 5.000000000000000000e+02 5.500000000000000000e+02 2.450000000000000000e+03
1.000000000000000000e+03 1.050000000000000000e+03 5.000000000000000000e+01 2.107000000000000000e+05 2.000000000000000000e+02 2.000000000000000000e+02 2.000000000000000000e+02 2.000000000000000000e+02 2.000000000000000000e+02 2.000000000000000000e+02 2.000000000000000000e+02 2.000000000000000000e+02 2.000000000000000000e+02 2.000000000000000000e+02 2.500000000000000000e+02 2.500000000000000000e+02 2.500000000000000000e+02 2.500000000000000000e+02 3.000000000000000000e+02 3.000000000000000000e+02 3.500000000000000000e+02 3.500000000000000000e+02 4.000000000000000000e+02 5.000000000000000000e+02 3.000000000000000000e+02 2.000000000000000000e+02 1.000000000000000000e+02 5.000000000000000000e+01 1.500000000000000000e+02 2.500000000000000000e+02 5.000000000000000000e+01 7.000000000000000000e+02 4.500000000000000000e+02 5.500000000000000000e+02 5.500000000000000000e+02 6.000000000000000000e+02 2.750000000000000000e+03
9.500000000000000000e+02 1.000000000000000000e+03 1.050000000000000000e+03 2.120500000000000000e+05 2.500000000000000000e+02 2.500000000000000000e+02 2.500000000000000000e+02 2.500000000000000000e+02 2.500000000000000000e+02 2.500000000000000000e+02 2.500000000000000000e+02 2.500000000000000000e+02 2.500000000000000000e+02 3.000000000000000000e+02 3.000000000000000000e+02 3.000000000000000000e+02 3.000000000000000000e+02 3.500000000000000000e+02 3.500000000000000000e+02 4.000000000000000000e+02 4.000000000000000000e+02 4.500000000000000000e+02 5.500000000000000000e+02 3.500000000000000000e+02 2.500000000000000000e+02 1.500000000000000000e+02 1.000000000000000000e+02 5.000000000000000000e+01 2.000000000000000000e+02 5.000000000000000000e+01 3.500000000000000000e+02 7.500000000000000000e+02 5.000000000000000000e+02 6.000000000000000000e+02 6.000000000000000000e+02 3.400000000000000000e+03 4.000000000000000000e+02
9.500000000000000000e+02 1.000000000000000000e+03 1.050000000000000000e+03 2.142000000000000000e+05 3.000000000000000000e+02 3.000000000000000000e+02 3.000000000000000000e+02 3.000000000000000000e+02 3.000000000000000000e+02 3.000000000000000000e+02 3.000000000000000000e+02 3.000000000000000000e+02 3.500000000000000000e+02 3.500000000000000000e+02 3.500000000000000000e+02 3.500000000000000000e+02 4.000000000000000000e+02 4.000000000000000000e+02 4.500000000000000000e+02 4.500000000000000000e+02 5.000000000000000000e+02 6.000000000000000000e+02 4.000000000000000000e+02 3.000000000000000000e+02 2.000000000000000000e+02 1.500000000000000000e+02 1.000000000000000000e+02 5.000000000000000000e+01 2.500000000000000000e+02 1.000000000000000000e+02 5.000000000000000000e+01 1.150000000000000000e+03 5.500000000000000000e+02 6.500000000000000000e+02 6.500000000000000000e+02 3.850000000000000000e+03 3.500000000000000000e+02
9.500000000000000000e+02 1.000000000000000000e+03 1.050000000000000000e+03 5.000000000000000000e+01 2.152500000000000000e+05 3.500000000000000000e+02 3.500000000000000000e+02 3.500000000000000000e+02 3.500000000000000000e+02 3.500000000000000000e+02 3.500000000000000000e+02 4.000000000000000000e+02 4.000000000000000000e+02 4.000000000000000000e+02 4.000000000000000000e+02 4.500000000000000000e+02 4.500000000000000000e+02 5.000000000000000000e+02 5.000000000000000000e+02 5.500000000000000000e+02 6.500000000000000000e+02 4.500000000000000000e+02 3.500000000000000000e+02 2.500000000000000000e+02 2.000000000000000000e+02 1.500000000000000000e+02 1.000000000000000000e+02 5.000000000000000000e+01 3.000000000000000000e+02 5.000000000000000000e+01 1.500000000000000000e+02 1.250000000000000000e+03 6.000000000000000000e+02 7.000000000000000000e+02 7.000000000000000000e+02 4.250000000000000000e+03 3.500000000000000000e+02
9.000000000000000000e+02 9.500000000000000000e+02 1.000000000000000000e+03 1.050000000000000000e+03 2.174000000000000000e+05 4.000000000000000000e+02 4.000000000000000000e+02 4.000000000000000000e+02 4.000000000000000000e+02 4.000000000000000000e+02 4.500000000000000000e+02 4.500000000000000000e+02 4.500000000000000000e+02 4.500000000000000000e+02 5.000000000000000000e+02 5.000000000000000000e+02 5.500000000000000000e+02 5.500000000000000000e+02 6.000000000000000000e+02 7.000000000000000000e+02 5.000000000000000000e+02 4.000000000000000000e+02 3.000000000000000000e+02 2.500000000000000000e+02 2.000000000000000000e+02 1.500000000000000000e+02 5.000000000000000000e+01 1.000000000000000000e+02 5.000000000000000000e+01 4.000000000000000000e+02 5.000000000000000000e+01 1.450000000000000000e+03 6.500000000000000000e+02 7.500000000000000000e+02 7.500000000000000000e+02 4.650000000000000000e+03 4.500000000000000000e+02
9.000000000000000000e+02 9.500000000000000000e+02 1.000000000000000000e+03 1.050000000000000000e+03 5.000000000000000000e+01 2.194000000000000000e+05 4.500000000000000000e+02 4.500000000000000000e+02 4.500000000000000000e+02 5.000000000000000000e+02 5.000000000000000000e+02 5.000000000000000000e+02 5.000000000000000000e+02 5.500000000000000000e+02 5.500000000000000000e+02 6.000000000000000000e+02 6.000000000000000000e+02 6.500000000000000000e+02 7.500000000000000000e+02 5.500000000000000000e+02 4.500000000000000000e+02 3.500000000000000000e+02 3.000000000000000000e+02 2.500000000000000000e+02 2.000000000000000000e+02 1.000000000000000000e+02 5.000000000000000000e+01 1.500000000000000000e+02 5.000000000000000000e+01 1.000000000000000000e+02 4.500000000000000000e+02 1.550000000000000000e+03 7.000000000000000000e+02 8.000000000000000000e+02 8.000000000000000000e+02 5.150000000000000000e+03 4.000000000000000000e+02
9.000000000000000000e+02 9.500000000000000000e+02 1.000000000000000000e+03 1.050000000000000000e+03 1.100000000000000000e+03 5.000000000000000000e+01 2.209000000000000000e+05 5.000000000000000000e+02 5.500000000000000000e+02 5.500000000000000000e+02 5.500000000000000000e+02 5.500000000000000000e+02 6.000000000000000000e+02 6.000000000000000000e+02 6.500000000000000000e+02 6.500000000000000000e+02 7.000000000000000000e+02 8.000000000000000000e+02 6.000000000000000000e+02 5.000000000000000000e+02 4.000000000000000000e+02 3.500000000000000000e+02 3.000000000000000000e+02 2.500000000000000000e+02 1.500000000000000000e+02 1.000000000000000000e+02 5.000000000000000000e+01 5.000000000000000000e+01 2.000000000000000000e+02 1.000000000000000000e+02 1.500000000000000000e+02 2.050000000000000000e+03 7.500000000000000000e+02 8.500000000000000000e+02 8.500000000000000000e+02 5.600000000000000000e+03 4.000000000000000000e+02
9.000000000000000000e+02 9.500000000000000000e+02 1.000000000000000000e+03 1.050000000000000000e+03 1.100000000000000000e+03 1.150000000000000000e+03 2.319500000000000000e+05 9.850000000000000000e+03 9.250000000000000000e+03 8.650000000000000000e+03 8.050000000000000000e+03 7.450000000000000000e+03 6.800000000000000000e+03 6.150000000000000000e+03 5.450000000000000000e+03 4.750000000000000000e+03 4.000000000000000000e+03 3.150000000000000000e+03 2.500000000000000000e+03 1.950000000000000000e+03 1.500000000000000000e+03 1.100000000000000000e+03 7.500000000000000000e+02 4.500000000000000000e+02 2.500000000000000000e+02 1.000000000000000000e+02 5.000000000000000000e+01 5.000000000000000000e+01 1.000000000000000000e+02 2.500000000000000000e+02 1.500000000000000000e+02 2.250000000000000000e+03 8.000000000000000000e+02 9.000000000000000000e+02 9.000000000000000000e+02 6.050000000000000000e+03 5.000000000000000000e+02
8.500000000000000000e+02 9.000000000000000000e+02 9.500000000000000000e+02 1.000000000000000000e+03 1.050000000000000000e+03 1.100000000000000000e+03 2.340000000000000000e+05 9.000000000000000000e+02 8.500000000000000000e+02 8.000000000000000000e+02 7.500000000000000000e+02 7.000000000000000000e+02 6.500000000000000000e+02 6.000000000000000000e+02 5.500000000000000000e+02 5.000000000000000000e+02 4.500000000000000000e+02 4.000000000000000000e+02 3.500000000000000000e+02 3.000000000000000000e+02 2.500000000000000000e+02 2.000000000000000000e+02 1.500000000000000000e+02 1.000000000000000000e+02 5.000000000000000000e+01 5.000000000000000000e+01 1.000000000000000000e+02 5.000000000000000000e+01 1.000000000000000000e+02 1.500000000000000000e+02 3.000000000000000000e+02 2.450000000000000000e+03 8.500000000000000000e+02 9.500000000000000000e+02 9.500000000000000000e+02 6.600000000000000000e+03 4.500000000000000000e+02
8.500000000000000000e+02 9.000000000000000000e+02 9.500000000000000000e+02 1.000000000000000000e+03 1.050000000000000000e+03 1.100000000000000000e+03 2.352000000000000000e+05 5.000000000000000000e+01 5.000000000000000000e+01 5.000000000000000000e+01 5.000000000000000000e+01 6.500000000000000000e+02 6.000000000000000000e+02 5.500000000000000000e+02 5.000000000000000000e+02 4.500000000000000000e+02 4.000000000000000000e+02 3.500000000000000000e+02 3.000000000000000000e+02 2.500000000000000000e+02 2.000000000000000000e+02 1.500000000000000000e+02 1.000000000000000000e+02 5.000000000000000000e+01 1.000000000000000000e+02 5.000000000000000000e+01 5.000000000000000000e+01 1.500000000000000000e+02 1.000000000000000000e+02 1.500000000000000000e+02 2.000000000000000000e+02 2.800000000000000000e+03 9.000000000000000000e+02 1.000000000000000000e+03 1.000000000000000000e+03 7.100000000000000000e+03 4.500000000000000000e+02
8.000000000000000000e+02 8.500000000000000000e+02 9.000000000000000000e+02 9.500000000000000000e+02 1.000000000000000000e+03 1.050000000000000000e+03 2.373000000000000000e+05 1.000000000000000000e+02 1.000000000000000000e+02 1.000000000000000000e+02 1.300000000000000000e+03 6.000000000000000000e+02 5.500000000000000000e+02 5.000000000000000000e+02 4.500000000000000000e+02 4.000000000000000000e+02 3.500000000000000000e+02 3.000000000000000000e+02 2.500000000000000000e+02 2.000000000000000000e+02 1.500000000000000000e+02 1.000000000000000000e+02 5.000000000000000000e+01 1.500000000000000000e+02 1.000000000000000000e+02 5.000000000000000000e+01 5.000000000000000000e+01 1.000000000000000000e+02 2.000000000000000000e+02 1.500000000000000000e+02 2.000000000000000000e+02 2.500000000000000000e+02 3.750000000000000000e+03 1.050000000000000000e+03 8.150000000000000000e+03 5.000000000000000000e+02 4.500000000000000000e+02
