output_new_topo_ddd_5/finaltopo_soil_production__rate.asc
ncols 300
nrows 100
xllcorner 0.0
yllcorner 0.0
cellsize 10.0
[rows 68 to 84 of 100, columns 185 to 221 of 300]
5.772837477338134198e-05 5.900783237288093411e-05 5.475477459726596551e-05 5.168436443291068316e-05 4.660875803295023062e-05 2.160964178975110353e-05 4.064783132047762490e-05 4.169491139267643393e-05 4.244061410658792895e-05 4.130261669486850324e-05 4.341056645301186276e-05 4.473485864595436884e-05 4.354380824967119771e-05 4.647832995052494844e-05 4.840633434290238701e-05 5.073504912058159305e-05 5.608648603376427231e-05 6.340788450335479336e-05 5.860920870501713640e-05 5.245792636842922082e-05 5.617051752363335580e-05 5.919577152411724928e-05 6.322390034923191073e-05 6.869754854297282760e-05 5.933621132316685366e-05 6.889971491688680436e-05 6.368375751348112103e-05 5.986629592691677975e-05 5.700673772036164884e-05 5.355562465663584967e-05 6.507744839659666814e-05 6.509813846554316863e-05 4.462273687284833699e-05 6.599024570115528672e-05 5.989353164248666393e-05 4.147779804435849785e-05 6.496195656667681079e-05
6.024611547881714743e-05 5.311625592480512237e-05 5.468243235078844701e-05 5.159917953371715560e-05 4.956992361308770978e-05 2.121954006409180687e-05 4.164688322392005393e-05 4.187774378720402678e-05 4.070933034562680892e-05 4.251644186433547616e-05 4.358557517471641185e-05 4.241888965877210706e-05 4.495699695740459873e-05 4.657046984377454630e-05 4.848135092313131855e-05 5.274001078460468839e-05 5.771251916837685363e-05 6.430550545301047581e-05 5.585497802501980101e-05 5.069098868023500941e-05 5.381635607264126934e-05 5.621249001048562777e-05 5.932686375342040573e-05 6.331330424201640859e-05 6.865217591345938318e-05 5.794947621320015022e-05 6.973397477450103048e-05 6.469818835712972142e-05 6.073422064868810063e-05 5.765364490380328421e-05 5.455682274479275627e-05 4.715537813594171260e-05 6.610524112196772056e-05 6.045043536746940349e-05 4.493461837925654670e-05 6.504272562764361603e-05 4.451880562210736481e-05
5.983739308481971593e-05 5.537785043503261876e-05 4.998042834076831052e-05 5.162527137825252628e-05 4.970187147406618692e-05 2.099249112420006300e-05 4.185518275833556296e-05 4.028887476622835070e-05 4.184419275754210006e-05 4.269979342668162048e-05 4.153013564538072128e-05 4.372336912457007679e-05 4.508057775437123631e-05 4.668719255046372118e-05 5.022117039515590386e-05 5.391926974714197820e-05 5.834848174450914336e-05 6.540695495095528392e-05 5.362618240381717988e-05 4.913919795303710520e-05 5.182606783810852488e-05 5.375123679118396517e-05 5.621570345257582881e-05 5.925055510326052122e-05 6.308026609333990706e-05 6.831094265725443451e-05 5.644539840809409875e-05 7.012142769432699104e-05 6.976776660146199549e-05 6.504181986974231719e-05 6.111565107236713497e-05 6.728278350322118887e-05 6.172038613177160222e-05 4.992742231414173758e-05 6.563523635619002237e-05 4.741312204783811214e-05 6.495472010223005783e-05
5.954687710921349525e-05 5.520963963422453945e-05 5.201244087152661223e-05 4.777383746225999893e-05 4.980977605809761011e-05 2.079167779544624866e-05 4.048285545957093436e-05 4.134090930002377992e-05 4.201844850557892499e-05 4.084659739986342552e-05 4.273755761464431967e-05 4.386310164021542613e-05 4.521779285366219717e-05 4.822757679191354524e-05 5.114219801138860961e-05 5.443528830993644768e-05 5.892952195207299781e-05 6.559672351951099998e-05 5.174181614260224229e-05 4.777195874344304156e-05 5.012217117088620013e-05 5.168797726939733898e-05 5.367471752683740626e-05 5.607121222418201355e-05 5.904374587033444581e-05 6.295499589445055890e-05 6.822096214533978026e-05 5.492922003105408173e-05 6.620653682090919985e-05 7.115041957930993001e-05 6.598394475690949948e-05 6.174664944140502009e-05 5.773145282540914121e-05 6.671825937375072896e-05 5.181802564527970026e-05 6.578159362421990186e-05 4.862144159196679053e-05
5.602983464182492783e-05 5.511481783397731952e-05 5.198528512884173177e-05 4.962973428425013862e-05 4.679356873284953595e-05 2.054386816495996199e-05 4.134916393210213233e-05 4.148515456532714436e-05 4.032055792890540760e-05 4.196599295470508786e-05 4.288363782482108546e-05 4.400892603958200127e-05 4.659884992620499402e-05 4.897706433027240736e-05 5.160457282734414136e-05 5.498890627152163682e-05 6.447592001954184139e-05 6.129011395774648261e-05 5.022934570182634672e-05 4.657757578724423662e-05 4.864988223260496511e-05 4.994214898301866805e-05 5.157624013235409408e-05 5.354728532308261873e-05 5.597038384388490067e-05 5.897355527289682172e-05 6.277706411420705206e-05 6.803098161706185650e-05 5.289712670527634220e-05 6.250921695934817256e-05 7.238562265043169467e-05 6.701474479811736474e-05 6.285818779115055007e-05 5.841662023373367358e-05 6.711267914759439456e-05 5.366778373318084480e-05 6.589605213198505623e-05
5.612880612363099785e-05 5.245831773597970304e-05 5.201196042374435258e-05 4.967440251329850888e-05 4.830219740346674797e-05 2.037133585995306776e-05 4.154445737508367600e-05 3.993633823982424298e-05 4.136485091629619765e-05 4.211157944955424713e-05 4.303125334278713960e-05 4.526144348755817938e-05 4.722709322374193160e-05 4.939244823722097852e-05 5.207021980898305524e-05 5.886935630951079456e-05 6.580662659458771208e-05 5.829095288137780574e-05 4.893638216766348916e-05 4.553311023923501001e-05 4.737152068055812187e-05 4.845293216565567591e-05 4.982611566602950935e-05 5.148605408382110220e-05 5.349228915050189761e-05 5.589430401708046894e-05 5.885115607938342931e-05 6.260004525170280638e-05 6.762904816095573202e-05 4.899122448318671768e-05 7.025993110705497575e-05 7.235871745980783278e-05 7.148633624581680695e-05 6.639013197897393925e-05 6.146575916111525983e-05 6.764351939845938478e-05 5.354710196112943423e-05
5.611144605562194178e-05 5.262904947154287697e-05 4.994566954513852649e-05 4.981471615534750920e-05 4.848963449624880457e-05 2.022983442453510903e-05 4.022498111764852936e-05 4.092411658709933938e-05 4.150502570906013496e-05 4.225403073914426119e-05 4.417581198052185831e-05 4.580051022937355108e-05 4.761374708202449857e-05 4.981620499310646593e-05 5.509157293938916731e-05 5.940822364520078572e-05 6.653662429568416015e-05 5.590373880397446992e-05 4.782634674007460619e-05 4.461784253252926142e-05 4.625817369469900126e-05 4.717409801165385272e-05 4.834800833319480984e-05 4.976673786055585565e-05 5.144854150194428348e-05 5.343533333544981106e-05 5.584248254441457395e-05 5.881680455187445730e-05 6.276315246500880718e-05 4.634197853142024232e-05 6.468708630026406684e-05 7.000094104996327658e-05 6.851747498768708943e-05 7.243661515317871688e-05 6.752380636243524926e-05 6.215210823544434020e-05 6.848033512995156235e-05
5.614744452653123579e-05 5.275822224807446203e-05 5.019127320550766341e-05 4.819435749829949087e-05 4.873264751207581825e-05 2.011322829647155946e-05 4.106860777458861225e-05 4.103932447705502495e-05 4.163350311578918226e-05 4.330256676715158891e-05 4.464008858188204306e-05 4.615633086993664288e-05 4.800573127294043452e-05 5.235336886593807044e-05 5.567466691776573904e-05 6.495589538428555882e-05 6.205645941279512264e-05 5.395265336590565044e-05 4.682136690425109247e-05 4.380479179126585637e-05 4.528307285942276608e-05 4.606874668378459979e-05 4.708500772718328056e-05 4.830995864054288443e-05 4.974132644798503496e-05 5.142326000967629773e-05 5.343721327346405116e-05 5.590455446058566528e-05 5.909509015844142477e-05 4.450141719091964103e-05 6.053068616267083578e-05 6.438300822258633189e-05 6.965800384723480306e-05 6.480892263952059082e-05 7.201066613711344330e-05 7.212041544364065091e-05 6.639916501679315704e-05
5.621987627091370451e-05 5.291749998299911646e-05 5.042261068494302979e-05 4.851664387486693094e-05 4.753350049676078291e-05 2.001422199852336315e-05 4.120046562194924631e-05 4.115333143906466052e-05 4.259609924081611635e-05 4.370197409645763689e-05 4.496103211858798671e-05 4.650622624480605039e-05 5.016299830329061797e-05 5.282516387755765904e-05 5.959770472525753907e-05 6.660589976428594897e-05 5.884541467958278948e-05 5.223642016448490268e-05 4.589581554710157874e-05 4.307406670637171697e-05 4.442207964347235494e-05 4.510678226462534144e-05 4.599538913436942398e-05 4.706276791807207163e-05 4.829963070365617112e-05 4.974628705937872349e-05 5.146511662478537972e-05 5.355461628131865016e-05 5.620741908069482165e-05 4.308967319640010098e-05 5.729231205280748286e-05 6.027434728882186539e-05 6.410213740133040251e-05 6.921968210921899110e-05 5.988408353242965555e-05 7.164711697807750696e-05 7.122412195679494475e-05
5.630414469034220840e-05 5.309196735495528462e-05 5.066709413004567825e-05 4.880060336912235200e-05 4.783650044628479564e-05 1.993331792135979790e-05 4.133027239820109464e-05 4.204404628760924963e-05 4.294086486818434487e-05 4.399042551341111797e-05 4.527602495176533603e-05 4.838338358153903695e-05 5.055639235719132808e-05 5.581500742518486348e-05 6.016441578747103088e-05 6.801585748205366986e-05 5.653699600503567186e-05 5.081054139357376031e-05 4.505867788538706650e-05 4.241522156046393808e-05 4.365734240370019320e-05 4.426406389169393243e-05 4.504836952040292350e-05 4.598726971719727851e-05 4.707045726591685777e-05 4.833082393595919358e-05 4.981843147117119986e-05 5.161397321876117687e-05 5.385851785532610379e-05 4.195913346098806577e-05 5.468615036776334359e-05 5.709268590346030560e-05 6.010991014322552536e-05 6.401077146635763941e-05 5.587697773817189772e-05 7.007754703883255383e-05 6.625264306814771138e-05
5.159500368642355191e-05 5.326636424641059556e-05 5.092802596080634429e-05 4.910962719443578495e-05 4.816344204668320639e-05 1.990064793153662587e-05 4.215913847017488869e-05 4.234807977469763244e-05 4.319903765539244645e-05 4.427385523601526818e-05 4.694189072210682047e-05 4.875168506144037011e-05 5.308379459666952212e-05 5.645196718443961227e-05 6.521027104031471141e-05 6.392789493544072214e-05 5.477308915479892591e-05 4.960372358596767272e-05 4.430913579137623655e-05 4.182208271589671382e-05 4.297541776809454697e-05 4.352167712494171430e-05 4.422073821961478479e-05 4.505476536298611543e-05 4.601418105507119421e-05 4.712397275794247742e-05 4.842613283560652152e-05 4.998644463930795612e-05 5.191502213725428976e-05 4.103033793643341275e-05 5.254291004409439601e-05 5.453371184949893741e-05 5.699190356637055257e-05 6.008634369234440767e-05 5.301303392887876523e-05 6.449727449932489800e-05 6.964991635991399864e-05
5.368214110307624340e-05 4.943587388511621087e-05 5.119784698602665489e-05 4.948502808426338102e-05 4.858929985149303962e-05 1.990942651119244466e-05 4.246924487442207296e-05 4.258240988938427483e-05 4.344859483608720766e-05 4.576070222951424555e-05 4.727575757757747013e-05 5.092995480598166091e-05 5.364411465437564412e-05 6.014896339045835831e-05 6.780831198779738460e-05 6.007457942886135823e-05 5.306184136955270208e-05 4.852109577096685934e-05 4.363243228076910785e-05 4.128798671423057842e-05 4.236588549024555915e-05 4.286484776073434919e-05 4.349449110215988866e-05 4.424271860473672478e-05 4.510076368975755591e-05 4.608713821971884071e-05 4.723760181007252153e-05 4.860685112047955718e-05 5.028383689316398081e-05 4.025547999831878158e-05 5.075223334327368352e-05 5.242666322625064813e-05 5.447093217872553894e-05 5.699424548060233399e-05 5.077932739582704521e-05 6.044642626056936653e-05 6.427924360969946920e-05
5.357708221566414609e-05 5.125036625850660870e-05 4.803351937599391249e-05 4.994542520369713907e-05 4.918608675447265786e-05 1.997857041290063685e-05 4.265350468290888733e-05 4.280009492806871873e-05 4.476775225014267042e-05 4.603741756250648320e-05 4.918053535739493054e-05 5.144789097031123216e-05 5.661236439599913971e-05 6.147021234262612743e-05 6.860861150999553138e-05 5.728794400296026955e-05 5.150302508529492327e-05 4.752362866119213994e-05 4.301308523066604730e-05 4.080552348003092230e-05 4.182027915661778712e-05 4.228178511366107904e-05 4.285530081936417843e-05 4.353308274955748912e-05 4.430707576729405128e-05 4.519124570562475237e-05 4.621642269944106155e-05 4.742689877834316216e-05 4.890034691334373048e-05 3.960282190744324605e-05 4.923879313577730904e-05 5.066477435041582135e-05 5.239230445920401211e-05 5.449099942628354848e-05 4.897275813150219528e-05 5.726896509982252212e-05 6.023569326100392343e-05
5.340031718098140731e-05 5.109932269909256539e-05 4.959304357511232035e-05 4.748890351979503618e-05 5.009877700343813307e-05 2.018833874743593859e-05 4.292388749437589767e-05 4.397055649081947046e-05 4.491879034868710322e-05 4.768245878538754416e-05 4.965718837997022862e-05 5.404404807384216824e-05 5.781228163729398628e-05 6.737777874748148723e-05 6.388313113110426417e-05 5.509727263976696177e-05 5.010848001878055854e-05 4.659902340232842741e-05 4.244072446694578481e-05 4.036787933247899818e-05 4.133110362047128124e-05 4.176331128195390750e-05 4.229156055175797743e-05 4.291124450665263925e-05 4.361493311955728263e-05 4.441360223648066529e-05 4.533366588705970627e-05 4.641163484530813843e-05 4.771732165337800219e-05 3.904996659805682897e-05 4.794858594905528336e-05 4.917505350025931301e-05 5.065288595764613598e-05 5.242989628745414927e-05 4.746961145859504252e-05 5.471400086943474435e-05 5.717143085374132782e-05
5.319233645054744381e-05 5.082008180133207694e-05 4.919335930970534246e-05 4.871242593374995752e-05 4.946304222065341647e-05 2.082091704762341000e-05 4.440590052988504952e-05 4.377792206372570379e-05 4.626149253619260006e-05 4.813011615245905831e-05 5.190642979169438840e-05 5.536011572908072922e-05 6.225558351309569069e-05 6.905618298113334885e-05 6.031321914871697195e-05 5.323376634661742076e-05 4.886425453777395393e-05 4.574539608607422757e-05 4.191043072941928494e-05 3.996985621929047180e-05 4.089207474825436704e-05 4.130192376670260715e-05 4.179373751453385066e-05 4.236527226857913391e-05 4.300975931096061186e-05 4.373622743260684848e-05 4.456726017782602911e-05 4.553359330285436168e-05 4.669929391592991206e-05 3.858028209893060696e-05 4.684134254178978112e-05 4.790468636570663488e-05 4.918079668890928139e-05 5.070202720125144763e-05 4.620521954586076871e-05 5.261174098207377613e-05 5.467792327226229828e-05
4.894335156276662574e-05 5.056905408839632878e-05 4.860182340131274735e-05 4.725758695155090543e-05 5.010400631643243031e-05 2.155976558849966805e-05 3.276308369870260931e-05 3.631007052243309077e-05 4.015255475902440113e-05 4.626849342309055847e-05 5.506411022490300999e-05 5.939043021057349708e-05 6.336508344249693124e-05 6.883625814270898037e-05 5.749975786588056568e-05 5.162990553229325664e-05 4.776021933230265585e-05 4.496420945843246277e-05 4.142089337292394376e-05 3.960803750502690015e-05 4.049809109163237639e-05 4.089141439348506057e-05 4.135392656175873046e-05 4.188534235651016221e-05 4.247967090076744059e-05 4.314464793921720526e-05 4.389971399030078239e-05 4.477138188841372986e-05 4.581859688467361871e-05 3.818091468171559970e-05 4.588609971499705664e-05 4.681409275902106835e-05 4.792448921734219130e-05 4.924026496634118183e-05 4.512628075312695181e-05 5.084957043950193666e-05 5.260158848724722088e-05
5.057405244359731023e-05 4.699218399058310445e-05 4.852222116372358637e-05 4.557368696983684996e-05 4.147948244189091435e-05 1.960439684343499923e-05 6.032093470233478331e-05 6.618708384252276321e-05 6.723704425697288995e-05 6.692412665403861419e-05 5.626872535464331722e-05 5.978145987199396261e-05 6.918898992325326226e-05 6.384850584857799363e-05 5.525097618063476104e-05 5.023240490788669576e-05 4.677977828511554087e-05 4.425470034150972014e-05 4.097202909839447717e-05 3.928031792891980710e-05 4.014510498080446811e-05 4.052660760361435194e-05 4.096551883920208220e-05 4.146329193752206177e-05 4.201484597167505779e-05 4.262704392012622693e-05 4.331686301568414728e-05 4.410770999738608875e-05 4.505363104176505660e-05 3.784168205207351002e-05 4.505851567399654043e-05 4.587274768644400533e-05 4.684500078722176507e-05 4.799230881124471405e-05 4.419750329736853422e-05 4.935485773463621500e-05 5.086539653863819698e-05
